1 1.0000000000000 1.0000000000000
2 0.9696969696970 1.0000000000000
3 1.0000000000000 0.9696969696970
4 0.9785474782471 0.9785474782471
5 0.9638385791505 0.9849960067752
6 0.9840136302176 0.9615640072235
7 0.9393939393939 1.0000000000000
8 1.0000000000000 0.9393939393939
9 0.9570949564941 0.9570949564942
10 0.9432712895074 0.9764405420786
11 0.9736206469107 0.9368618101653
12 0.9090909090909 1.0000000000000
13 1.0000000000000 0.9090909090909
14 0.9356424347412 0.9356424347412
15 0.9136123442415 0.9636141729917
16 0.9767806879271 0.9082537363366
17 0.9504340857809 0.9192941071999
18 0.9595970045276 0.9051664777517
19 0.9329590884201 0.8998746612119
20 0.9739879317462 0.8822647034089
21 0.8825587973643 0.9702949658889
22 0.8787878787879 1.0000000000000
23 1.0000000000000 0.8787878787879
24 0.9141899129883 0.9141899129883
25 0.8967543694761 0.9361716715980
26 0.9515762398748 0.8879515897187
27 0.8810855775976 0.9493686283573
28 0.8560490138674 0.9688258880119
29 0.9399730826196 0.8654728601011
30 0.8771747884499 0.9178443231252
31 0.8639435659525 0.9416392475851
32 0.9156760734632 0.8783115740590
33 0.9676688101261 0.8544192888067
34 0.8484848484848 1.0000000000000
35 1.0000000000000 0.8484848484848
36 0.8927373912354 0.8927373912354
37 0.8408309937587 0.9309733572132
38 0.8288171722974 0.9644528607493
39 0.9251057320720 0.8417136338991
40 0.8552638271357 0.9008289820823
41 0.8974493048572 0.8564798608783
42 0.8181818181818 1.0000000000000
43 1.0000000000000 0.8181818181818
44 0.8712848694824 0.8712848694825
45 0.9566230559099 0.8230974465510
46 0.9296150204288 0.8121455007181
47 0.9065168244176 0.8221312293466
48 0.8143772008180 0.9190317687955
49 0.8785864087827 0.8353913433680
50 0.7995627537419 0.9586107389461
51 0.8315912846293 0.8834333697594
52 0.7878787878788 1.0000000000000
53 1.0000000000000 0.7878787878788
54 0.8498323477295 0.8498323477295
55 0.9609705592874 0.7903100726884
56 0.9262464316190 0.7913844093827
57 0.8933673078572 0.7997195866843
58 0.8605471581266 0.8131219355178
59 0.7846938303668 0.9043920116829
60 0.8068359066587 0.8646934494337
61 0.7671778539733 0.9509583262397
62 0.7575757575758 1.0000000000000
63 1.0000000000000 0.7575757575758
64 0.8283798259766 0.8283798259766
65 0.9612392369786 0.7601108250002
66 0.9220149091315 0.7638296493324
67 0.8807000679256 0.7724173556163
68 0.8426962194774 0.7893723653457
69 0.7811722063956 0.8428374352062
70 0.7272727272727 1.0000000000000
71 1.0000000000000 0.7272727272727
72 0.8069273042236 0.8069273042237
73 0.9606100814039 0.7294579828639
74 0.7492420309386 0.8833813850203
75 0.9183565022711 0.7323540166231
76 0.7258800406875 0.9406364132730
77 0.8231122043904 0.7646845172790
78 0.8658250396364 0.7369924329581
79 0.7616835837613 0.8163476021473
80 0.7863919447598 0.7863919447598
81 0.6969696969697 1.0000000000000
82 1.0000000000000 0.6969696969697
83 0.9622994054043 0.6977990144436
84 0.7176522428845 0.8841667550276
85 0.7338764739036 0.8436453667346
86 0.9234464391878 0.6982569873991
87 0.6875352524646 0.9600841652530
88 0.6977905644620 0.9084472854611
89 0.7970241257319 0.7452801313270
90 0.7050051745498 0.8599154068654
91 0.8807639769285 0.6951328277894
92 0.7667903834443 0.7667903834444
93 0.7431376390186 0.7916501895154
94 0.8244585751023 0.7188787876617
95 0.6666666666667 1.0000000000000
96 1.0000000000000 0.6666666666667
97 0.9651411010256 0.6665113905415
98 0.7177866937294 0.8140216839971
99 0.6687599934560 0.9285872195604
100 0.9298551694347 0.6652364500118
101 0.6585312787453 0.9711130281785
102 0.6770030637459 0.8789981359502
103 0.6897515392393 0.8317143516743
104 0.7732754473975 0.7290090130800
105 0.8943273591728 0.6609736602507
106 0.8384032952279 0.6827545338517
107 0.7481223433122 0.7481223433123
108 0.7952392524603 0.7081080192326
109 0.7262898951393 0.7694410884729
110 0.6458752399905 0.9473440993903
111 0.6363636363636 1.0000000000000
112 1.0000000000000 0.6363636363636
113 0.9678646483016 0.6360480829282
114 0.8087450492908 0.6883494837391
115 0.7017615253493 0.7883812912591
116 0.6336661815331 0.9767129436798
117 0.9358545942310 0.6349013833308
118 0.6434571425804 0.8981624237466
119 0.6613050056992 0.8490033128727
120 0.6309171939314 0.9591490565588
121 0.8606037242698 0.6498666833780
122 0.7525979732073 0.7126753784363
123 0.9043047256135 0.6314593446353
124 0.7735456790731 0.6935429377622
125 0.6729942912595 0.8042674786267
126 0.7303815498920 0.7303815498920
127 0.6243601774544 0.9296825472415
128 0.7102318953044 0.7491750929455
129 0.6402008526012 0.8662170661516
130 0.7925926001843 0.6741858981331
131 0.6878407362752 0.7655393141817
132 0.6123956515134 0.9531895463930
133 0.8148053806068 0.6562374095634
134 0.6079602117434 0.9758621445162
135 0.6060606060606 1.0000000000000
136 1.0000000000000 0.6060606060606
137 0.9698117138280 0.6061135429519
138 0.8742784217842 0.6230741481772
139 0.9397363879527 0.6055958204271
140 0.8354058208943 0.6326643912323
141 0.6628338453960 0.7783173095156
142 0.7334968857961 0.6960188700929
143 0.7135563647997 0.7135563647997
144 0.6374347208158 0.8192485253334
145 0.7531822731940 0.6768058355418
146 0.9098301459256 0.6030284305662
147 0.6946264113184 0.7306242610274
148 0.6060067240906 0.8864602440178
149 0.7723064317064 0.6559840355922
150 0.6150143935201 0.8515007027935
151 0.5951983007956 0.9195582938324
152 0.6738717400704 0.7453412170108
153 0.8499172644447 0.6119019809921
154 0.5860236489516 0.9477911699101
155 0.8815438585216 0.5977351867898
156 0.7926732451204 0.6343699715305
157 0.5798646208026 0.9740470942949
158 0.6364241870986 0.7863113963313
159 0.6528765815613 0.7575899655210
160 0.5757575757576 1.0000000000000
161 1.0000000000000 0.5757575757576
162 0.9705524563647 0.5759225311743
163 0.6976304334867 0.6976304334867
164 0.7155501467395 0.6797391328808
165 0.9411951123098 0.5757106017337
166 0.6794366085762 0.7135848055431
167 0.8138737978452 0.6124028973865
168 0.7331061984757 0.6599608798185
169 0.8317456661855 0.6015263431685
170 0.8562947433278 0.5903301699222
171 0.9118825864071 0.5745311693936
172 0.6601432311266 0.7276113273131
173 0.6324378502261 0.7655884570971
174 0.7500569356703 0.6374542375767
175 0.6014357265015 0.8051597360430
176 0.6408984536003 0.7394197517662
177 0.8830201629938 0.5717357806288
178 0.6125628614929 0.7825090981794
179 0.5637476000606 0.9131713785407
180 0.5708158125117 0.8776279135166
181 0.5566642393173 0.9439477881505
182 0.6175435045153 0.7686438531301
183 0.6825833310969 0.6825833310970
184 0.5505341401586 0.9725659245398
185 0.6984724494372 0.6648658094557
186 0.8605259461115 0.5704977905941
187 0.6647513010420 0.6974020376787
188 0.8307089959625 0.5812416713036
189 0.7684795706108 0.6121433798054
190 0.6230553741426 0.7490790694054
191 0.5763589243512 0.8354071108983
192 0.5454545454545 1.0000000000000
193 1.0000000000000 0.5454545454545
194 0.9706972719791 0.5457306390356
195 0.7132418487386 0.6450391301445
196 0.6462514509649 0.7104595588035
197 0.9411738150752 0.5456575453898
198 0.6075408303843 0.7580665766200
199 0.9108265314132 0.5450994328297
200 0.6281626988567 0.7224875519524
201 0.7943634737570 0.5836127641847
202 0.5948480278562 0.7699214072132
203 0.7263514482163 0.6221942189802
204 0.6683911928712 0.6683911928712
205 0.6113443623600 0.7332414921384
206 0.6823568029668 0.6514646659896
207 0.8771226210528 0.5441657540686
208 0.6510284180242 0.6816082301986
209 0.5792410756819 0.7850369174937
210 0.5319382792819 0.9105214198268
211 0.6947034652715 0.6332128146670
212 0.5263248247921 0.9417311042958
213 0.8404321005796 0.5494974079391
214 0.6323978330171 0.6939088294136
215 0.5954415734066 0.7435208299193
216 0.5362708068011 0.8767664174395
217 0.5205953799904 0.9714755342897
218 0.6151170087532 0.7061462370660
219 0.7368246278954 0.5931365459297
220 0.5151515151515 1.0000000000000
221 1.0000000000000 0.5151515151515
222 0.5573759919215 0.8013800066006
223 0.9705666837389 0.5153934013822
224 0.7049083501010 0.6137725596906
225 0.5804565055934 0.7541796328857
226 0.6550273180765 0.6550273180765
227 0.9405980000908 0.5149749245189
228 0.5371526973011 0.8413671955375
229 0.5989126141371 0.7173959132598
230 0.6673710316028 0.6392610161057
231 0.6385733451667 0.6667308608307
232 0.8001158833956 0.5474024527134
233 0.9091683368642 0.5134395148088
234 0.5637351485666 0.7655799752970
235 0.7574685902467 0.5675648203613
236 0.6781538386921 0.6227379063323
237 0.5832259618007 0.7277977635304
238 0.7115156218120 0.5939187764768
239 0.6182014960373 0.6759953032183
240 0.6870628651042 0.6057644286383
241 0.6015613700785 0.6906033283665
242 0.5678012725443 0.7376963191132
243 0.8742116892245 0.5103303948768
244 0.6424627389236 0.6424627389237
245 0.6303061150635 0.6536754335893
246 0.5299996666887 0.8102412760074
247 0.5008439843248 0.9092681262784
248 0.5442472105371 0.7765325266565
249 0.4958685360876 0.9404345728652
250 0.6532030697466 0.6280741018853
251 0.6195059943119 0.6618771858512
252 0.5864504804770 0.7020209477799
253 0.7103078576433 0.5799598386465
254 0.4904728190346 0.9707098583055
255 0.7213851764591 0.5723891908431
256 0.5041752133061 0.8767405143069
257 0.6938686310209 0.5889691651295
258 0.6628523882674 0.6130506053612
259 0.7669939720607 0.5412522025865
260 0.5517549314289 0.7470663894122
261 0.4848484848485 1.0000000000000
262 1.0000000000000 0.4848484848485
263 0.9705589285266 0.4851172026920
264 0.5718917801616 0.7120170637460
265 0.9409870319473 0.4849147037531
266 0.5051917107698 0.8445667756879
267 0.7328660844077 0.5549271832655
268 0.6711676200154 0.5977410868898
269 0.6101949917375 0.6553825356329
270 0.6207644217921 0.6433009926691
271 0.5989689376124 0.6668563116295
272 0.6983716844901 0.5745600141620
273 0.8310161877590 0.5058180305971
274 0.6306667482612 0.6306667482613
275 0.7978010590810 0.5174405570848
276 0.5570488310598 0.7211268543759
277 0.5870977003439 0.6776609229594
278 0.5219713669550 0.7838934874310
279 0.9101645095626 0.4826164887872
280 0.6396618399471 0.6178749054593
281 0.5339063347055 0.7552766372973
282 0.6781640553229 0.5825538602367
283 0.5745948542373 0.6877275688082
284 0.7055421358902 0.5615331955308
285 0.6483389898825 0.6040844356389
286 0.5030593764396 0.8147624654144
287 0.5417823906627 0.7293304571136
288 0.7409449286004 0.5347212359667
289 0.5614776483814 0.6969789638280
290 0.7701009521465 0.5174162566074
291 0.6839511086392 0.5681976984506
292 0.6562994003981 0.5898554904224
293 0.7129083646924 0.5456932497793
294 0.8769075782368 0.4766714745642
295 0.4654402973969 0.9396312587013
296 0.4699132745046 0.9082137665481
297 0.5477690336925 0.7053283403436
298 0.4738847229368 0.8766270602310
299 0.5148153156471 0.7616521955483
300 0.4600305198102 0.9700817832595
301 0.6631354016666 0.5760712871133
302 0.7894088605523 0.5004377141264
303 0.5255420152461 0.7363096560896
304 0.6899207541358 0.5538184109850
305 0.4990325680819 0.7887148279299
306 0.4545454545455 1.0000000000000
307 1.0000000000000 0.4545454545455
308 0.9706819984203 0.4553122207844
309 0.4763795560326 0.8453969274927
310 0.5335003026421 0.7126787062421
311 0.7458365992890 0.5145175862372
312 0.9409844480611 0.4546882080651
313 0.7194324294461 0.5284506350133
314 0.6693479406078 0.5618585084189
315 0.8003842264104 0.4863411552193
316 0.7706596829017 0.4981474358633
317 0.6955105748256 0.5386020557630
318 0.4767094077515 0.8164782781198
319 0.9114373744730 0.4525117831839
320 0.5085005534393 0.7417158163241
321 0.8406428427573 0.4668810101495
322 0.4948830074887 0.7657228411408
323 0.6748621924213 0.5473605353051
324 0.5187144540168 0.7189226465925
325 0.7239735090673 0.5105302767402
326 0.7005985178915 0.5227703001957
327 0.7483270073416 0.4954025756347
328 0.4762165214442 0.7904805177333
329 0.6796591793476 0.5326097368816
330 0.7748019115662 0.4793331970850
331 0.8817384234993 0.4449938246549
332 0.5034703251519 0.7239431139207
333 0.4394840933599 0.9073286209815
334 0.4346329845632 0.9387699199423
335 0.4909442930936 0.7454783746318
336 0.4438230782760 0.8755399030606
337 0.4294759365569 0.9695834361338
338 0.4476657486118 0.8441670031142
339 0.8063099457639 0.4597756790687
340 0.4747454187100 0.7676536101692
341 0.7044570164994 0.5064714694820
342 0.9704149927111 0.4253728451086
343 0.4242424242424 1.0000000000000
344 1.0000000000000 0.4242424242424
345 0.7273101084405 0.4927191467583
346 0.6837172095635 0.5176388353494
347 0.9408313874037 0.4260141245389
348 0.4511821770896 0.8152732018388
349 0.7510304333565 0.4765327145550
350 0.4878473619800 0.7276158326669
351 0.9129144044523 0.4255711079258
352 0.4731301580241 0.7476079477353
353 0.8909736928222 0.4255032796469
354 0.4531229346471 0.7899046071932
355 0.7777516903325 0.4569274884905
356 0.6870116008861 0.5024816516362
357 0.7075833814453 0.4899957385209
358 0.7293565359077 0.4749479961374
359 0.4544740695649 0.7674104368469
360 0.4719643829019 0.7298128563209
361 0.8476350484651 0.4252887612247
362 0.7527674856683 0.4564480947831
363 0.4079913149325 0.9059330988490
364 0.6895144183828 0.4871739362016
365 0.4036464742430 0.9379434081373
366 0.4552329057319 0.7478966842811
367 0.4125950057096 0.8733853699829
368 0.7095678878313 0.4734752637607
369 0.3988145561879 0.9692128512022
370 0.8075505328656 0.4289460254628
371 0.4173037979805 0.8403545498282
372 0.4249949550594 0.8111352769941
373 0.9698174315979 0.3951742853046
374 0.3939393939394 1.0000000000000
375 1.0000000000000 0.3939393939394
376 0.7309281489849 0.4563367710867
377 0.9388440384323 0.3963436483479
378 0.4559710376447 0.7304173942219
379 0.8786776282212 0.4046932516528
380 0.4306189704896 0.7864542723537
381 0.9084151631104 0.3982552443334
382 0.7775533426193 0.4321806761529
383 0.6911942396430 0.4717543175384
384 0.4343513452977 0.7650319600143
385 0.7107643156569 0.4564866153029
386 0.7527461945963 0.4352351289415
387 0.4373563576937 0.7461509583201
388 0.4400336248197 0.7293345669326
389 0.7308242587068 0.4374643781235
390 0.6920159738735 0.4562654047333
391 0.3723884424128 0.9374533283323
392 0.7107639390689 0.4394602489172
393 0.4085932213259 0.7802561424203
394 0.3762396864175 0.9050749962943
395 0.4149715995543 0.7603364188781
396 0.3679816594674 0.9688802058859
397 0.3983172714327 0.8035941167848
398 0.3796522512097 0.8714160295831
399 0.7991321405017 0.3982833569738
400 0.4200477387582 0.7424397937065
401 0.7730227524725 0.4072598693211
402 0.3636363636364 1.0000000000000
403 1.0000000000000 0.3636363636364
404 0.9693615769123 0.3640323319913
405 0.4243449801969 0.7265010284790
406 0.7502551286751 0.4135261495425
407 0.6919407789185 0.4407550823018
408 0.9378266372482 0.3644422219867
409 0.3812806919871 0.8334530576198
410 0.9047041357018 0.3654644217640
411 0.7290034701656 0.4181301615835
412 0.8296405717399 0.3803361402973
413 0.8693027902749 0.3686462597346
414 0.7093870188985 0.4221448278151
415 0.3968232467484 0.7535085001906
416 0.4034961374435 0.7370022422437
417 0.6909261458702 0.4252780344008
418 0.3886782948110 0.7712601493190
419 0.4091155329340 0.7218981203148
420 0.3773657536368 0.7901769586202
421 0.7662457448630 0.3850404765780
422 0.7453577840173 0.3927096323236
423 0.7876775371674 0.3764412556666
424 0.7255474743821 0.3993852908527
425 0.8059889694198 0.3677326107398
426 0.3408190842054 0.9371059996742
427 0.3443513996634 0.9053622843204
428 0.7067113308407 0.4050577727688
429 0.3370872756325 0.9688546440090
430 0.3472571238227 0.8737419718792
431 0.3618192489707 0.8091243559468
432 0.3333333333333 1.0000000000000
433 1.0000000000000 0.3333333333333
434 0.6889262568321 0.4098975251645
435 0.9698022388029 0.3328764570376
436 0.3945586938336 0.7155612318909
437 0.3879329441902 0.7298963477822
438 0.3800837096410 0.7450458616315
439 0.3476848352888 0.8437366804718
440 0.9386634447950 0.3319925263472
441 0.3708918503320 0.7611096672960
442 0.9048781528469 0.3299563125884
443 0.3597920078482 0.7771679881316
444 0.7393827881492 0.3728866123210
445 0.7205142418086 0.3809733788533
446 0.7027922658495 0.3883898212636
447 0.7588121467166 0.3639823686555
448 0.8269825811362 0.3404060206401
449 0.6858927691902 0.3946874361106
450 0.7793432938850 0.3547085783749
451 0.3409528818672 0.8208178606742
452 0.8008540921434 0.3463444046022
453 0.3808730204463 0.7075818103763
454 0.3470464462072 0.7923341934060
455 0.3734099573760 0.7214016950786
456 0.3646867972933 0.7356689312570
457 0.8641888254365 0.3240912252245
458 0.3548480758264 0.7502109994984
459 0.3093097110417 0.9364563285819
460 0.3127954822167 0.9048379891323
461 0.3170087211050 0.8744568108766
462 0.3060605827721 0.9684738082898
463 0.3326727271715 0.8045284258861
464 0.3206174212939 0.8472184782469
465 0.3438639812168 0.7650511332042
466 0.3030303030303 1.0000000000000
467 1.0000000000000 0.3030303030303
468 0.6975702368697 0.3719387980698
469 0.6817762384103 0.3797345073781
470 0.7143344388535 0.3632317909760
471 0.9704861431519 0.3021076787854
472 0.7318544771912 0.3535988352335
473 0.3682254877720 0.6981004733893
474 0.3216347160379 0.8258819803923
475 0.9412435102005 0.3007230058004
476 0.3599531688982 0.7115395389211
477 0.7500445215433 0.3433622145721
478 0.3319759478506 0.7794029407901
479 0.3212459772560 0.8123692196126
480 0.3504379170909 0.7251982985340
481 0.7696824796101 0.3325067998851
482 0.9113659696413 0.2971367158017
483 0.7904975285159 0.3219355123788
484 0.3399496744636 0.7390142662362
485 0.3201548321755 0.7930352802417
486 0.6765284523539 0.3651406304582
487 0.6909699161542 0.3561510412230
488 0.8133756496501 0.3102288337000
489 0.3567401903623 0.6872928467190
490 0.3286601770905 0.7529004977803
491 0.7064211934571 0.3461751872342
492 0.3094304885585 0.8066972525594
493 0.3476598054336 0.7003077323216
494 0.3021966373920 0.8234904238650
495 0.7225462794572 0.3351617133057
496 0.8820213450334 0.2883915406129
497 0.2955012987907 0.8451161482496
498 0.3168385318028 0.7671911563086
499 0.3373752836101 0.7133815408020
500 0.2880714436164 0.8714503820908
501 0.7393655813463 0.3234624089260
502 0.2776240127657 0.9348933096972
503 0.8383498565845 0.2927811380210
504 0.2751272686023 0.9676163817251
505 0.2807390154256 0.9019768420330
506 0.3262321942898 0.7264867512216
507 0.2727272727273 1.0000000000000
508 1.0000000000000 0.2727272727273
509 0.6701059897743 0.3510248772484
510 0.3049399207704 0.7819815579810
511 0.9708988236043 0.2718009492732
512 0.3464946976769 0.6753521939171
513 0.7572626700088 0.3112277437576
514 0.9427749957746 0.2710342215910
515 0.6828462566217 0.3408692142031
516 0.3141993205456 0.7403975358543
517 0.3364782345102 0.6877216128043
518 0.2932297832522 0.7979775008149
519 0.6965275565534 0.3298452756983
520 0.9163856984042 0.2685556637351
521 0.7761829079304 0.2986311619369
522 0.3253728635923 0.7002654952096
523 0.3015652030687 0.7546001174945
524 0.7113692166110 0.3178102616096
525 0.2822200461811 0.8162663142587
526 0.3375247144218 0.6624752852241
527 0.6624752851398 0.3375247140769
528 0.7969398521068 0.2842688153702
529 0.3134044985398 0.7131536619939
530 0.8582876168240 0.2690319791795
531 0.8933607416663 0.2622939595010
532 0.2712235286647 0.8379345701271
533 0.7265427867276 0.3050301584710
534 0.2888990715819 0.7698779958336
535 0.6735652074426 0.3264347917998
536 0.3263961362763 0.6736038633812
537 0.3006236578721 0.7267718006060
538 0.2592986840197 0.8638216853506
539 0.7427867893985 0.2914854792063
540 0.6854735595239 0.3145264397462
541 0.3144510052387 0.6855489944314
542 0.2757849819201 0.7867571597179
543 0.8176761488526 0.2671490352436
544 0.2442719111915 0.9661820366916
545 0.3298583248288 0.6489047896682
546 0.2458394418941 0.9325098230317
547 0.2424242424242 1.0000000000000
548 1.0000000000000 0.2424242424242
549 0.9702639173208 0.2423598523846
550 0.2871027710219 0.7411636000170
551 0.6534854388927 0.3246220975294
552 0.9419258830691 0.2427803528795
553 0.9172577901927 0.2438635822568
554 0.6982382287651 0.3017617705346
555 0.3016519570907 0.6983480425928
556 0.9003300083822 0.2453945486532
557 0.7600315810900 0.2770925762410
558 0.2448326986668 0.8964432141620
559 0.2622640429259 0.8053279247814
560 0.3170382099815 0.6592326915240
561 0.8747059148454 0.2468340850029
562 0.6642501435593 0.3129559787876
563 0.2730030462036 0.7567604176269
564 0.7118949770344 0.2881050222970
565 0.2879637860304 0.7120362136674
566 0.3234123434367 0.6347131663921
567 0.6756734865692 0.3014146535744
568 0.3035804172162 0.6704128254665
569 0.8375197032591 0.2466842093875
570 0.7783760841066 0.2613851471184
571 0.2483274625900 0.8259063406268
572 0.6432065726082 0.3126513388577
573 0.2581157136687 0.7733816330988
574 0.7264766624131 0.2735233369522
575 0.2733542159717 0.7266457837415
576 0.6864786642266 0.2894477262868
577 0.3090258508766 0.6439961251307
578 0.8905267288097 0.2302900367457
579 0.2892686141632 0.6825879532460
580 0.6542165864771 0.3008581662149
581 0.3181525988805 0.6200398451223
582 0.2334060760976 0.8491626259144
583 0.7973426766856 0.2441313390228
584 0.9112478635545 0.2204159395992
585 0.2206513782649 0.9082538731894
586 0.6656807729535 0.2896510835628
587 0.7420123897047 0.2579876096966
588 0.2425948400528 0.7914796486278
589 0.2577947409331 0.7422052587965
590 0.2170721887197 0.9320041474875
591 0.2939310605736 0.6542126242782
592 0.8561350253398 0.2265487190019
593 0.6956205414199 0.2743406499300
594 0.2741951147872 0.6956083369968
595 0.2134406912995 0.9641683801208
596 0.9377008716319 0.2149013361396
597 0.9682185197661 0.2129012834383
598 0.2121212121212 1.0000000000000
599 1.0000000000000 0.2121212121212
600 0.6755346867889 0.2810310801832
601 0.6316752860134 0.3018160416297
602 0.3024713782335 0.6280769998091
603 0.3140349201623 0.6050054928304
604 0.2172089337007 0.8741480343199
605 0.6431638077054 0.2891271520628
606 0.2781547875741 0.6654386087481
607 0.7585266007624 0.2414733986772
608 0.2412615233886 0.7587384763582
609 0.8164796133301 0.2250013745978
610 0.2262632689082 0.8109453715744
611 0.2579729560852 0.7094742790412
612 0.7090798528241 0.2567474137893
613 0.8760162974504 0.2091440871526
614 0.2859134038445 0.6369732467523
615 0.6564334908012 0.2762165709352
616 0.3110103109136 0.5897132724910
617 0.2971060092255 0.6113987147062
618 0.6189686963876 0.2923132668773
619 0.6744446231866 0.2639944306999
620 0.2612628758374 0.6775654673502
621 0.1997439433470 0.8959668162750
622 0.7255167759202 0.2404064869262
623 0.7760381205087 0.2239618789715
624 0.2406560700559 0.7243127342415
625 0.2237363347086 0.7762636650566
626 0.2090483250078 0.8323641349719
627 0.8998518661580 0.1951681340690
628 0.8361237716199 0.2055147998813
629 0.6298365481412 0.2780178847333
630 0.3090285747904 0.5742509319949
631 0.2680859856183 0.6469517133673
632 0.2934943395512 0.5944919871084
633 0.2791651909524 0.6186516495545
634 0.1881012428745 0.9226509517196
635 0.6052114623985 0.2843224688856
636 0.2431245981914 0.6907730097911
637 0.7418509103445 0.2237845970660
638 0.1818181818182 1.0000000000000
639 1.0000000000000 0.1818181818182
640 0.9296647300054 0.1847652162577
641 0.9649092901115 0.1822227331077
642 0.6421376472908 0.2629296085334
643 0.2223460962221 0.7403196262851
644 0.7945591797340 0.2054408197892
645 0.3080406855231 0.5586931567240
646 0.1803764056064 0.9575505881247
647 0.2052075167325 0.7947924830522
648 0.6881230167027 0.2396409940612
649 0.1909858719795 0.8546693978168
650 0.6561425904528 0.2502702564808
651 0.2911595693548 0.5773318459749
652 0.2489412858055 0.6578194300418
653 0.8573579985079 0.1866299538209
654 0.6146393849823 0.2678928492951
655 0.2740325667592 0.5996131218860
656 0.7080165102778 0.2238792965041
657 0.3080002250017 0.5431038637052
658 0.2593548763915 0.6267258585692
659 0.7583601480952 0.2061961012446
660 0.5905721732213 0.2779876613994
661 0.2237887775974 0.7051003852579
662 0.2027717230599 0.7574769455988
663 0.2902867982256 0.5604096608888
664 0.8140944410837 0.1859055584848
665 0.1856709383343 0.8143290614709
666 0.1727083536156 0.8777894056184
667 0.6655007841454 0.2330796311402
668 0.3088641705652 0.5275382829851
669 0.6432488425133 0.2415110048804
670 0.2285795772638 0.6704861739634
671 0.7238054912971 0.2074461573028
672 0.8822180844743 0.1683659922718
673 0.6838678794047 0.2216033365197
674 0.6265551487611 0.2473796440556
675 0.2711391120403 0.5802831450125
676 0.5971568082768 0.2612224717974
677 0.5752518501976 0.2734028317714
678 0.7752470597522 0.1876298301854
679 0.2036669008677 0.7207062821098
680 0.2901138562459 0.5434968287381
681 0.3105932490620 0.5120447734290
682 0.2369332506547 0.6362511677526
683 0.2515536760229 0.6051546219928
684 0.6936138318806 0.2094821789454
685 0.1820493931553 0.7755763926075
686 0.1515151515152 1.0000000000000
687 1.0000000000000 0.1515151515152
688 0.6478707397953 0.2267204374662
689 0.1556140477316 0.9050109599376
690 0.6701115410811 0.2161610328476
691 0.2706858250763 0.5618861359166
692 0.8346400597619 0.1653599398543
693 0.9617414678309 0.1498736693934
694 0.1651309158904 0.8348690839363
695 0.7392897400796 0.1896038344931
696 0.3131520144998 0.4966663752513
697 0.5594668344595 0.2706048201010
698 0.2910811535417 0.5266170492969
699 0.2073611398703 0.6846513632312
700 0.5799056280847 0.2567068629058
701 0.6036081901679 0.2413665014662
702 0.9160808227506 0.1480953829855
703 0.7923559598110 0.1677571895248
704 0.3165087568292 0.4814421278117
705 0.1819924281081 0.7373102397808
706 0.7050257129113 0.1930135953772
707 0.2929947628406 0.5096743279895
708 0.2704991589690 0.5436677743892
709 0.6296409548697 0.2230733853958
710 0.2469774298231 0.5824666326035
711 0.2135434103496 0.6487410865119
712 0.5434305253037 0.2695753517558
713 0.6773028642796 0.2007952222290
714 0.6542523169086 0.2097587397715
715 0.1391101067730 0.9433289265118
716 0.3206353125888 0.4664081911201
717 0.7550181070175 0.1713612953534
718 0.1605088552738 0.7947829345695
719 0.5627845191871 0.2537721820418
720 0.2251703911284 0.6119205084450
721 0.8553100522917 0.1446899473725
722 0.2960364028937 0.4930450516697
723 0.1444895514041 0.8555104484443
724 0.1857487449496 0.6997864805588
725 0.5842476571252 0.2376722587561
726 0.2494354829020 0.5630139821276
727 0.3255068219627 0.4515988106929
728 0.5273384392878 0.2702506246931
729 0.2716556291673 0.5251737734585
730 0.6621839916227 0.1961865615278
731 0.7191261059261 0.1735751655461
732 0.2999258455812 0.4769068338733
733 0.3311014584520 0.4370471633144
734 0.8101051850593 0.1462352498532
735 0.6075582566999 0.2180925803610
736 0.5456243985694 0.2522380949297
737 0.1589128462510 0.7549512143773
738 0.1909224019029 0.6636152705431
739 0.5113591013521 0.2725347731671
740 0.6835574225417 0.1815508797147
741 0.2738855222958 0.5063161508262
742 0.2495413253864 0.5441143594436
743 0.6370983251431 0.2001666913636
744 0.3374001447922 0.4227861169839
745 0.1212121212121 1.0000000000000
746 1.0000000000000 0.1212121212121
747 0.7699771533486 0.1512581195760
748 0.5659052172054 0.2348404392878
749 0.3042049556229 0.4608696235241
750 0.1386517223453 0.8150704110678
751 0.9656943532089 0.1190672572527
752 0.4956673285258 0.2763029583925
753 0.3443862596524 0.4088489347723
754 0.7352153006275 0.1569028701804
755 0.5282313243538 0.2522123189542
756 0.5875715930428 0.2177752313645
757 0.2305373513221 0.5635888005467
758 0.8759800448214 0.1240199548908
759 0.1238481869178 0.8761518129522
760 0.1620029964359 0.7156318247970
761 0.2775646631806 0.4881414209705
762 0.3094504673931 0.4452906070749
763 0.3520453328865 0.3952699486173
764 0.4803907734163 0.2814164140106
765 0.1959718149169 0.6254738211400
766 0.9303539140778 0.1151722538672
767 0.2496844708085 0.5234293001007
768 0.3603647213458 0.3820852262359
769 0.2148377863809 0.5817887760565
770 0.4656072418778 0.2877423196653
771 0.5477733816022 0.2326112632698
772 0.3155304088673 0.4299440765786
773 0.1689156078232 0.6781919412327
774 0.2824528828319 0.4714229031240
775 0.6549967936799 0.1780057225828
776 0.3693332517386 0.3693332517386
777 0.5105502401461 0.2538244652977
778 0.4513730806403 0.2951563768255
779 0.3790741751468 0.3568941445793
780 0.8274813201422 0.1227622139592
781 0.1349294994641 0.7738881047995
782 0.3224575548010 0.4152503953387
783 0.4377282688580 0.3035450407008
784 0.3894881549586 0.3449606836379
785 0.5696638966306 0.2139878756972
786 0.1048381065805 0.9572899070363
787 0.4247007458121 0.3128061125944
788 0.4005691444819 0.3335906174024
789 0.4123098789556 0.3228483588207
790 0.7846761234011 0.1291095364287
791 0.2260192865496 0.5458450646768
792 0.6966197259354 0.1551170423949
793 0.1173781426418 0.8361284437884
794 0.2865606086711 0.4545156599604
795 0.2524737493618 0.5019691701083
796 0.5910572593644 0.2001249260473
797 0.6099115647378 0.1900303325103
798 0.7185931850777 0.1459356323361
799 0.4928645994249 0.2572895506615
800 0.3298779424721 0.4002141669712
801 0.7469629504126 0.1368818322664
802 0.1738694495684 0.6428766911966
803 0.5290408272015 0.2319097808599
804 0.8966500373512 0.1033499624090
805 0.1032068224315 0.8967931774602
806 0.3380356842877 0.3857337547864
807 0.1361865718984 0.7324579705398
808 0.2919115167023 0.4374506164650
809 0.2578838447012 0.4817815782623
810 0.4748644187257 0.2622559248452
811 0.3473719499520 0.3714261097325
812 0.5505767241363 0.2108993651312
813 0.3577263713902 0.3577263713902
814 0.2988879006435 0.4217092978723
815 0.0909090909091 1.0000000000000
816 1.0000000000000 0.0909090909091
817 0.1442873378203 0.6925423761601
818 0.2645011499157 0.4653052568834
819 0.3683436363961 0.3458017476162
820 0.5097459354538 0.2332612184079
821 0.3785495949483 0.3346453563602
822 0.9706820309267 0.0900109845382
823 0.4571217337154 0.2690489443977
824 0.2238186156765 0.5219318519137
825 0.1544307597270 0.6580921869398
826 0.9424153198066 0.0896898210067
827 0.5756886203124 0.1925692142671
828 0.1112731502076 0.7943948923405
829 0.0986365760540 0.8579014772792
830 0.3065227821138 0.4064849392281
831 0.6649197590491 0.1504499735545
832 0.3871775554811 0.3224905857169
833 0.4122148949945 0.3004367877046
834 0.3998059813271 0.3106203494143
835 0.4394960912720 0.2778550186834
836 0.4233110104767 0.2884691931790
837 0.6283886318839 0.1623379907274
838 0.1994491003851 0.5533665051084
839 0.7993316306639 0.1053437527749
840 0.7233688231418 0.1257653157984
841 0.3146758022369 0.3905946375566
842 0.2670222197645 0.4474709330617
843 0.8440723665497 0.0950963342121
844 0.7592905245326 0.1136010235107
845 0.4896928109590 0.2362477055561
846 0.5304126673960 0.2095543228077
847 0.3236787437818 0.3751674198747
848 0.1713040086214 0.5983569984066
849 0.9173200298810 0.0826799699272
850 0.0825654579452 0.9174345419682
851 0.3686878845580 0.3270393967981
852 0.0777926711037 0.9683886772718
853 0.2263936504765 0.4954496657260
854 0.3337815233790 0.3599858543381
855 0.3578822801537 0.3344802719255
856 0.1532826861362 0.6271200611714
857 0.1087073207563 0.7513170882743
858 0.6435926080073 0.1458621914559
859 0.2485552587974 0.4597046240472
860 0.2725228359219 0.4278080582380
861 0.3453419332613 0.3453419332613
862 0.4690805683464 0.2412687903111
863 0.0816738302778 0.8795214866737
864 0.5550142585253 0.1870185909322
865 0.5882639035412 0.1696266151006
866 0.6957015711302 0.1244934518954
867 0.2821330759757 0.4128787278924
868 0.1437429875264 0.6437138339422
869 0.2366603419274 0.4715538580932
870 0.4008271126044 0.2906316936603
871 0.1312090283462 0.6688308875439
872 0.5091033343645 0.2100672952874
873 0.9512905429782 0.0703699401728
874 0.0873880845403 0.8160274201957
875 0.3869329119878 0.2987375266877
876 0.2897451131853 0.3972214966576
877 0.1153918645411 0.7076583012160
878 0.4477914490191 0.2485575103853
879 0.3696317785721 0.3119925621086
880 0.7732991327297 0.0921210994940
881 0.2986237405798 0.3805120241525
882 0.1931770548714 0.5230033771513
883 0.4260372181261 0.2589723343192
884 0.6657443825256 0.1230711496830
885 0.2445042845491 0.4422547571651
886 0.0606060606061 1.0000000000000
887 1.0000000000000 0.0606060606061
888 0.3085631097694 0.3637562280014
889 0.5327586563974 0.1844194182092
890 0.4865020428068 0.2126529728148
891 0.9379900224107 0.0620099774454
892 0.0619240934589 0.9380759064761
893 0.4032052001181 0.2734815997977
894 0.3489326318446 0.3208979416482
895 0.9734662867173 0.0594100220664
896 0.8112628666819 0.0772132963947
897 0.0630230135130 0.8985157404742
898 0.0707786050505 0.8414258595208
899 0.3195943756329 0.3475352686191
900 0.7318730910692 0.0957044324755
901 0.2679797230141 0.4047262410790
902 0.0841232944808 0.7725936332987
903 0.1635585334718 0.5622387326226
904 0.3321470768740 0.3321470768740
905 0.1236860109013 0.6468310192332
906 0.5623676398862 0.1607269708564
907 0.0534993934663 0.9781888955749
908 0.6374694330888 0.1247986100859
909 0.4632403720420 0.2177539948073
910 0.6056215971013 0.1363930362853
911 0.7532011849106 0.0829116893564
912 0.2728862404990 0.3887954348036
913 0.3774667754476 0.2817055015674
914 0.0589350948298 0.8655165896597
915 0.5091255917107 0.1842684940464
916 0.1026755886346 0.6797122662317
917 0.1242142988286 0.6235327211403
918 0.2489198525677 0.4125045605410
919 0.8610188338802 0.0565268203167
920 0.6971797229355 0.0937744010705
921 0.2815544682170 0.3700467889635
922 0.3561762271277 0.2933277291200
923 0.4387849537590 0.2251667465012
924 0.0501059352205 0.8824202027538
925 0.7813724248659 0.0663292763503
926 0.9586600149405 0.0413399849636
927 0.2925818337636 0.3516948665987
928 0.0412827289726 0.9587172709841
929 0.1894188135371 0.4854602551539
930 0.1285816313415 0.5965677942467
931 0.0798506214669 0.7252825467076
932 0.3360693917785 0.3049718556847
933 0.5360876429387 0.1567742524801
934 0.2110498777507 0.4488024974869
935 0.3046039945275 0.3342080693693
936 0.4136561320952 0.2359952084104
937 0.8951446951027 0.0425698875901
938 0.4839716538618 0.1865428956085
939 0.9842654313958 0.0367943482837
940 0.1582445618323 0.5306872857080
941 0.3181105623116 0.3181105623116
942 0.0674058911010 0.7516447701098
943 0.0348145960852 0.9858491770223
944 0.6657591825386 0.0931448966173
945 0.0362936316890 0.9131629400209
946 0.3885890933580 0.2495663107013
947 0.0955917632599 0.6524912404627
948 0.2528689264415 0.3831373947920
949 0.0303030303030 1.0000000000000
950 1.0000000000000 0.0303030303030
951 0.7544313309330 0.0609095360996
952 0.5701047545394 0.1294884249129
953 0.9221716213154 0.0316064564608
954 0.0496264594831 0.7921284666096
955 0.4574445281962 0.1914155545361
956 0.3641163869623 0.2622588149726
957 0.8192399719657 0.0422033225311
958 0.1259192608085 0.5666593613377
959 0.5096779817504 0.1559842208363
960 0.2632585865612 0.3596717918085
961 0.6356288275023 0.0944165373092
962 0.7269478487827 0.0623991164327
963 0.0379509795384 0.8269498569139
964 0.0232040783324 0.9441716853179
965 0.0283596973187 0.8832282781276
966 0.3416752525223 0.2753087593274
967 0.0313114429217 0.8560448932965
968 0.9793300074702 0.0206699924818
969 0.0206413644863 0.9793586354920
970 0.9464608586575 0.0218459608077
971 0.0702234313777 0.6895423991414
972 0.2756057625405 0.3387683800605
973 0.0929872251735 0.6257482753158
974 0.3214504692509 0.2888640077254
975 0.4299002447451 0.1992108246790
976 0.2888435041467 0.3200029059379
977 0.1522952273090 0.4996496344096
978 0.3032033215445 0.3032033215445
979 0.6043589556469 0.0973452419621
980 0.6962827338490 0.0622163657070
981 0.0146151476062 0.9644090968356
982 0.9651626119416 0.0141719844298
983 0.5397939634321 0.1263689997701
984 0.7864963691189 0.0350731734130
985 0.4817407984498 0.1579859040766
986 0.4011913100101 0.2111265969901
987 0.1232327093395 0.5368364489671
988 0.0385850339040 0.7568932713874
989 0.0929813405497 0.5983384700928
990 0.2060654144698 0.4037973726670
991 0.1778748036118 0.4412306247238
992 0.3740706093750 0.2267524507239
993 0.1630924026776 0.4604487394439
994 0.6655156051180 0.0620428225329
995 0.0644032479033 0.6588220542003
996 0.2266851041588 0.3715250221019
997 0.7564592190828 0.0318795950603
998 0.3487344265211 0.2424546882943
999 0.2430051890459 0.3467346034178
1000 1.0000000000000 0.0000000000000
1001 0.0000000000000 1.0000000000000
1002 0.0381223187145 0.7259375491894
1003 0.5723242689639 0.0957599858482
1004 0.9696969696970 0.0000000000000
1005 0.0000000000000 0.9696969696970
1006 0.4526658421358 0.1621545030497
1007 0.9393939393939 0.0000000000000
1008 0.0000000000000 0.9393939393939
1009 0.5106171801935 0.1257507559486
1010 0.3266405988612 0.2573995544985
1011 0.2576564752588 0.3248641699150
1012 0.9090909090909 0.0000000000000
1013 0.0000000000000 0.9090909090909
1014 0.0915645779868 0.5700438423558
1015 0.3059386165397 0.2723474653684
1016 0.6349277387349 0.0623774005716
1017 0.2721619892431 0.3050651436827
1018 0.7266928941681 0.0313083775452
1019 0.8787878787879 0.0000000000000
1020 0.0000000000000 0.8787878787879
1021 0.1404462040046 0.4745874905407
1022 0.2873990574144 0.2873990574144
1023 0.1197547896704 0.5077299746156
1024 0.0616221847298 0.6296566312724
1025 0.8484848484848 0.0000000000000
1026 0.0000000000000 0.8484848484848
1027 0.4210808010585 0.1698958846136
1028 0.0349041148151 0.6940061118839
1029 0.5416095926021 0.0945560346989
1030 0.6964062907042 0.0311009436625
1031 0.4806477160513 0.1272619968120
1032 0.8181818181818 0.0000000000000
1033 0.0000000000000 0.8181818181818
1034 0.6042889139727 0.0632310566360
1035 0.0903501762791 0.5409480854767
1036 0.0607097167789 0.6009392318351
1037 0.3873253483847 0.1828136587242
1038 0.0000000000000 0.7878787878788
1039 0.7878787878788 0.0000000000000
1040 0.3579574757365 0.2032919917895
1041 0.1423723324962 0.4413772024861
1042 0.1316420102818 0.4573629756181
1043 0.1594821304071 0.4144406372406
1044 0.0324150888635 0.6631911987088
1045 0.3328528408148 0.2222055196846
1046 0.6660090919592 0.0310582341229
1047 0.2229523128734 0.3311517367237
1048 0.2048008866781 0.3524307175309
1049 0.1147551757500 0.4808886126913
1050 0.3102140998615 0.2394873050039
1051 0.2388388236747 0.3097439707006
1052 0.0000000000000 0.7575757575758
1053 0.7575757575758 0.0000000000000
1054 0.5114173584239 0.0943350068909
1055 0.2895607174406 0.2552442192438
1056 0.5734395220000 0.0632170236695
1057 0.4490014475150 0.1302951230417
1058 0.2545148736687 0.2891366834573
1059 0.2706748843285 0.2706748843285
1060 0.1823791507775 0.3710030312675
1061 0.0602873434958 0.5721415764641
1062 0.0888804017468 0.5117397613314
1063 0.6354478053478 0.0310891702961
1064 0.0308455683356 0.6332160554693
1065 0.7272727272727 0.0000000000000
1066 0.0000000000000 0.7272727272727
1067 0.1116221425688 0.4568893376149
1068 0.5427400701816 0.0626805695001
1069 0.4806725877719 0.0952163514037
1070 0.4132216002107 0.1361786216817
1071 0.6969696969697 0.0000000000000
1072 0.0000000000000 0.6969696969697
1073 0.0594707036370 0.5431721982910
1074 0.6050505400657 0.0313791774064
1075 0.0299615544530 0.6036210852655
1076 0.0867640212148 0.4836235444787
1077 0.2036676259056 0.3149688105686
1078 0.1149934992617 0.4335597058709
1079 0.3145053611402 0.2035880936507
1080 0.1865748181875 0.3338280822977
1081 0.1506678026914 0.3792680957561
1082 0.2202316328981 0.2938232927065
1083 0.2933140285733 0.2206407125347
1084 0.2726931255862 0.2370357141590
1085 0.6666666666667 0.0000000000000
1086 0.0000000000000 0.6666666666667
1087 0.3375450465486 0.1799472719613
1088 0.2362388360382 0.2724992979322
1089 0.2530120021628 0.2530120021628
1090 0.1679824992706 0.3485159391159
1091 0.5123089328169 0.0624805617419
1092 0.5744048348819 0.0311964826936
1093 0.4484857336860 0.0968687790202
1094 0.0589354264489 0.5136079417786
1095 0.0297169113227 0.5740726072853
1096 0.1200261689869 0.4070382413735
1097 0.3679227672931 0.1464927537471
1098 0.0855122884844 0.4568418154893
1099 0.6363636363636 0.0000000000000
1100 0.0000000000000 0.6363636363636
1101 0.4815310181992 0.0628636209701
1102 0.5437411506360 0.0309544914257
1103 0.0296498739976 0.5443753935855
1104 0.1599467610874 0.3324411118168
1105 0.1698482608959 0.3193968619755
1106 0.1441819689795 0.3518262192764
1107 0.0579787193811 0.4847175841806
1108 0.4138767652767 0.0994695361502
1109 0.1847453936785 0.2999241341883
1110 0.0000000000000 0.6060606060606
1111 0.6060606060606 0.0000000000000
1112 0.2942016690172 0.1867843560343
1113 0.0863674219063 0.4300566430799
1114 0.2008499018718 0.2781385118820
1115 0.2753230965239 0.2022907073692
1116 0.1180428883947 0.3777623164602
1117 0.2173254763891 0.2557754259906
1118 0.2549867958812 0.2180625394167
1119 0.2343963920952 0.2343963920952
1120 0.5133845750561 0.0309634728202
1121 0.3088715551903 0.1639221820442
1122 0.0294118810309 0.5148022233113
1123 0.4497930798830 0.0638460259402
1124 0.0000000000000 0.5757575757576
1125 0.5757575757576 0.0000000000000
1126 0.0574398425147 0.4562071601167
1127 0.1420095230956 0.3294105343592
1128 0.0875861578840 0.4023903059222
1129 0.3761497124680 0.1016673143034
1130 0.2776206401266 0.1762264876041
1131 0.1160680508602 0.3501103078745
1132 0.1490804924547 0.3071375588713
1133 0.4829459066484 0.0313138675829
1134 0.5454545454545 0.0000000000000
1135 0.0000000000000 0.5454545454545
1136 0.0289923072320 0.4850370653015
1137 0.3244498801026 0.1325117545878
1138 0.1639989853106 0.2844984764936
1139 0.2595181088802 0.1849607789828
1140 0.4169022132804 0.0647831322086
1141 0.0575512539222 0.4276973987189
1142 0.1803568285382 0.2617955914786
1143 0.2372766596029 0.1983962578861
1144 0.0874959724155 0.3741402156589
1145 0.1974326562670 0.2379467959662
1146 0.2792896250925 0.1564453455933
1147 0.2148195202074 0.2148195202074
1148 0.0000000000000 0.5151515151515
1149 0.5151515151515 0.0000000000000
1150 0.4519411194677 0.0317947586121
1151 0.1161584590489 0.3233023183207
1152 0.0287517010083 0.4552724366391
1153 0.0576824914685 0.3988185674730
1154 0.3392440963805 0.0965364664004
1155 0.3831135126090 0.0649375367449
1156 0.0867009090602 0.3463064641012
1157 0.2488727063946 0.1634865527228
1158 0.0000000000000 0.4848484848485
1159 0.4848484848485 0.0000000000000
1160 0.1418132265711 0.2691366214361
1161 0.1214462542730 0.2925912986866
1162 0.4204800367942 0.0320191409251
1163 0.0287152597995 0.4257072242061
1164 0.1590440107283 0.2450700693182
1165 0.2209134462100 0.1773680708006
1166 0.0579056140049 0.3703538649183
1167 0.1762904174888 0.2196819455260
1168 0.2816306051603 0.1211746380442
1169 0.0879948280127 0.3182989842872
1170 0.0000000000000 0.4545454545455
1171 0.4545454545455 0.0000000000000
1172 0.1942790318169 0.1942790318169
1173 0.3495841897014 0.0629544010479
1174 0.0287780857848 0.3962012048461
1175 0.3058557904482 0.0894953968295
1176 0.3887559611641 0.0318650549509
1177 0.0580937053777 0.3418789059452
1178 0.1119504381027 0.2704569657710
1179 0.1230114057385 0.2528832386577
1180 0.2377621468425 0.1353126529022
1181 0.0902826183841 0.2901969587107
1182 0.4242424242424 0.0000000000000
1183 0.0000000000000 0.4242424242424
1184 0.1373985905764 0.2277932215557
1185 0.0287752103269 0.3667719125479
1186 0.3180940831506 0.0599629694621
1187 0.2032253870257 0.1533104407764
1188 0.3572833567413 0.0309550088343
1189 0.1543821487208 0.2008294824408
1190 0.0588373255577 0.3133901960161
1191 0.2855045779429 0.0797453343317
1192 0.0915760370689 0.2644936659514
1193 0.0000000000000 0.3939393939394
1194 0.3939393939394 0.0000000000000
1195 0.1727794168163 0.1727794168163
1196 0.2609430659255 0.0916190581062
1197 0.0289309728879 0.3374650987450
1198 0.0999731881591 0.2399069024797
1199 0.2899208415376 0.0579326378793
1200 0.0607725105414 0.2851286769395
1201 0.3265597955372 0.0299613883751
1202 0.0000000000000 0.3636363636364
1203 0.3636363636364 0.0000000000000
1204 0.1125989603198 0.2117766817796
1205 0.2191353842235 0.1028425653314
1206 0.0295723382276 0.3081731498663
1207 0.1840635037636 0.1283886542697
1208 0.1301168652858 0.1819282904818
1209 0.2603026855112 0.0618110968149
1210 0.0642887958944 0.2571173251576
1211 0.2962767394800 0.0300477199839
1212 0.1511819897143 0.1511819897143
1213 0.0000000000000 0.3333333333333
1214 0.3333333333333 0.0000000000000
1215 0.0713384084153 0.2285045284597
1216 0.0308264437771 0.2790109714508
1217 0.2252012939093 0.0662507834894
1218 0.2651455406723 0.0314419077845
1219 0.1904504767293 0.0920136782029
1220 0.0829071972578 0.1974783126012
1221 0.0000000000000 0.3030303030303
1222 0.3030303030303 0.0000000000000
1223 0.0333249230053 0.2495170281582
1224 0.1627112540911 0.1062196212565
1225 0.1008692006073 0.1631465537176
1226 0.1295845626122 0.1295845626122
1227 0.2325365897286 0.0330638116277
1228 0.1904039337726 0.0667859679057
1229 0.0000000000000 0.2727272727273
1230 0.2727272727273 0.0000000000000
1231 0.0375652286406 0.2188710403095
1232 0.0000000000000 0.2424242424242
1233 0.2424242424242 0.0000000000000
1234 0.1997489596025 0.0336651884745
1235 0.0451397014867 0.1853272535942
1236 0.1481745360720 0.0746854456115
1237 0.1079871355102 0.1079871355102
1238 0.0600863800486 0.1431414796481
1239 0.0000000000000 0.2121212121212
1240 0.2121212121212 0.0000000000000
1241 0.1657869553378 0.0343996590732
1242 0.0863897084082 0.0863897084082
1243 0.1818181818182 0.0000000000000
1244 0.0000000000000 0.1818181818182
1245 0.1139834016483 0.0580348443118
1246 0.1345539146043 0.0286505559335
1247 0.0451006560011 0.1075521247502
1248 0.0000000000000 0.1515151515152
1249 0.1515151515152 0.0000000000000
1250 0.0647922813061 0.0647922813061
1251 0.0874780561454 0.0418848572463
1252 0.1076320897643 0.0214775721092
1253 0.1212121212121 0.0000000000000
1254 0.0000000000000 0.1212121212121
1255 0.0331824593354 0.0795352130887
1256 0.0872907596123 0.0150296216323
1257 0.0909090909091 0.0000000000000
1258 0.0000000000000 0.0909090909091
1259 0.0431948542041 0.0431948542041
1260 0.0635044518628 0.0232347312580
1261 0.0228369000343 0.0548873553895
1262 0.0606060606061 0.0000000000000
1263 0.0000000000000 0.0606060606061
1264 0.0384683030893 0.0149440527867
1265 0.0148114423788 0.0355959375982
1266 0.0215974271020 0.0215974271020
1267 0.0303030303030 0.0000000000000
1268 0.0000000000000 0.0303030303030
1269 0.0000000000000 0.0000000000000

