-1e-06
0.298602
0.804931
0.655376
1.22941
0.729126
0.398346
1.42393
1.11826
1.66648
0.931756
0.444996
2.00297
1.53452
2.05962
0.902006
1.41355
2.33025
0.468937
2.57173
1.93395
1.3375
2.30295
2.59258
0.914762
1.79964
2.88141
0.476055
3.13671
2.32213
1.52496
2.81851
3.14805
0.914004
2.17729
3.43735
0.470757
3.70205
2.70387
3.41547
1.43028
2.02877
3.70847
3.24824
0.902957
2.55026
3.99868
3.72504
0.455425
4.27001
3.08017
3.97866
1.87618
2.39168
1.33825
4.27346
0.882689
2.91871
4.56556
3.74251
4.24861
2.22869
1.77643
4.54613
0.431342
4.84202
3.4526
2.75215
1.3133
4.84353
0.854266
3.28333
3.99354
5.1383
4.43974
2.56808
4.81731
2.15335
1.74589
5.11853
5.41912
0.399543
3.821
1.27952
3.11028
5.41923
4.2991
5.07847
0.81864
3.64427
5.71726
2.59696
5.39216
2.12304
4.75969
5.68623
1.70525
0.360919
6.00213
4.18582
1.24042
3.46581
6.00118
5.33665
3.04507
5.65386
2.56626
0.776623
4.73503
4.00172
6.30292
5.9571
2.09445
6.27015
1.66141
0.316249
6.59175
4.5473
5.29246
3.84378
1.19362
6.58993
5.95594
3.47141
2.99871
6.23654
2.53004
6.54615
0.728937
4.35591
5.10037
6.89573
2.0551
6.86303
1.61393
6.04499
7.18859
0.266243
4.90499
4.00703
7.17413
1.14363
3.43737
6.50821
2.94984
5.761
2.4877
6.85493
7.14206
2.01335
0.676262
7.48688
4.7059
5.52412
7.46408
1.55818
6.6307
6.33051
3.87074
7.79328
0.211595
5.25891
3.38256
4.3686
7.10243
2.89482
7.78005
1.08685
6.09527
2.43863
1.96189
0.619291
8.09545
5.05193
5.85278
7.59814
7.88267
6.91397
1.48322
8.07159
6.61963
3.81762
7.27863
4.31332
4.81629
3.34614
7.60692
8.40628
0.152992
5.60849
2.84294
1.02775
8.39501
2.3559
6.41269
1.8827
0.558702
8.71266
5.39369
6.20689
7.13094
1.40661
3.74987
4.66706
8.15697
8.39853
4.22348
7.89781
6.98644
8.6274
7.58475
8.84361
9.02802
0.0911329
5.95353
0.965356
5.17598
3.38622
6.7841
2.79804
1.81081
9.28822
2.32552
0.495209
5.73044
6.52157
7.57547
8.76732
9.00567
8.52637
4.05686
1.36927
7.28234
9.24787
4.73302
8.28789
9.5047
9.6593
0.0267317
6.29327
8.07178
0.898708
7.06414
1.71114
3.18898
5.39426
2.68548
7.83496
3.81988
2.17007
9.38849
9.14552
0.429531
9.97459
6.86081
8.88545
9.65021
4.4476
1.30344
9.89805
7.63881
8.67651
6.04128
10.1387
10.3001
-0.0394837
6.62698
8.4214
0.832009
5.06947
7.44337
3.03868
3.54544
2.535
1.90173
8.22341
9.74377
9.49165
10.022
4.18555
9.2801
10.2798
7.17498
5.61203
0.362398
10.6204
1.3475
10.533
6.4736
9.02481
8.03946
4.82962
10.7834
6.1658
10.9512
-0.106764
6.95493
8.82829
3.38104
2.87816
7.75463
3.89241
0.764041
5.36824
2.40502
10.1033
10.3836
8.53461
9.91033
1.839
9.6424
4.58121
1.37729
6.70096
7.53032
5.91404
0.294569
11.2768
10.7675
11.0147
11.1859
9.41632
8.34867
5.11308
9.11584
3.2188
3.72467
4.22702
6.46245
10.7267
2.75229
7.26875
11.6129
-0.174321
8.03853
2.25768
11.5919
0.694056
5.64947
10.5536
10.2514
8.92198
1.74442
10.0494
6.18615
4.87653
7.8435
7.00146
1.26024
0.238177
8.62759
11.9436
9.73678
11.5429
11.7775
3.58173
5.40669
4.07966
11.3747
3.09063
9.51351
4.52823
2.59367
11.1726
6.73708
12.0373
10.8912
7.56784
0.695791
2.14063
12.2853
-0.241333
8.42817
5.94474
9.23419
10.6617
12.3286
1.62173
10.3593
6.44371
8.14213
7.28691
5.0255
1.15704
8.98193
0.160125
12.6214
10.1193
3.93498
3.44131
4.43165
2.95414
12.0409
12.2921
5.68588
11.8395
11.5436
12.5189
9.85637
0.676275
2.47661
6.99585
7.85184
1.99062
12.7562
11.3193
8.72683
12.9688
-0.307
11.0063
6.22029
9.54849
13.0059
1.51744
10.759
7.55705
8.42574
6.76193
4.83085
5.43834
3.82955
1.0446
4.26579
3.29799
10.4811
9.32312
12.7096
0.0951205
13.3105
12.4896
2.81283
12.21
12.9742
11.9645
13.1906
2.3119
5.96208
11.66
8.12022
0.572421
7.26125
9.01032
1.89225
13.4416
11.3999
10.1522
13.6638
-0.370481
1.4189
5.18908
13.688
11.0763
6.54281
7.81168
3.65548
4.14624
3.14648
5.70464
4.64267
13.3965
12.8884
13.1798
0.953139
8.84128
9.93405
2.66752
12.6482
13.6685
14.0112
0.0327346
12.3361
13.8748
10.7924
2.19714
7.09077
8.37381
12.0707
0.480783
1.78337
14.1156
9.64706
11.7444
10.4978
14.3703
-0.430928
1.316
5.4504
14.3837
3.96921
3.48876
6.34103
8.15807
8.86554
11.4316
7.70979
4.44909
13.5814
13.8603
2.99074
14.0902
13.3253
13.02
4.94363
5.96153
2.55568
14.3526
10.2691
0.875781
9.46977
12.7442
11.1445
14.5718
14.7235
-0.0261953
8.6113
6.86937
2.09207
12.4121
1.61124
0.386889
9.94017
12.1219
10.8888
4.67967
7.40659
8.27346
9.18378
4.24271
15.0883
-0.487515
3.80786
1.23364
3.33847
15.0941
14.2877
11.8124
6.57085
14.0356
14.574
13.7255
2.87966
14.8117
13.4458
10.5667
15.0449
2.41149
8.8327
13.1123
9.77094
7.9477
15.2708
5.66613
11.4967
6.16923
1.92366
15.4473
-0.0808045
7.0931
12.8154
5.06841
0.8857
12.4373
1.46413
10.2878
9.39492
8.49008
4.57287
3.64489
4.11222
11.2164
7.62557
3.23066
15.0066
14.7437
14.4398
15.8177
-0.539519
15.2858
0.321875
12.1756
14.1537
2.73897
15.5316
13.8199
15.8632
9.03789
2.27769
6.63183
15.78
8.15205
9.98239
10.9
6.01396
5.54446
13.5125
1.82695
11.8843
13.1422
-0.130605
16.2257
8.69275
9.58681
0.721192
5.00735
7.30129
3.97724
4.4281
10.5873
3.53888
1.2129
15.1742
15.4799
15.7417
3.08614
14.8482
11.5645
16.0212
14.5532
9.22653
16.5579
-0.586147
16.2572
12.9623
0.274784
2.64562
8.34078
10.1752
12.5797
14.2416
7.96198
5.46958
2.18806
5.88724
16.5138
6.31643
6.83516
11.2106
13.8669
16.7088
9.76192
8.87898
12.2518
16.9282
-0.174482
0.696435
4.27954
10.7819
3.83219
4.72642
5.18041
1.63067
3.38095
15.5929
13.6808
16.2238
15.9446
16.4838
9.39841
2.9989
15.2985
16.7556
10.3521
8.5126
14.9813
7.51816
16.9969
2.50928
11.8743
17.3089
-0.626575
5.72619
13.3746
0.232757
6.17679
6.64092
17.2472
1.1013
14.6888
9.91919
9.04876
11.4132
7.05715
12.9659
17.4721
8.15348
14.3401
2.00579
4.13661
3.70903
17.6845
-0.211803
10.9601
9.55363
16.6813
16.9535
8.66936
16.3965
3.3
0.636355
14.0235
17.2405
4.66149
5.10863
2.86427
12.5627
16.1014
17.5106
15.825
5.59111
15.4433
1.4549
6.03707
17.75
9.20173
6.49493
2.44606
12.0814
9.99888
6.90515
7.86169
13.695
18.0703
-0.660127
7.38589
0.19878
18.0685
17.9988
15.1741
11.5927
1.02968
3.98409
13.2777
9.69196
8.38353
3.56024
14.7815
10.6542
17.4507
17.1698
17.7191
1.83895
3.14958
16.8692
18.4511
-0.241911
18.0185
2.81028
0.596327
14.4549
10.1858
16.5998
16.2256
12.7774
4.50228
18.2708
9.41776
5.43335
5.86828
6.30168
18.5075
5.04881
1.42112
6.75176
11.3252
7.18743
14.0305
12.2646
15.9542
18.7178
9.81416
7.66969
18.8412
-0.68616
8.93075
0.170971
8.19888
15.5661
3.84214
2.21592
4.22514
0.999033
3.49367
13.6468
17.33
17.9541
18.2299
9.45785
16.9626
17.6565
18.4928
15.2346
10.2361
12.0109
3.10077
18.775
1.80609
19.227
-0.264163
2.6957
5.70756
14.8107
13.1895
5.30746
6.12315
19.033
16.7457
0.57892
6.54452
9.91931
6.98436
4.9151
16.3335
10.8892
19.2713
4.52437
7.44104
1.39315
11.5681
4.13897
14.4179
7.92975
19.6209
-0.704093
10.3845
9.56104
12.7554
16.0407
19.5885
3.7545
0.150702
18.4202
3.45474
2.1822
18.1347
18.9815
17.7764
18.7491
3.04008
8.42822
0.977573
15.5942
9.13302
13.954
17.4223
19.2804
10.0075
19.5587
12.2662
5.96077
5.56515
6.37486
1.77753
5.2144
17.1532
20.0109
-0.278025
4.82692
19.809
6.79252
15.2275
7.21799
0.562315
13.5022
16.7458
9.64739
20.044
4.45769
7.66635
10.4056
4.08215
2.54768
1.37403
14.7402
20.2551
11.7883
8.10496
16.4224
10.0789
20.4083
-0.713439
3.72302
12.9977
3.3374
8.6079
19.763
18.5874
19.5408
11.0574
18.9566
19.2769
18.2512
0.139435
2.15749
20.0408
15.9709
0.969531
17.9809
2.9497
14.2985
6.20189
20.3214
10.5153
5.82259
9.78215
17.5845
6.57915
5.09333
5.45134
6.98362
9.30163
1.76155
12.4944
4.3878
4.76472
20.5849
7.40642
20.8022
-0.283058
15.5698
13.7654
20.7853
0.557139
10.1335
7.84869
4.03551
3.65465
17.4976
2.53077
1.36922
15.0621
8.31654
21.0316
19.4026
20.2707
20.0379
11.9546
19.7851
9.76947
16.9098
19.1008
18.6853
20.567
8.81525
3.29062
10.4975
21.2024
-0.713797
13.2537
18.2886
0.141664
20.8412
2.1471
16.4371
6.05288
6.41525
2.91312
0.965222
14.5791
5.70224
5.34857
6.78906
10.1712
21.1165
4.99814
11.1566
7.16192
4.64868
21.3038
4.28458
7.57585
1.76056
12.7769
10.518
15.9868
21.5998
-0.278887
3.95165
14.0107
21.5691
7.99722
9.85397
0.560347
20.2117
8.46287
3.62836
20.8518
19.5334
19.9428
21.0764
20.6131
2.52237
12.2008
1.36993
18.6029
15.4443
10.1931
3.25305
18.0189
19.1887
21.3751
9.32374
17.3379
13.4469
21.6426
22.0021
-0.704883
6.24424
5.90597
0.151096
6.59146
5.57581
2.148
21.844
5.25362
9.82761
10.5866
16.8183
6.94977
7.32421
0.972648
4.92577
22.0896
7.72126
2.88833
14.9868
4.59074
10.1986
1.76615
3.9287
20.7011
8.13881
4.26411
21.0587
-0.265314
22.419
21.3803
11.1805
20.4172
8.59715
21.8726
21.6633
20.0169
0.569168
3.57453
16.4128
12.0632
22.4801
9.88612
22.1474
19.6517
2.52858
10.6179
15.7507
13.3187
1.37803
19.1922
6.4148
6.09755
18.5895
22.4189
5.80058
5.49173
10.1891
6.73533
7.07494
3.23312
22.8056
-0.686528
22.6323
5.18412
18.0706
14.2869
0.168689
9.45273
2.15849
4.87397
0.990988
9.82257
7.80497
4.56334
21.5631
8.82222
10.9672
7.46217
11.8219
22.9861
10.5447
21.2994
21.9193
11.3786
22.4037
22.1856
3.89103
1.78294
17.5218
12.6823
12.2016
4.24605
2.88879
10.1632
20.995
23.2078
-0.242212
22.6947
20.5821
3.54291
13.1739
15.8487
0.59667
8.20399
9.6651
13.5621
22.9623
20.193
14.0805
6.27003
2.54284
6.5632
5.98831
1.4033
9.32501
5.70519
23.1812
6.86126
5.41983
19.8142
11.6266
23.4582
11.2279
8.99053
12.0395
7.17621
10.8439
14.531
12.4696
5.13298
19.2364
10.4747
23.4286
12.913
10.1211
23.6118
-0.658665
15.0959
0.196384
4.85133
2.1783
13.3715
9.78194
8.73721
16.9682
3.25984
7.71397
13.847
23.6782
1.02039
9.45636
4.55186
22.1843
8.43241
18.6942
22.4775
22.7758
23.0163
14.3375
15.67
21.9094
23.2346
9.14733
4.25015
1.81167
21.5436
2.92479
14.8449
23.5169
8.20286
8.85335
16.1207
24.0153
-0.209556
21.2037
3.92205
6.14372
23.775
6.39974
15.3641
0.626903
20.8129
8.57442
5.63266
5.89085
7.93465
16.72
7.33493
2.57062
23.9757
5.37381
1.44019
6.68064
18.2738
15.8984
20.3886
8.31016
3.60902
5.11886
24.2076
19.8151
7.72094
17.2362
4.84406
16.449
24.4191
-0.621354
24.3812
8.06166
2.213
0.234898
23.5736
3.30323
23.07
23.3523
7.50087
4.56469
23.8423
1.0581
17.8801
24.0418
22.8307
7.00672
22.4873
7.82868
17.0134
4.26876
24.3009
22.1862
2.9622
1.85443
7.32959
21.7944
6.2785
6.05732
6.50089
7.61183
5.83373
17.594
19.5051
18.4208
24.56
24.8232
-0.167493
3.96402
21.4236
5.60116
0.671776
20.8614
5.36819
2.61387
7.13328
24.8111
7.41145
18.1871
5.11704
1.48146
19.0976
3.66565
25.0079
23.9142
4.85544
24.2081
24.6019
24.4298
23.3973
7.22798
25.226
-0.574789
23.732
6.69165
6.9922
2.26336
25.2328
0.28141
18.7964
3.33958
4.58739
24.8691
23.1578
19.6625
1.10646
22.7764
20.7304
25.119
4.30501
7.06071
5.99642
6.83231
6.18691
6.36855
3.00559
19.4177
5.8008
1.90343
25.3154
22.488
21.9708
5.58989
20.368
4.01276
25.6299
-0.116272
5.37699
6.9104
0.726545
25.6196
2.66979
6.72005
5.1395
20.0536
24.5348
1.53575
6.4947
3.71021
24.8061
25.7978
4.90212
25.254
24.3363
25.0786
20.9553
25.4335
6.77596
24.1121
23.7477
25.9621
26.031
-0.519274
2.31976
6.59778
21.9995
4.64297
3.39629
0.337052
25.6907
20.7001
23.4901
1.15924
23.0516
5.97802
25.9292
4.36754
5.80559
6.65926
6.16145
21.6858
26.1021
3.07257
5.62047
1.9604
6.51775
21.3597
6.35694
5.41769
4.08328
26.4339
-0.0562452
26.3772
0.786093
6.55963
5.20005
25.4382
25.8412
2.73418
25.2425
25.6791
6.44511
22.2921
26.5353
3.78142
26.0712
1.59984
25.0498
26.2249
4.96607
24.7594
22.028
24.4332
26.7368
26.4578
6.47835
4.71499
2.38611
26.8323
-0.455241
3.46498
24.1142
0.402972
6.1272
5.99408
26.6994
23.5981
23.0432
1.23171
6.38789
5.85012
4.44404
22.7072
26.8853
5.68034
6.28217
3.14567
6.41572
26.5175
2.03015
5.49459
4.16377
27.1261
0.0120749
26.1352
25.9132
26.3623
5.28678
6.34462
0.856054
27.2895
23.7113
26.8756
25.7485
27.3043
2.80886
23.3926
25.4724
27.0404
3.86245
26.7087
5.05798
6.37073
1.67638
25.2066
27.2653
6.16465
4.8083
2.4664
3.54875
6.06204
6.32721
27.6287
-0.383238
0.475545
27.4956
24.4339
5.92889
6.27999
24.9205
24.0882
6.34387
4.54411
1.30614
5.77833
27.8044
27.3695
3.23061
5.60079
2.11692
26.8093
4.26016
26.6074
27.0278
27.2084
27.6142
6.33239
5.39603
26.4737
28.0273
0.0880893
25.0632
24.7871
6.33656
27.9818
26.2529
0.936839
28.0691
2.89311
27.8446
3.96084
5.16587
1.75878
6.25393
6.35183
6.16609
27.7847
4.9238
28.2249
3.65258
6.34874
2.55928
25.4911
6.05298
28.4188
-0.303912
6.34694
0.556441
25.841
26.195
5.90207
4.65523
1.39264
27.63
28.5397
28.1965
27.5369
3.32809
5.73128
28.4613
27.4138
27.9254
2.20605
4.37098
6.39755
6.38101
28.4256
5.52568
27.3122
26.1951
27.1111
28.8141
0.171105
26.4741
28.7589
1.02194
2.99716
5.29731
4.07563
28.7335
6.38977
28.413
1.85126
6.31321
6.45681
28.6147
5.05324
6.4334
29.0988
6.20613
29.0137
3.76044
26.9004
2.65762
29.2015
-0.218013
6.05711
0.64323
28.3979
27.2514
4.78265
28.5232
28.3235
1.48481
27.62
6.52918
28.7463
28.2053
29.3035
5.88667
3.44111
28.074
29.2495
6.50609
29.114
4.50088
2.30609
6.55054
5.68019
27.6016
29.3677
0.260311
29.5962
29.528
27.8801
29.6239
5.45355
1.11041
3.10504
6.57396
4.19832
29.3283
6.50649
1.94324
6.59824
29.2984
6.64095
5.20013
6.3933
29.8268
29.7854
29.3254
3.88517
29.2513
2.75464
28.2991
29.1846
6.24956
29.9758
-0.126371
29.1239
0.729546
4.93066
29.7934
29.0859
28.6465
6.06814
1.57147
30.0701
6.77109
6.71227
3.55591
29.0915
30.0288
4.63818
29.0172
5.86062
2.40231
6.78216
30.2382
28.9878
0.354843
30.2919
6.81189
5.62211
30.3702
30.1023
3.21629
4.32889
1.20337
30.0487
29.2616
6.73487
30.047
30.3222
29.992
6.8473
2.04
5.36706
6.62138
6.91149
30.5648
30.0233
29.964
30.5611
4.01305
6.46368
2.86878
29.9704
29.6689
5.08002
30.7397
-0.029882
0.833289
6.27052
30.0309
30.6026
1.67921
30.8168
7.07657
7.00492
30.0085
3.67699
30.8015
6.05274
4.7917
2.51112
7.10116
30.3383
30.8637
5.80544
30.3776
31.0433
30.7778
0.453773
31.1224
7.00415
30.7673
3.3282
4.47724
31.1709
1.30852
30.7738
7.17912
30.7585
30.9783
6.87354
7.18429
31.1092
5.53308
2.15156
30.6784
30.7912
7.27095
31.3135
6.69785
30.8329
31.3135
4.15908
2.98616
5.25628
30.9946
31.4937
0.0705
6.49584
0.936445
31.3814
31.0717
1.77963
31.567
7.38663
4.94366
6.2612
31.559
2.62717
7.36116
31.3929
7.50569
31.4975
7.54367
3.74249
31.8187
5.9977
31.51
31.6505
31.7884
7.29747
31.6373
0.556111
31.5227
31.8692
4.63718
31.5499
1.41365
31.6501
7.14867
5.72394
31.6375
7.61112
31.8849
2.2583
31.7169
32.0285
7.6974
6.95619
31.9625
4.24093
31.9096
3.45351
3.03263
32.0704
7.6965
5.42097
6.7299
31.9747
32.2365
0.173781
32.2602
1.04096
32.1521
32.2922
1.89846
32.3289
6.47612
5.09677
32.1624
7.86012
32.3097
7.74555
2.75242
32.2448
7.97938
32.6268
6.20483
32.2898
7.61477
4.0178
32.5166
32.5619
32.4249
32.8676
0.660851
32.6085
4.78267
32.3912
32.4171
7.43646
32.4744
1.52645
8.11653
5.90473
32.6059
32.6234
3.28272
2.3844
32.8691
8.13091
7.21941
32.7591
32.8018
4.52191
8.23498
32.7977
8.14147
33.1749
5.58888
32.7387
6.97077
32.9681
0.278945
33.4511
1.14647
32.883
3.79125
33.0151
8.10151
33.0221
6.70583
2.0095
5.23857
8.42743
2.9368
32.9882
33.103
33.0769
6.40798
33.102
8.00997
33.7822
33.1847
4.29447
8.57031
33.2679
33.2385
33.3103
34.0159
0.766962
33.3338
33.2231
33.2788
33.4921
1.63449
6.09411
4.84516
33.6965
7.87433
3.55087
2.49839
33.4472
8.70392
33.3785
8.74682
33.9709
33.4167
5.78085
7.22369
33.5051
34.3011
8.87035
7.70336
34.5552
33.6875
0.384963
8.74076
33.6575
1.25289
4.06507
33.7261
33.7222
2.12439
6.96048
33.7795
9.0922
5.43156
33.8402
33.9274
8.66697
6.61579
33.8425
3.15149
33.8857
34.1344
33.8819
33.8976
33.9399
33.9673
34.828
4.58485
35.0713
34.3571
0.873408
34.0473
9.25851
8.52753
6.29521
1.74262
34.6481
8.24495
3.82837
34.1572
2.61781
34.1675
9.46102
9.3873
34.1825
34.9962
5.1096
5.94815
34.253
34.2408
35.5637
34.4084
35.3592
8.05007
34.363
34.3838
34.395
0.490803
1.35944
7.15383
4.35304
9.63916
34.3998
34.429
2.23553
7.67062
34.6059
34.7362
34.5435
3.06204
6.83278
9.47358
5.66247
9.8594
3.57742
34.5874
36.0326
34.6495
34.6363
34.6141
34.6214
4.87025
35.9211
0.979158
34.7489
9.95206
9.34684
1.85161
35.351
35.7943
8.57582
34.8154
4.10405
34.8074
2.73076
9.98244
34.909
6.10941
34.9267
6.58348
35.2969
34.9255
36.4758
10.2749
5.40461
34.9361
35.8305
34.9692
35.1473
8.40582
7.69966
36.3945
10.3561
10.0577
35.0754
35.0904
0.595455
35.0681
1.46931
4.62991
9.20296
35.1011
9.97813
2.34564
35.8983
36.3398
10.4099
35.2001
7.27297
35.3338
36.8886
9.94042
3.23211
5.94827
35.5256
10.7188
3.86513
35.2786
36.3126
10.4368
35.9385
35.3216
35.3072
5.16475
35.3291
35.9178
1.08321
35.438
8.24065
36.3092
10.4414
9.95112
1.9557
8.9766
10.8695
36.7981
35.5033
35.5159
4.39725
35.5115
37.2847
2.84318
35.5562
9.7976
35.5751
36.3298
10.4208
37.1074
35.5959
6.5055
36.0579
36.7674
5.67374
11.188
35.7392
8.83101
35.8324
7.91084
36.6951
36.0876
35.7531
7.12554
10.8659
10.3764
36.3735
35.7735
0.69794
11.0733
4.93397
35.7541
1.57006
35.7827
9.77909
37.6517
35.8654
2.4524
36.7059
11.4199
8.66798
36.0149
37.4858
10.3091
36.44
9.57078
10.9157
4.22068
35.9387
6.25534
35.9791
36.2747
11.6798
35.9764
3.2394
35.9859
5.40695
37.3579
7.7016
10.8849
36.8106
1.17643
37.9956
10.2215
36.5282
36.1149
9.42664
36.3409
8.48502
36.1311
2.0607
36.1808
4.68518
10.7683
36.1704
37.8726
6.90501
36.1898
3.80987
36.3288
36.8692
11.98
11.4217
36.2594
10.1125
36.6375
5.96192
12.1951
9.26253
36.4955
36.3574
38.3135
8.28398
36.4348
37.349
2.94293
5.14101
36.4191
36.4449
0.797282
36.4309
7.47654
36.4579
10.7563
36.9529
1.66558
36.4633
38.1714
9.9835
36.7672
12.1178
4.34597
12.4065
9.07932
36.6711
36.5342
38.0282
38.609
6.5647
36.6209
36.6139
10.6642
37.0557
12.7365
3.47334
36.648
5.69382
9.83406
36.9169
11.5364
8.05873
36.7522
37.3605
38.5046
1.27422
8.87739
36.865
36.7807
36.793
36.8132
2.15445
10.5471
37.1802
36.8258
4.88214
2.6638
38.879
4.0145
9.66493
37.0859
12.9992
38.044
13.298
6.21424
36.9533
36.9875
38.7612
7.25851
36.9994
8.65905
37.0801
37.0152
12.4285
37.4833
11.2079
10.4113
37.3242
3.16619
5.43821
37.0641
39.1278
37.1048
0.892563
1.76226
37.1251
37.1569
7.90784
9.47672
37.274
4.55542
37.8957
37.1931
38.6855
39.0509
37.2491
13.575
13.8864
10.2549
37.4882
8.43561
37.3257
13.2309
2.36123
6.79166
37.2781
3.70116
5.91765
37.3079
39.3528
38.5172
9.2699
37.4808
11.0767
38.2658
5.1095
1.36746
37.4347
37.4299
37.9923
37.7749
12.0644
37.4689
39.2565
37.476
2.87899
10.0797
37.6718
4.27367
7.34285
37.5347
12.6999
39.555
14.4849
6.47763
37.6045
14.1103
9.04506
37.7057
37.6327
8.3179
37.694
10.9166
37.9196
39.2384
1.94197
39.4678
3.41027
38.6608
7.8976
37.7268
5.64993
37.7079
11.7693
38.1259
37.7534
0.982882
9.88517
37.8735
39.7352
37.7699
10.6147
37.9671
38.4231
13.6542
37.797
4.82041
37.8216
39.6396
15.1101
37.8755
14.7869
7.063
37.8825
2.59873
8.80255
37.9482
3.95173
6.21982
37.9315
12.8751
39.892
39.0235
9.6706
38.0918
38.7804
5.3779
12.518
1.45522
11.6065
38.3443
38.0559
38.0776
39.6414
39.8045
38.1132
10.5339
38.2657
15.3548
38.1096
3.12734
39.2982
15.7525
40.0278
7.66044
38.1627
4.49839
8.54256
38.2081
38.6658
38.2091
13.6653
6.78167
38.2395
9.42522
38.3152
15.0521
39.9576
11.2938
38.4854
39.1306
3.65535
5.94084
38.3189
40.1426
10.3157
38.4669
12.3441
38.6991
38.391
1.06745
5.04447
9.05676
38.4328
16.4086
38.39
38.4098
39.6405
2.11105
38.9745
38.4602
16.0682
8.26563
38.485
7.36844
38.4742
14.5917
40.2358
40.0993
2.78636
6.51774
38.5365
38.5683
4.19683
38.5677
13.588
39.4646
39.961
9.99931
38.6921
17.0791
39.2679
5.60836
40.1906
12.0335
38.9006
1.53685
38.7098
40.3099
38.7074
10.983
38.84
16.7376
38.7467
38.7282
38.7408
3.32993
39.1798
7.97278
38.7777
4.75144
15.4434
9.5959
38.8449
39.7121
39.0854
9.0238
38.853
14.4143
7.10391
38.8571
6.16774
40.3637
16.3696
17.7624
11.682
39.0515
40.2855
39.5701
13.4589
39.2504
3.87099
38.9346
2.51347
10.6528
39.0495
17.4877
39.0183
1.14546
2.01859
39.0076
40.2111
39.0391
39.4756
40.3973
5.30965
40.351
39.0947
8.58781
39.0901
7.66353
39.087
39.969
3.04159
18.4531
39.1246
15.3101
39.3059
4.41332
6.75188
39.1538
39.8308
40.4129
13.0576
14.2662
39.19
18.1051
10.293
39.2744
40.3928
39.7228
5.88359
12.4469
1.61126
39.3318
39.3411
11.3571
19.1514
40.4096
3.56069
17.6344
39.3852
39.6845
40.193
4.96762
40.4171
8.2763
39.3821
9.2158
39.4075
16.2304
39.4101
7.33855
39.412
39.5139
40.0699
39.6224
39.5589
18.8735
15.1226
12.0075
40.4057
40.3866
9.77469
39.5039
6.40787
39.4856
4.10367
2.73324
39.539
39.9958
19.8521
14.1027
10.997
5.52239
40.4239
39.9245
39.603
1.21602
39.6356
2.08994
40.3448
39.6468
40.406
7.89347
39.6466
13.1475
19.5016
40.378
39.7027
8.86799
39.6875
3.26423
17.2511
39.8994
40.284
39.7313
20.5566
39.8482
16.0312
40.1929
40.2848
6.99901
39.7515
4.65087
39.8252
14.9363
39.7963
10.5598
40.3777
6.09387
40.1612
12.7564
39.8894
20.2781
40.2067
40.479
13.9158
40.4758
1.67751
21.2602
39.9101
19.1406
39.9442
39.9249
3.79739
40.322
39.938
9.47215
40.4571
40.1675
5.21537
8.511
39.9689
18.3278
40.0479
2.50733
40.1106
16.9886
7.59684
39.9986
40.4146
12.3151
15.8067
40.0861
40.4401
21.9642
20.9097
40.3664
6.6532
40.0973
2.95719
40.2574
40.1246
39.9976
4.3034
11.6756
40.2295
14.7247
40.1778
5.7315
40.2164
40.1673
40.379
40.2438
1.27829
2.1527
40.2568
39.8682
22.6612
21.6421
40.2231
8.2139
40.2328
13.7229
40.5985
40.2941
40.5935
3.43823
9.14596
40.2729
40.5848
18.0058
10.2187
40.3165
4.85148
20.4305
40.3097
40.3715
16.74
39.7222
40.5642
40.4375
40.3549
7.26485
40.3426
40.0647
23.3556
11.2873
15.5646
40.5575
40.5311
22.3175
39.5579
39.929
6.30178
40.4488
40.4863
2.60337
14.4993
1.73446
40.5063
13.3703
3.97345
40.5477
24.0449
40.4921
18.9914
40.5213
39.3773
5.41256
8.81903
40.5307
12.3754
23.0834
9.79733
40.5365
40.6326
40.7301
40.7052
40.6053
40.5716
40.6249
17.6593
7.89391
40.5828
39.785
40.7515
39.181
10.8996
40.6635
24.7192
40.2111
40.6528
16.4491
39.6398
6.90499
40.6567
21.756
40.7618
40.4759
3.12436
40.7082
4.52685
38.9676
12.0007
15.3169
23.7034
25.391
40.8148
39.4781
38.7357
40.8433
1.33141
2.20539
5.94535
40.8051
40.8525
40.8076
40.7847
40.7886
14.2684
8.43167
40.8097
13.1585
40.8391
39.2704
26.05
40.8844
40.8253
18.6403
9.44264
40.8329
40.7653
3.6158
38.4847
40.8868
40.8906
7.49819
40.8669
20.1578
10.5092
40.8617
40.6248
5.04766
40.9226
39.0997
17.3729
40.908
26.6984
38.2154
39.9249
11.596
24.3582
16.1714
25.0631
6.57538
40.971
37.9274
27.3318
41.0191
41.0618
23.3729
4.16169
40.4105
38.8626
12.7324
15.0693
1.78088
37.6227
21.214
25.7294
41.0402
41.1428
27.9541
41.0567
38.6275
39.6482
41.0554
41.0605
2.68245
41.1676
9.04265
41.1006
37.3046
10.1027
41.0059
40.9212
41.0972
40.7824
26.4487
28.562
19.6808
5.58423
41.1662
8.10614
41.1421
18.3133
14.0204
36.9711
41.0848
11.1755
29.1579
41.2572
38.3617
17.0427
41.1314
36.6288
41.1645
40.5632
7.16989
41.2282
41.2744
29.7373
4.71244
27.025
36.2753
3.21995
38.0823
12.3085
30.3033
15.9038
6.19927
35.9059
27.7141
41.338
35.5218
30.8527
41.2337
39.2352
41.3123
37.7863
41.3009
35.1229
31.3891
1.37447
41.435
2.2471
40.2793
34.7096
41.4454
31.9099
41.3435
34.2795
32.4163
41.3727
8.64104
33.8368
32.9047
41.0889
33.379
41.457
14.8172
22.3103
7.68141
24.2015
19.2866
41.3552
3.82356
20.735
25.4204
9.68642
40.9599
37.4979
41.1964
41.3351
28.9301
28.3788
41.4409
41.3682
10.7696
37.1825
17.9537
40.759
41.2828
39.8395
5.21948
41.5313
11.8768
36.5871
29.4579
41.5352
16.7591
30.0485
38.706
6.78829
41.3752
41.4539
36.2053
26.609
13.8112
41.6368
35.371
4.34379
31.1841
30.5884
40.5057
13.0407
15.6323
35.7826
1.81511
41.5848
34.5469
41.7306
32.2244
41.6096
33.188
41.5871
34.9277
33.5689
41.5008
23.5241
36.9267
2.71973
41.641
40.0862
41.6563
41.1414
41.7535
41.7029
5.70551
21.764
31.757
38.2712
10.3378
9.27454
34.0671
41.2879
32.6721
8.28689
41.6118
20.2852
18.8951
40.9562
41.3954
37.7921
11.4502
14.5667
40.702
7.38542
17.6436
41.5136
41.7829
41.6546
27.9957
36.5607
39.5997
12.5908
37.2236
16.466
4.85038
41.9003
6.41277
29.1057
41.8991
41.6476
41.8353
41.9745
41.8653
3.35289
36.132
42.02
1.40633
2.27571
24.5585
40.3738
42.0308
9.92646
41.8681
41.8455
36.865
22.8251
41.9301
8.91472
7.99958
42.0191
41.7533
41.353
15.3514
3.99679
38.9572
41.1659
30.164
19.8621
21.3077
11.012
41.5126
42.0382
41.9994
41.6299
18.5399
13.7115
40.929
33.4947
39.9186
41.8943
26.3091
32.395
35.5691
31.4376
17.3061
42.0997
34.7622
7.00856
41.8382
41.776
36.5513
41.9395
5.46197
14.35
38.078
40.6342
39.3312
16.1633
1.83478
42.1395
42.2238
42.1214
6.04759
42.312
38.5844
7.61644
4.4774
42.2732
42.1118
2.74356
42.2109
42.1949
42.3248
25.5839
36.9223
41.3858
27.1991
9.53876
13.3683
22.3207
10.5847
41.5768
23.8902
19.4329
41.7263
8.53112
40.2201
41.1583
20.8385
42.1204
42.0365
12.2126
36.1639
11.5934
3.68619
15.0712
42.3935
18.1835
40.8608
42.3373
41.8906
6.56939
42.1429
42.4068
42.0067
39.7035
29.0372
16.9952
42.4473
42.1357
37.4275
36.5575
42.3742
42.4098
42.3561
30.6088
14.0525
2.28841
1.42552
42.5997
40.512
5.17367
32.0871
42.605
8.07892
10.1476
21.8042
20.3659
23.3368
9.11594
41.6241
15.8672
39.0527
42.6238
42.3834
41.4019
41.9632
24.9222
3.21874
42.5138
11.2367
41.8248
42.5889
42.5504
26.5184
29.8323
42.371
41.1182
36.8967
19.0825
4.10014
42.6501
40.0268
34.0376
28.2579
42.6469
36.2199
17.8484
5.79434
13.037
42.264
42.1778
42.4032
14.8173
42.7562
38.3
35.704
33.1187
39.4516
6.38733
40.8023
7.60986
1.83676
16.6809
31.3676
42.6414
42.68
42.7772
42.8888
22.7906
21.3237
36.5794
24.289
42.6304
42.7346
41.6472
40.3554
9.75609
41.8747
19.961
6.99165
42.0699
41.379
42.6245
42.803
13.771
27.5334
25.9353
15.5618
12.0528
2.80169
18.7044
41.0493
42.9957
42.9277
42.2579
38.7608
42.8829
42.6283
34.8368
36.2533
42.4197
39.8283
8.72586
36.9815
3.71913
43.0314
10.9098
29.1953
17.5162
4.92806
4.38313
10.3078
42.5614
42.9925
12.7465
42.6357
42.9058
42.9459
30.6986
42.8796
14.4963
2.28199
1.42989
43.1763
40.6749
22.2883
43.0002
8.20038
43.1796
32.3268
42.8659
37.9579
43.1291
20.8965
23.7771
42.1288
41.9132
39.2
16.3599
41.6468
5.53332
42.329
25.28
9.34965
43.1284
36.6173
26.9176
19.5795
42.4949
41.3388
40.1859
42.8809
34.0988
6.12434
43.1386
28.4686
43.1925
11.7276
18.347
13.489
29.9563
15.2623
42.8643
6.72149
38.4546
39.5897
40.9838
37.4539
43.2059
42.7364
1.81735
37.033
36.2355
17.1732
31.5293
43.168
43.3148
43.2117
23.2526
43.4633
3.33239
43.4182
43.1379
21.8208
24.7509
7.33056
41.9216
40.5325
42.4018
9.99986
43.407
42.1934
20.4793
41.6229
43.1253
26.3142
14.2305
43.3372
33.3127
27.7642
42.6127
12.4827
16.0454
38.9246
41.2733
7.95028
43.4685
19.2121
4.12372
43.1124
34.7211
39.9847
35.6917
36.6718
43.5317
10.7415
42.8177
4.69556
30.8405
43.4714
29.3703
17.997
43.0016
8.58128
43.5319
5.26695
40.8543
43.4322
43.477
14.9644
38.0909
13.1994
43.3977
1.41463
43.7538
22.7593
43.5314
2.28999
43.1354
24.2094
5.85537
36.3451
43.7487
43.3734
39.3651
16.8452
42.4618
21.3888
42.2084
25.7174
41.9176
11.4969
37.1037
42.6935
9.2121
43.6619
40.3633
42.8964
20.0891
43.3546
6.45207
41.584
27.2671
2.93814
43.8124
43.6625
34.1974
43.0823
28.6717
32.5539
13.9315
43.7233
18.8426
7.05838
9.86488
15.7364
30.2269
43.3499
38.6551
12.1888
39.7897
41.1919
36.7434
43.7345
17.6656
31.6297
3.75687
7.67492
43.6883
43.7403
44.04
23.6951
43.9488
43.6506
22.3004
25.1546
42.2123
42.5012
10.5312
40.7313
42.7546
1.8848
20.9622
41.8832
43.6197
43.8633
26.6553
14.6584
4.43057
37.6278
12.8997
42.9954
8.29926
39.1305
44.0069
29.5785
16.5165
43.3949
33.5668
43.2099
41.507
19.6997
4.99522
40.1793
43.5965
44.0308
43.9936
37.1898
36.3671
28.178
34.877
11.2054
30.9545
43.9989
5.58234
43.9316
44.0682
18.4946
8.93766
2.53487
44.2157
43.5665
41.0847
43.9537
6.17763
13.6246
15.4192
43.9127
38.3673
1.37489
44.3396
44.0557
23.2147
24.6306
39.5834
43.8782
42.8023
17.329
42.1921
9.5813
21.8536
42.5233
11.8962
44.1733
26.0887
36.8317
6.78179
44.1612
43.0652
40.5725
43.5296
20.5635
33.0448
43.8469
41.8367
27.5596
43.3062
29.0617
34.3273
7.38211
14.3522
35.8943
10.2425
19.3292
16.1926
38.8686
43.8139
3.00665
32.3529
1.70372
44.5296
12.5978
44.2221
36.5149
44.2768
39.9945
3.57633
41.4354
44.4606
8.00405
44.322
37.2932
18.1294
31.738
4.15042
44.4685
44.2067
44.4621
40.9553
24.1244
30.4956
43.7742
10.9123
44.1597
22.7489
25.5341
42.8296
44.2909
4.72867
42.5125
43.115
44.4748
2.11304
44.6375
21.4365
44.3857
42.1654
44.1191
8.63751
15.104
26.9714
13.312
5.30245
43.3842
39.3482
44.5034
16.9802
33.7816
20.1781
41.7631
40.4121
44.0782
5.89537
43.6335
35.1383
28.4401
11.5865
44.5451
37.8207
36.9367
9.2789
18.9551
6.49366
44.598
44.0362
29.8811
14.0399
41.3302
15.8686
1.27879
44.9627
44.5764
44.503
9.93414
23.653
25.0253
12.2835
7.09411
39.8049
42.8374
38.6747
44.6609
44.3821
17.7814
43.1535
42.4952
37.3331
22.3134
26.4255
43.9657
44.8657
40.8078
43.4411
36.5648
31.312
21.0359
44.3395
42.1118
2.71054
27.849
7.71206
43.7032
44.7321
3.28726
34.4848
10.6009
32.3127
44.5645
14.7811
3.86169
1.64535
45.1052
16.6467
19.7885
39.1152
41.6845
12.994
33.0703
44.2927
43.9768
44.9332
45.0468
2.22094
29.2942
44.6539
44.9138
8.34076
4.43849
40.2464
44.811
44.7458
44.9157
18.59
5.01996
11.2824
44.9354
36.0979
37.0588
41.2043
24.5271
30.6959
44.2379
44.6687
23.1892
25.9116
43.1695
8.98068
42.8298
5.60772
44.8967
43.4767
44.9696
15.5354
21.8775
13.7166
44.6176
27.3049
42.458
39.5924
43.7726
17.4167
6.20286
45.0161
20.6307
40.6547
42.0481
38.4127
11.9737
44.0384
44.5658
28.7087
9.63173
44.9098
44.9883
36.752
35.1576
6.80627
45.0732
19.4128
37.5489
41.5872
14.4516
44.5068
30.1226
32.0274
16.3045
44.3222
7.4187
10.2914
45.1394
45.0848
40.0567
33.8663
44.8562
12.6646
45.7674
0.983161
45.4718
1.78782
45.0165
25.4072
24.0633
18.2175
45.3757
2.41095
43.17
38.8895
43.5079
45.3359
2.99678
22.7574
42.8058
43.8062
26.7843
41.0682
45.3206
3.57425
8.04075
45.2137
31.4717
21.4725
42.4102
28.1607
44.107
45.325
4.15087
10.9638
45.1858
38.0808
37.197
32.7009
34.6693
15.2066
45.3442
4.73056
39.3967
13.381
44.3662
17.0698
45.119
20.2502
8.67298
41.9698
29.5421
45.2952
44.9247
40.5022
45.3761
5.31555
19.0302
44.818
11.6487
45.2896
45.167
45.4192
5.90726
35.7909
41.474
9.31589
30.8806
45.383
44.7057
24.9297
43.5066
23.6006
26.2631
43.1574
43.8487
15.9596
14.1097
33.4544
22.3222
38.5969
45.4723
6.50675
37.7017
36.8315
44.1492
27.6148
42.7716
39.8744
17.8607
40.9352
9.96991
21.0844
12.3455
45.3957
45.4763
42.3461
44.446
28.992
7.11484
45.5346
35.3369
19.849
44.7135
41.8739
32.337
45.3345
14.8517
45.6051
7.73223
45.2775
30.3444
16.7234
10.6354
45.5741
40.3402
44.9768
13.0415
37.3522
38.2377
36.3984
45.503
34.1807
39.136
24.4604
18.653
25.7829
43.8584
43.5123
45.6831
8.35951
23.1724
43.1331
45.2073
44.1936
27.1136
41.357
28.4491
11.3127
21.9205
42.7237
45.6755
44.5094
31.7718
33.0945
15.6056
39.6958
34.876
45.7676
8.9972
13.7645
45.6053
20.6745
17.5045
44.7965
42.2656
29.7844
40.7948
35.9685
37.8715
36.9886
12.0019
19.4629
45.7795
45.0713
45.8579
9.64576
41.7679
31.0842
25.3123
43.8689
26.6024
24.0165
44.2136
43.4996
45.5422
45.709
14.4998
16.3676
33.798
22.7328
43.0925
44.5486
27.9453
40.1782
45.3545
18.2826
45.9532
10.3056
12.7033
41.2331
45.8852
21.5046
42.657
38.7956
44.8686
29.263
37.524
38.4098
36.5753
35.5398
32.7209
20.2793
45.1488
45.8174
15.246
42.1804
46.0526
10.977
17.1394
30.5713
13.4168
40.6348
45.9916
34.4985
45.4369
24.8486
19.0762
26.1543
44.2336
43.8711
23.5737
27.4394
45.7227
44.5774
43.4712
41.6677
46.155
11.6603
36.1631
28.7622
38.0578
37.1637
22.3314
43.0402
44.9176
15.9912
45.9189
39.9996
33.4589
14.1423
46.0895
39.473
21.0892
45.7335
17.9224
41.0858
42.576
45.2264
30.0613
32.1185
35.1858
46.2597
12.3557
19.8851
45.5169
42.0701
31.3366
25.6871
44.2339
16.7602
46.1943
14.8795
44.5973
26.9716
24.4102
46.0179
37.7126
43.847
38.5985
36.7681
34.173
28.2611
23.1561
40.4856
43.4275
44.9505
45.8101
18.6939
46.3655
13.0631
41.536
21.8961
45.2671
42.9788
29.5561
35.8504
33.1146
45.5853
20.6884
15.6282
46.2966
42.488
30.8241
17.5393
46.112
46.4715
13.7825
40.9568
38.2604
37.3556
39.125
34.866
45.891
19.495
25.2383
44.6071
44.2235
26.516
27.7809
44.9718
41.9754
23.9871
43.8163
39.962
22.7289
45.3115
36.4626
33.8266
29.0643
32.0326
43.3795
46.3955
16.3876
40.3109
46.5766
14.5138
18.3125
45.6439
21.5017
46.2001
41.3977
42.9026
30.3398
35.5339
37.9178
38.8028
36.9795
45.9629
20.3014
42.3909
31.5786
32.8071
24.7902
46.6799
15.2567
46.4901
17.1572
44.608
26.0635
39.6567
44.9887
27.331
34.5295
40.8009
44.2058
28.5867
23.5525
45.3483
43.776
19.1083
46.281
41.851
22.3212
45.6938
43.3164
29.8484
36.1837
38.477
37.5667
33.5297
21.113
46.0288
46.7802
16.0106
42.8187
31.1006
46.5793
17.936
35.1976
41.2769
40.1434
39.3438
46.3478
19.9105
26.8721
25.611
44.995
44.5964
28.1151
42.297
24.3748
32.3188
45.3749
44.1771
36.8103
23.1415
45.7311
43.723
29.3622
46.8767
16.7749
40.642
34.2386
38.1392
18.723
46.6623
46.0774
21.9276
30.6134
41.7261
43.2394
35.8617
37.2807
46.4128
20.718
42.7332
31.8418
26.4231
46.9684
17.5488
25.1911
44.9909
39.8812
34.9244
41.1305
45.3879
27.6777
44.5803
28.911
23.9556
38.5924
37.8849
45.7657
44.1326
46.7384
19.517
36.4814
39.0407
42.1834
33.0369
30.1377
22.7319
46.1219
43.6593
46.4685
21.5146
33.9945
43.1652
31.3649
47.0543
18.3314
41.6091
35.606
26.0047
46.8067
20.3167
27.2268
44.9784
45.3893
24.7704
37.1033
32.56
42.6429
28.4682
45.7853
44.5427
38.3766
40.4095
23.5477
46.1569
29.6919
44.0762
40.9889
34.6854
47.1336
19.1216
22.3269
46.5165
42.0756
30.8949
39.6597
36.2527
43.5944
37.9092
46.8667
21.1206
43.0785
32.1019
33.7102
26.8104
28.0229
25.5815
45.3801
41.4762
38.9388
44.9469
35.3188
45.7929
46.1799
24.3615
29.2514
44.4991
47.2057
19.9181
36.8163
42.5345
30.4587
23.1404
46.5588
44.0204
46.918
21.9273
34.4042
40.2077
31.6369
35.9582
43.5243
41.9648
38.6302
40.9556
26.3708
39.4892
37.7401
47.2697
20.7195
27.5998
45.3609
45.7899
32.8207
42.9911
46.193
28.8068
25.1627
44.9121
23.9454
46.5868
30.0191
44.4451
41.3563
33.4522
35.0808
46.9601
22.7352
42.4267
31.2016
36.5982
43.9588
47.3252
21.5245
39.1934
38.3247
32.3672
43.4409
37.4272
34.1422
27.1682
28.3877
41.8432
35.7375
45.7769
46.1961
45.3305
25.967
39.9885
29.5806
24.7551
46.6049
40.7883
44.8721
42.8913
30.7534
46.9927
23.5428
44.3914
47.3718
22.3314
34.8222
41.2359
31.9291
36.3334
38.8986
43.8921
42.3233
38.0236
39.7546
27.9569
46.1896
45.7547
26.7643
37.1511
33.0799
43.3506
40.5302
29.1595
46.6133
45.2911
25.5596
47.0158
24.3485
35.4725
30.3411
44.8152
33.9242
41.7307
42.7943
47.4092
23.1387
31.4819
44.3318
39.4636
38.6084
32.62
34.5968
43.8055
37.7686
42.2125
36.1222
46.1743
28.7359
46.6121
26.3403
45.7192
27.5513
40.3068
29.9253
47.0294
25.1507
41.0645
45.2511
43.2525
31.0477
47.437
23.945
44.7593
33.7152
35.2654
39.1826
36.7519
32.2099
44.2528
42.6965
41.5753
38.3575
40.0134
33.3309
37.496
29.4818
28.3326
46.1494
46.6018
27.1295
40.8058
43.7149
47.0336
25.9362
45.6808
30.6429
35.8816
47.4554
24.7486
34.3976
42.1171
45.1972
43.1545
31.7824
44.7025
39.749
38.9069
32.9213
44.1726
35.0294
38.1071
42.5819
36.5477
40.5644
29.1051
46.5833
27.9107
47.0285
26.7276
46.1169
37.2324
30.2363
47.4643
25.5481
41.3441
45.6363
34.0901
43.6242
31.3825
45.1449
39.4817
35.684
32.5052
44.6277
43.0643
38.7026
40.2881
37.8515
33.6241
29.8103
44.0855
47.0147
46.5527
27.5118
28.683
41.1011
47.4639
26.3422
46.076
41.9605
36.3213
34.8409
30.9807
42.4919
45.587
43.5372
32.1046
40.0496
39.2202
45.0787
33.2129
38.4496
44.5569
35.4684
40.8365
42.96
36.953
46.9925
28.2877
47.4546
27.1296
46.5173
29.4455
30.5792
37.6178
41.6376
46.029
44.0062
31.697
45.5294
39.7956
34.6251
36.1306
32.8042
42.4514
45.0143
43.4503
39.0398
40.5847
38.2267
44.4709
33.9196
47.4367
27.9093
41.3823
46.9624
29.0543
46.4758
30.1975
36.8088
35.2825
40.2769
42.8699
31.3084
45.979
37.3832
42.1694
43.9176
32.4188
39.6117
45.4679
33.509
35.925
44.9435
38.8112
41.1385
43.3541
47.4107
28.6802
46.9251
29.811
37.9955
41.921
46.4291
30.9386
44.3901
34.5469
39.3566
32.0471
45.9247
35.0839
42.7654
40.1235
33.1287
43.8351
45.4068
37.2866
40.7092
44.8564
41.681
34.2155
47.3772
29.4415
38.6825
46.8812
35.7452
30.557
43.2638
36.7803
46.3748
31.6683
37.7815
42.4549
44.3095
39.8805
45.8593
32.763
36.2987
45.3299
33.8325
43.7459
39.4385
47.3368
30.1926
38.3815
43.0344
42.2209
41.352
46.8315
31.2922
44.7811
34.8943
32.3865
46.3175
37.5665
40.4574
44.2301
45.7933
33.4669
42.7656
45.2495
34.5177
43.5485
35.5977
47.2902
30.933
46.7768
32.016
38.1774
36.2498
41.992
44.7003
41.0202
40.2292
46.2552
33.0931
39.2348
42.5477
37.3662
36.8331
34.1494
45.7279
44.1437
43.2902
38.7771
47.2381
31.6622
45.1737
35.1905
46.7178
32.7283
40.7972
40.0034
41.5747
44.6243
46.1916
33.7881
36.2189
43.0783
42.4324
34.8301
45.6591
43.8104
38.1143
37.2186
47.1815
32.3801
38.5824
45.0985
35.8533
41.3569
40.5775
36.8025
46.6554
33.4292
39.8378
42.1684
42.8639
44.595
46.1235
34.4717
39.5002
43.6036
45.5863
35.4993
44.3252
47.121
33.0865
41.1421
37.8464
41.9063
40.3605
39.1518
42.6561
46.5904
34.1186
45.0435
36.5048
43.3916
35.1439
46.0558
38.7964
44.1224
37.4931
40.0885
36.1485
45.5165
44.8377
41.6985
40.9308
47.0575
33.7815
42.4516
38.4474
43.1877
46.5236
34.7968
39.7475
37.1449
43.9148
45.9865
35.8053
44.632
38.1173
41.4917
39.4081
42.2472
40.7235
42.988
36.7963
45.4473
46.9918
34.4652
43.7152
46.456
35.4639
44.4336
39.0718
37.7751
40.3349
36.4559
45.9186
42.0446
41.2884
42.7864
43.511
45.2676
38.7329
46.9248
35.1377
40.002
37.4338
44.2289
46.3882
36.1202
44.9459
38.3957
39.6717
40.9567
41.8455
42.5909
37.0964
43.3216
45.8526
44.0363
46.8573
35.7993
44.7456
39.3345
45.3683
38.061
40.5894
46.321
36.7661
42.3949
43.1268
43.8333
39.0065
40.2593
41.6328
45.7862
37.727
44.5526
46.79
36.4504
45.2588
39.933
38.6783
42.2035
42.9283
41.171
46.2553
37.4021
43.66
44.3545
39.6085
45.0603
45.7222
38.3482
40.8418
46.7238
37.0913
42.7488
42.1059
43.465
44.1666
39.2863
40.5211
46.1918
38.0285
44.8723
41.7291
40.2024
38.9606
45.6631
42.5646
43.28
41.4181
46.6594
37.7225
43.9928
44.6849
39.8858
41.0939
46.1312
38.6457
45.5077
43.1063
42.3846
43.8109
39.5645
44.507
40.7888
46.5975
38.3443
41.9853
40.4774
46.0743
39.2543
41.6701
45.3513
42.9295
43.6357
44.3342
45.005
40.1606
41.3685
46.539
38.9573
42.6416
43.4673
44.162
46.0217
39.8548
41.0618
44.8501
42.2396
45.5111
40.7494
46.4844
39.5619
41.9332
43.298
43.9952
44.7231
45.9403
40.4476
41.6396
45.4387
43.8318
43.008
44.517
41.3313
46.4343
40.1588
42.5021
45.9318
41.0333
42.2045
43.6704
44.3577
45.0312
46.3896
40.7484
41.9071
45.4376
43.0256
44.2002
45.8963
41.6123
44.8751
42.772
43.5023
46.351
41.3315
42.4772
44.0466
44.7225
45.3843
45.8679
42.1851
43.3352
44.5731
46.3192
41.9086
45.2356
43.0422
43.9321
45.8473
42.752
44.4284
46.295
42.4806
45.2258
43.6027
44.9507
45.7841
43.3134
44.4478
46.2796
43.0486
44.1582
44.8167
45.4127
45.8355
43.8694
45.3363
43.6141
46.274
44.6913
45.8482
44.4207
45.2168
46.2813
44.1791
45.8774
45.0847
44.748
46.3052
45.6351
45.5216
45.3269
46.3577
46.0925
45.9441
46.4496
46.7483
