684 696 749 689 725 721
696 686 761 695 726 730
686 667 743 680 705 717
667 638 712 654 673 691
638 607 664 620 635 651
607 567 617 587 590 612
567 531 572 547 552 568
531 489 525 511 510 529
489 446 467 464 455 477
446 406 414 426 411 432
761 686 743 726 717 748
743 667 712 705 691 731
712 638 664 673 651 690
696 761 749 730 756 725
664 607 617 635 612 640
617 567 572 590 568 594
572 531 525 552 529 548
525 489 467 510 477 497
525 467 515 497 492 521
467 446 414 455 432 440
572 525 585 548 558 579
664 617 708 640 658 688
617 572 642 594 608 628
414 434 467 423 449 440
761 743 837 748 795 804
743 712 808 731 765 778
712 664 771 690 722 741
825 749 761 787 756 789
434 452 515 442 482 475
875 825 837 850 831 860
515 467 434 492 449 475
525 515 585 521 545 558
585 515 599 545 557 589
572 585 642 579 613 608
642 585 672 613 623 655
708 617 642 658 628 675
708 642 751 675 699 734
664 708 771 688 740 722
771 708 819 740 772 794
712 771 808 741 786 765
808 771 858 786 821 833
743 808 837 778 824 795
452 485 523 472 502 490
761 837 825 804 831 789
837 808 878 824 848 861
919 875 900 899 887 910
485 526 575 504 549 532
599 515 523 557 519 560
599 523 575 560 546 586
575 523 485 546 502 532
585 599 672 589 632 623
672 599 698 632 641 683
642 672 751 655 714 699
751 672 781 714 733 773
452 523 515 490 519 482
708 751 819 734 784 772
819 751 849 784 810 834
771 819 858 794 839 821
808 858 878 833 868 848
837 878 900 861 889 873
698 599 575 641 586 626
672 698 781 683 744 733
900 875 837 887 860 873
919 900 940 910 921 930
751 781 849 773 822 810
526 577 618 553 597 569
577 636 701 604 662 630
636 715 811 670 764 728
715 793 799 752 796 759
715 799 811 759 805 764
575 526 618 549 569 595
575 618 681 595 647 621
819 849 883 834 869 854
858 819 883 839 854 871
954 919 940 935 930 947
954 940 970 947 955 963
970 940 959 955 951 965
954 970 982 963 978 969
982 970 991 978 983 987
781 698 809 744 754 798
681 618 746 647 678 713
575 681 698 621 687 626
698 681 809 687 747 754
940 900 925 921 913 934
618 577 701 597 630 657
618 701 746 657 724 678
746 701 827 724 770 785
701 636 811 662 728 758
883 849 907 869 882 895
959 940 925 951 934 944
959 925 967 944 949 961
970 959 980 965 972 976
980 959 967 972 961 974
781 809 885 798 852 847
681 746 845 713 803 776
925 900 878 913 889 904
1008 999 1003 1005 1001 1006
1003 999 994 1001 996 1000
994 999 982 996 990 989
1003 994 991 1000 993 997
994 982 991 989 987 993
878 858 909 868 884 894
909 858 883 884 871 896
878 909 925 894 920 904
845 865 809 856 842 830
809 865 885 842 876 852
926 945 909 936 929 918
811 827 701 816 770 758
746 827 845 785 835 803
885 907 849 897 882 870
945 967 909 957 938 929
907 926 883 916 905 895
883 926 909 905 918 896
980 991 970 985 983 976
849 781 885 822 847 870
845 809 681 830 747 776
925 909 967 920 938 949
406 373 414 389 393 411
373 343 362 359 349 368
177 136 189 154 162 182
362 343 318 349 333 341
373 362 414 368 383 393
343 306 318 327 311 333
306 268 278 288 273 292
213 189 168 200 180 192
318 306 278 311 292 297
238 213 201 225 206 217
318 278 299 297 287 309
434 414 380 423 399 404
268 238 237 252 235 253
362 318 339 341 330 348
136 110 126 124 115 129
278 268 237 273 253 257
168 189 126 180 150 144
213 168 201 192 186 206
238 201 237 217 216 235
278 237 244 257 242 262
452 434 391 442 410 418
380 414 362 399 383 370
380 362 339 370 348 361
380 339 391 361 364 382
380 391 434 382 410 404
201 168 145 186 156 172
237 201 195 216 199 215
339 318 299 330 309 317
339 299 342 317 316 338
126 110 82 115 94 101
136 126 189 129 150 162
110 85 82 96 83 94
82 85 60 83 72 71
168 126 145 144 132 156
485 452 408 472 433 447
452 391 408 418 400 433
408 391 342 400 365 372
391 339 342 364 338 365
299 278 244 287 262 269
299 244 272 269 258 282
126 103 145 112 122 132
526 485 438 504 457 480
342 299 272 316 282 303
244 237 195 242 215 222
244 195 212 222 202 229
485 408 438 447 421 457
438 408 369 421 384 403
201 145 195 172 167 199
195 145 142 167 143 165
272 244 212 258 229 241
369 408 342 384 372 354
369 342 301 354 321 336
438 369 409 403 385 425
793 715 666 752 692 736
666 715 636 692 670 645
636 577 530 604 555 581
577 526 487 553 506 534
142 145 103 143 122 118
195 142 212 165 178 202
60 33 52 47 43 56
526 438 487 480 460 506
487 438 409 460 425 448
487 409 462 448 436 476
462 409 386 436 398 420
487 462 530 476 495 509
530 470 563 499 516 542
487 530 577 509 555 534
409 369 344 385 356 378
636 530 563 581 542 592
103 126 82 112 101 92
142 103 107 118 104 125
52 33 27 43 30 39
60 52 82 56 66 71
344 369 301 356 336 323
409 344 386 378 366 398
107 103 73 104 87 88
142 107 149 125 127 146
27 33 17 30 24 21
27 17 18 21 15 20
52 27 46 39 35 48
301 342 272 321 303 286
301 272 246 286 260 275
246 272 212 260 241 230
301 246 295 275 267 296
295 246 255 267 249 274
301 295 344 296 315 323
344 295 319 315 305 332
73 103 82 87 92 75
107 73 90 88 80 99
149 107 130 127 117 138
142 149 212 146 183 178
46 27 36 35 29 41
46 36 63 41 50 55
52 46 73 48 59 62
17 7 18 12 10 15
7 1 9 2 4 5
7 9 18 5 13 10
319 295 255 305 274 284
63 90 73 76 80 68
563 666 636 610 645 592
18 36 27 25 29 20
130 196 149 160 171 138
386 470 462 427 465 420
462 470 530 465 499 495
90 130 107 108 117 99
319 386 344 352 366 332
196 255 246 227 249 220
246 212 149 230 183 203
46 63 73 55 68 59
52 73 82 62 75 66
149 196 246 171 220 203
169 181 137 176 157 152
181 198 158 187 179 166
177 169 136 170 151 154
198 218 190 211 205 193
218 245 221 232 233 219
245 277 254 261 264 250
277 307 290 289 298 280
307 340 329 325 334 314
340 371 377 357 374 358
371 407 415 388 412 392
137 181 158 157 166 147
158 198 190 179 193 173
190 218 221 205 219 207
169 137 136 152 135 151
221 245 254 233 250 239
254 277 290 264 280 271
290 307 329 298 314 310
329 340 377 334 358 351
329 377 379 351 376 350
377 371 415 374 392 396
290 329 313 310 322 302
221 254 231 239 243 226
254 290 270 271 279 263
415 435 377 424 401 396
137 158 106 147 128 121
158 190 139 173 163 148
190 221 184 207 204 185
110 136 137 124 135 123
435 453 379 443 413 402
85 110 106 96 105 95
379 377 435 376 401 402
329 379 313 350 346 322
313 379 355 346 363 335
290 313 270 302 294 279
270 313 300 294 308 283
231 254 270 243 263 248
231 270 247 248 259 240
221 231 184 226 208 204
184 231 194 208 214 188
190 184 139 185 159 163
139 184 133 159 155 134
158 139 106 148 120 128
137 106 110 121 105 123
453 486 416 473 451 437
106 139 100 120 116 102
60 85 74 72 78 67
486 527 439 505 481 458
355 379 416 363 397 381
355 416 439 381 429 394
439 416 486 429 451 458
313 355 300 335 328 308
300 355 345 328 347 324
270 300 247 283 276 259
247 300 281 276 293 265
453 416 379 437 397 413
231 247 194 240 224 214
194 247 223 224 234 209
184 194 133 188 164 155
139 133 100 134 114 116
106 100 74 102 86 89
345 355 439 347 394 390
300 345 281 324 312 293
74 85 106 78 95 89
60 74 49 67 61 54
247 281 223 265 251 234
527 578 488 554 535 507
578 637 528 605 580 551
637 716 564 671 627 593
716 792 665 753 735 693
716 665 564 693 611 627
439 527 488 481 507 461
439 488 405 461 445 419
194 223 153 209 191 174
133 194 153 164 174 141
33 60 49 47 54 42
33 49 28 42 38 31
28 49 44 38 45 34
33 28 17 31 22 24
17 28 19 22 23 16
281 345 331 312 337 304
405 488 456 445 474 431
439 405 345 419 375 390
345 405 331 375 367 337
49 74 69 61 70 58
488 578 528 535 551 508
488 528 456 508 493 474
456 528 471 493 498 459
528 637 564 580 593 541
153 223 197 191 210 175
44 49 69 45 58 57
44 69 64 57 65 53
28 44 37 34 40 32
37 44 64 40 53 51
405 456 387 431 417 395
281 331 256 304 291 266
69 74 100 70 86 84
1 7 8 2 6 3
8 7 19 6 11 14
7 17 19 12 16 11
100 133 97 114 113 98
97 133 153 113 141 119
100 97 69 98 81 84
387 320 331 353 326 360
331 320 256 326 285 291
131 91 97 109 93 111
564 471 528 517 498 541
456 471 387 459 428 417
256 197 223 228 210 236
91 64 97 77 79 93
197 131 153 161 140 175
153 131 97 140 111 119
37 19 28 26 23 32
223 281 256 251 266 236
387 331 405 360 367 395
69 97 64 81 79 65
415 407 444 412 422 430
659 684 749 674 721 707
444 483 494 463 491 468
601 633 669 616 650 634
633 659 710 646 685 668
483 524 539 503 536 512
524 566 583 543 573 556
566 601 625 582 614 591
435 415 469 424 441 450
710 659 774 685 719 745
633 710 669 668 694 650
494 483 539 491 512 518
494 539 537 518 538 514
444 469 415 454 441 430
749 825 774 787 801 763
601 669 625 634 644 614
539 524 583 536 556 561
539 583 615 561 600 574
669 710 790 694 750 737
566 625 583 591 606 573
625 669 738 644 704 679
583 625 676 606 649 624
453 435 501 443 466 478
469 444 494 454 468 479
469 494 537 479 514 500
435 469 501 450 484 466
501 469 537 484 500 520
825 875 853 850 864 841
774 825 853 801 841 820
774 853 790 820 829 779
749 774 659 763 719 707
710 774 790 745 779 750
486 453 540 473 496 513
453 501 540 478 522 496
540 501 588 522 544 565
875 919 901 899 911 888
853 875 901 864 888 881
853 901 880 881 890 867
669 790 738 737 767 704
738 790 838 767 814 788
537 539 615 538 574 571
537 615 588 571 602 562
537 588 501 562 544 520
615 583 676 600 624 643
615 676 727 643 702 663
625 738 676 679 706 649
676 738 791 706 768 739
527 486 576 505 533 550
486 540 576 513 559 533
576 540 631 559 584 603
540 588 631 565 609 584
631 588 703 609 639 660
838 790 880 814 843 862
738 838 791 788 815 768
791 838 872 815 855 840
727 676 791 702 739 762
615 703 588 652 639 602
880 901 923 890 912 903
853 880 790 867 843 829
576 631 682 603 653 622
727 791 832 762 813 780
901 919 941 911 931 922
792 716 800 753 760 797
800 716 637 760 671 718
637 578 700 605 629 661
578 527 619 554 570 598
527 576 619 550 596 570
619 576 682 596 622 648
619 682 742 648 709 677
703 615 727 652 663 711
631 703 755 660 732 697
872 838 906 855 879 892
791 872 832 840 851 813
742 682 846 709 777 802
619 742 700 677 723 656
700 828 812 769 817 757
619 700 578 656 629 598
923 901 941 912 922 933
880 923 906 903 914 893
727 832 703 780 775 711
919 954 941 935 948 931
941 954 971 948 964 956
971 954 982 964 969 979
971 982 992 979 988 984
941 971 960 956 966 952
682 631 755 653 697 720
637 700 812 661 757 729
755 703 818 732 766 783
906 838 880 879 862 893
872 906 927 892 915 902
960 971 981 966 977 973
960 981 968 973 975 962
941 960 923 952 942 933
923 960 939 942 950 932
818 703 832 766 775 826
755 818 866 783 844 823
982 999 992 990 995 988
999 1008 1004 1005 1007 1002
999 1004 992 1002 998 995
968 946 939 958 943 953
939 946 906 943 928 924
939 906 923 924 914 932
939 960 968 950 962 953
886 866 818 877 844 859
812 800 637 806 718 729
992 981 971 986 977 984
927 908 872 917 891 902
846 828 742 836 782 802
742 828 700 782 769 723
946 927 906 937 915 928
866 846 755 857 807 823
908 886 832 898 863 874
682 755 846 720 807 777
886 818 832 859 826 863
832 872 908 851 891 874

