1 1.0000000000000 1.0000000000000
2 0.9834553715461 0.9834553715461
3 1.0000000000000 0.9750000000000
4 0.9750000000000 1.0000000000000
5 0.9669107430922 0.9669107430922
6 1.0000000000000 0.9500000000000
7 0.9500000000000 1.0000000000000
8 0.9550861850209 0.9721080470881
9 0.9719885595081 0.9550446421026
10 0.9466308134748 0.9886526755420
11 0.9885331879620 0.9465892705565
12 0.9432616269496 0.9773053510839
13 0.9770663759239 0.9431785411129
14 0.9503661146383 0.9503661146383
15 0.9250000000000 1.0000000000000
16 1.0000000000000 0.9250000000000
17 0.9280678823532 0.9711553306218
18 0.9710426878919 0.9279515451633
19 0.9233478119706 0.9494133981720
20 0.9494202430221 0.9232730176991
21 0.9338214861844 0.9338214861844
22 0.9128741377568 0.9650053101596
23 0.9650189998598 0.9127245492137
24 0.9064370688784 0.9825026550798
25 0.9825094999299 0.9063622746069
26 0.9000000000000 1.0000000000000
27 1.0000000000000 0.9000000000000
28 0.8935702541460 0.9571491003979
29 0.9571567230871 0.8929296132505
30 0.9172768577305 0.9172768577305
31 0.8750000000000 1.0000000000000
32 1.0000000000000 0.8750000000000
33 0.8874992999059 0.9250125599564
34 0.8742663705353 0.9492928906361
35 0.9250133377955 0.8869334532819
36 0.9492944463144 0.8731346772872
37 0.8621331852676 0.9746464453181
38 0.9007322292766 0.9007322292766
39 0.9746472231572 0.8615673386436
40 0.8500000000000 1.0000000000000
41 1.0000000000000 0.8500000000000
42 0.8533077250327 0.9410965982063
43 0.9403605012179 0.8511083039728
44 0.8841876008227 0.8841876008227
45 0.8250000000000 1.0000000000000
46 1.0000000000000 0.8250000000000
47 0.8499960259494 0.9002716390727
48 0.8323490795300 0.9329003057766
49 0.8995347642450 0.8483624515136
50 0.9314265561213 0.8290819306585
51 0.8161745397650 0.9664501528883
52 0.8676429723687 0.8676429723688
53 0.9657132780607 0.8145409653292
54 0.8000000000000 1.0000000000000
55 1.0000000000000 0.8000000000000
56 0.8099180273731 0.9237828329390
57 0.8510983439148 0.8510983439149
58 0.9201508354535 0.8019342556830
59 0.7750000000000 1.0000000000000
60 1.0000000000000 0.7750000000000
61 0.8110203453386 0.8746095377812
62 0.7874869752162 0.9146653601014
63 0.8717144151233 0.8046701480843
64 0.8345537154609 0.8345537154610
65 0.7687434876081 0.9573326800507
66 0.9544375573928 0.7623932903538
67 0.9088751147857 0.7747865807076
68 0.7500000000000 1.0000000000000
69 1.0000000000000 0.7500000000000
70 0.8180090870070 0.8180090870071
71 0.7594480142468 0.9026897321769
72 0.8777642660417 0.7629729911791
73 0.9195754803739 0.7404637689894
74 0.7250000000000 1.0000000000000
75 1.0000000000000 0.7250000000000
76 0.7664367559152 0.8460892814028
77 0.8014644585531 0.8014644585531
78 0.8240589379254 0.7763119301019
79 0.7157045266387 0.9453570521262
80 0.7314090532773 0.8907141042525
81 0.8466534172977 0.7511594016506
82 0.9651379229810 0.7030704786357
83 0.7000000000000 1.0000000000000
84 1.0000000000000 0.7000000000000
85 0.9302758459620 0.7061409572713
86 0.7856198013541 0.7856198013542
87 0.8593727278228 0.7247830429593
88 0.8251823313653 0.7403651424654
89 0.9011839421550 0.7022738207697
90 0.7210086332373 0.8553385211719
91 0.6940739216304 0.9035888837816
92 0.6750000000000 1.0000000000000
93 1.0000000000000 0.6750000000000
94 0.7697751441552 0.7697751441552
95 0.8720920383479 0.6984066842680
96 0.9348664837355 0.6785625545543
97 0.7867431947940 0.7496730137177
98 0.7401916786762 0.7948690411232
99 0.8037112454329 0.7295708832803
100 0.7106082131972 0.8199629380913
101 0.8492199036749 0.6928896597956
102 0.8150295072174 0.7084717593018
103 0.7552020090424 0.7552020090424
104 0.8780417763790 0.6733154849976
105 0.6533693949917 0.9582318316554
106 0.6500000000000 1.0000000000000
107 1.0000000000000 0.6500000000000
108 0.9697285607545 0.6504920759186
109 0.7867284096689 0.7187380559647
110 0.6567387899834 0.9164636633107
111 0.9394571215090 0.6509841518373
112 0.8263477690019 0.6873726353233
113 0.6795382608297 0.8333915221339
114 0.9117243179595 0.6496042187823
115 0.7008103596753 0.7954482250080
116 0.7406288739296 0.7406288739296
117 0.6526035492228 0.8816418847436
118 0.7551872239172 0.7242670512894
119 0.8839915144101 0.6482242857272
120 0.8094362892819 0.6813955040724
121 0.7697455739048 0.7079052286492
122 0.8311888670450 0.6662467938685
123 0.7158206900415 0.7557811929271
124 0.6250000000000 1.0000000000000
125 1.0000000000000 0.6250000000000
126 0.7811351917334 0.6916618007353
127 0.9412369135822 0.6249906570216
128 0.8600107397491 0.6466726190705
129 0.6268697676446 0.9219075497651
130 0.6484683084623 0.8468201061765
131 0.6910125061534 0.7709335119247
132 0.7925248095620 0.6754183728215
133 0.7273113572642 0.7273113572643
134 0.7555992641592 0.6966422416891
135 0.8360299650882 0.6451209524138
136 0.7995266737680 0.6623222883965
137 0.8853612952657 0.6226049138728
138 0.8212792515311 0.6471735781927
139 0.6000000000000 1.0000000000000
140 1.0000000000000 0.6000000000000
141 0.8065285379740 0.6492262039715
142 0.6428418498216 0.8184360922062
143 0.7791373035948 0.6654454111072
144 0.6641139486672 0.7804927950803
145 0.9715083528277 0.5994985811030
146 0.6830138736932 0.7529763803805
147 0.5985003726529 0.9636757181098
148 0.7139938405989 0.7139938405990
149 0.9430167056554 0.5989971622060
150 0.7277233975063 0.6996865476640
151 0.7414529544136 0.6853792547290
152 0.6186608424899 0.8528562813714
153 0.5970007453058 0.9273514362195
154 0.9148738908884 0.5979913521122
155 0.6945045409160 0.7245065447177
156 0.7536013760206 0.6704258520610
157 0.7984985858703 0.6379004209673
158 0.8316410020276 0.6203908185234
159 0.7657497976276 0.6554724493929
160 0.8867310761213 0.5969855420184
161 0.6372153911809 0.7900520782360
162 0.6750152412330 0.7350192488364
163 0.5929270609116 0.8931219463930
164 0.7018953042725 0.7018953042725
165 0.7781092156972 0.6410235436780
166 0.7284389222742 0.6743043431105
167 0.5750000000000 1.0000000000000
168 1.0000000000000 0.5750000000000
169 0.7904686337667 0.6265746379630
170 0.8569915575441 0.5963231133257
171 0.9444476653234 0.5735080585872
172 0.6355653370692 0.7691321952394
173 0.6544652620952 0.7416157805396
174 0.7521512951979 0.6449949907256
175 0.8088603363668 0.6111176612980
176 0.6677608533595 0.7211816152720
177 0.5888533765175 0.8588924565664
178 0.5700391178375 0.9298936011625
179 0.6897967679461 0.6897967679461
180 0.7026108290404 0.6765130997191
181 0.8272520389669 0.5956606846330
182 0.7154248901348 0.6632294314920
183 0.6751516167160 0.6985703748269
184 0.8894253507829 0.5707356876906
185 0.6339152829574 0.7482123122428
186 0.7269888414515 0.6488734817751
187 0.6065390344980 0.7913923754094
188 0.7754681978442 0.6153266486283
189 0.6605064654859 0.7073439817077
190 0.7385527927682 0.6345175320582
191 0.5500000000000 1.0000000000000
192 1.0000000000000 0.5500000000000
193 0.9729393124957 0.5490094774842
194 0.5823580271663 0.8258125645746
195 0.6322280891521 0.7336832353247
196 0.6788643992218 0.6788643992219
197 0.5465387451846 0.9662178830528
198 0.9458786249914 0.5480189549683
199 0.7495102773450 0.6192980956759
200 0.6455236804164 0.7132490700572
201 0.7031961046280 0.6527846877629
202 0.5614675755022 0.8637790339267
203 0.8046127700584 0.5826426414539
204 0.6137748992633 0.7485114620199
205 0.9189991252179 0.5462523941656
206 0.6533167495324 0.6961951945160
207 0.5430774903692 0.9324357661055
208 0.7604677619218 0.6040786592936
209 0.8334333546830 0.5671888434209
210 0.6305408953469 0.7191541584067
211 0.7249882544576 0.6244077856792
212 0.8921196254444 0.5444858333628
213 0.6679320304975 0.6679320304976
214 0.6794496748094 0.6551359872657
215 0.6570295320382 0.6764892189109
216 0.5385796324280 0.9005506886963
217 0.5758626778151 0.7927326725828
218 0.7712206315359 0.5868516287841
219 0.6276404713088 0.7089135640244
220 0.6909673191212 0.6423399440339
221 0.6461270335789 0.6850464073242
222 0.6167713405101 0.7207707642203
223 0.5847485966922 0.7707716421899
224 0.5250000000000 1.0000000000000
225 1.0000000000000 0.5250000000000
226 0.7011955176341 0.6283189916671
227 0.6354335404249 0.6918596884832
228 0.8658671479217 0.5416014177858
229 0.5936345155693 0.7488106117971
230 0.7450315075544 0.5942983309217
231 0.9465675325597 0.5226746480156
232 0.5983181506213 0.7355989909155
233 0.6247400472708 0.6986729696422
234 0.7114237161470 0.6142980393003
235 0.7819735011500 0.5696245982747
236 0.6581011968461 0.6581011968461
237 0.5340817744868 0.8686656112870
238 0.6030017856733 0.7223873700340
239 0.6384118774519 0.6758448529512
240 0.6161101035169 0.7023633158485
241 0.5175192563139 0.9328706864049
242 0.6052409727182 0.7142205160443
243 0.6796504497476 0.6326954208205
244 0.8396146703990 0.5387170022089
245 0.7205094846670 0.5994080209251
246 0.6074801597630 0.7060536620547
247 0.6186357482146 0.6909410227739
248 0.5490039813901 0.8018895219391
249 0.8937468064530 0.5189958130242
250 0.7295952531870 0.5845180025499
251 0.5776964157002 0.7403603520629
252 0.5912283737771 0.7179279725671
253 0.6987384728983 0.6048028761974
254 0.6394835422598 0.6574568308864
255 0.6482703631947 0.6482703631947
256 0.6306967213249 0.6666432985781
257 0.5570197223397 0.7729954242673
258 0.6010894030540 0.7015771542714
259 0.5281135297260 0.8398559912913
260 0.6216140852416 0.6749261872419
261 0.7632334453848 0.5605710506006
262 0.7880218279066 0.5479198868116
263 0.6583019717843 0.6356606304009
264 0.5000000000000 1.0000000000000
265 1.0000000000000 0.5000000000000
266 0.6125314491583 0.6832090759057
267 0.9736282200640 0.4986651705315
268 0.6683335803740 0.6230508976070
269 0.8168424125311 0.5324660887787
270 0.6036150477516 0.6901548611969
271 0.4959805111293 0.9666528033521
272 0.9472564401279 0.4973303410629
273 0.7370443214033 0.5680177527382
274 0.5946986463449 0.6971006464880
275 0.6771934050118 0.6091793053508
276 0.5870768041129 0.7052846107941
277 0.5091434523123 0.8694017150915
278 0.5794549618809 0.7134685751002
279 0.6227966495724 0.6584080312970
280 0.6394685557279 0.6394685557280
281 0.9213152137947 0.4954180668742
282 0.7150446693431 0.5758162710713
283 0.6050214115838 0.6757310807512
284 0.5706066388561 0.7226893337145
285 0.8423157664603 0.5136116588500
286 0.6860532296496 0.5953077130946
287 0.4919610222585 0.9333056067043
288 0.5617583158312 0.7319100923287
289 0.5221452849652 0.8110463712955
290 0.6580788064372 0.6139998036055
291 0.7444933896196 0.5515175029266
292 0.5866266975365 0.6908886363454
293 0.7940701546632 0.5262151753485
294 0.8953739874615 0.4935057926855
295 0.5499675413478 0.7425841341403
296 0.6932736575745 0.5812111263436
297 0.6148965778199 0.6501727640160
298 0.6064497153931 0.6593563571764
299 0.6230495040603 0.6405064489640
300 0.4880830761981 0.9017217128002
301 0.5975113740093 0.6682530855968
302 0.5687697877664 0.7063179439224
303 0.6306667482612 0.6306667482613
304 0.5882516628079 0.6766661015994
305 0.5381767668643 0.7532581759519
306 0.4750000000000 1.0000000000000
307 1.0000000000000 0.4750000000000
308 0.6395307657305 0.6180715180857
309 0.8701954249916 0.4910060540883
310 0.5785547487281 0.6846766262029
311 0.7004940854993 0.5671145395927
312 0.6745943156581 0.5856895001039
313 0.6478240325003 0.6049487096040
314 0.7495168373374 0.5331604431889
315 0.7743052198592 0.5205092793998
316 0.5489739571983 0.7216523085115
317 0.5685047540575 0.6921825341609
318 0.9472615342552 0.4722014114535
319 0.7281789543529 0.5443207651786
320 0.5131169908181 0.7883890559374
321 0.4842051301378 0.8701378188961
322 0.5000777052268 0.8130646868701
323 0.8450168625216 0.4885063154911
324 0.5580846136519 0.6991673127445
325 0.6558506931032 0.5907049618866
326 0.7061793022927 0.5521192835116
327 0.5211327317677 0.7594949582656
328 0.7968783578854 0.5038318013101
329 0.4666045250047 0.9318688453901
330 0.5472805102503 0.7056021559631
331 0.6870041191462 0.5591112729299
332 0.6631354016666 0.5760712871133
333 0.8952669391196 0.4686312471659
334 0.4811076278131 0.8426104106704
335 0.5255952781338 0.7371125232411
336 0.7545402850552 0.5148033834511
337 0.8223517118146 0.4849773713814
338 0.7118645190862 0.5371240274306
339 0.5361895985654 0.7113945246944
340 0.6685551137024 0.5637814235533
341 0.5040886966711 0.7657317405793
342 0.4500000000000 1.0000000000000
343 1.0000000000000 0.4500000000000
344 0.9736333141912 0.4485362409220
345 0.5246932522458 0.7165627540013
346 0.4780101254885 0.8150830024447
347 0.6735141527931 0.5511080062672
348 0.9472666283825 0.4470724818440
349 0.4456240138754 0.9652160420380
350 0.7996865611077 0.4814484272717
351 0.7370632750162 0.5099821068915
352 0.4595196498334 0.8665687114455
353 0.7157253920317 0.5211424288812
354 0.8452016826910 0.4644651028236
355 0.6968722123209 0.5309559334023
356 0.9212132595800 0.4454145917451
357 0.7567871616016 0.4953636296317
358 0.5130137894033 0.7209668705303
359 0.4875634232401 0.7674684483889
360 0.4412480277508 0.9304320840759
361 0.6779717828755 0.5380868334388
362 0.4964402653210 0.7465839422674
363 0.4745241376488 0.7921440793216
364 0.8951598907776 0.4437567016463
365 0.7793602996278 0.4786861515420
366 0.7195862649772 0.5051608303318
367 0.5009304173818 0.7246415402682
368 0.4380410986399 0.8967158440354
369 0.6818799055557 0.5247878393740
370 0.8702731968190 0.4420902959012
371 0.4573613473072 0.8121918025402
372 0.4250000000000 1.0000000000000
373 1.0000000000000 0.4250000000000
374 0.7590340381480 0.4759238758124
375 0.4710381498092 0.7692051561985
376 0.7993287260940 0.4585576981687
377 0.4887918339709 0.7274361439555
378 0.7037757799451 0.5011903509869
379 0.9460841676563 0.4223465822565
380 0.8453865028605 0.4404238901561
381 0.6852426517706 0.5110799940740
382 0.4348341695290 0.8629996039949
383 0.7213743583283 0.4885276362335
384 0.7410982449137 0.4739091589737
385 0.4357733693274 0.8361501033153
386 0.4674652793266 0.7497644238178
387 0.8221786969704 0.4380454296108
388 0.4762927827939 0.7293694559021
389 0.4147224734834 0.9279276048403
390 0.8938278048240 0.4198715899482
391 0.6879652949130 0.4972198716419
392 0.4545997590211 0.7674436732658
393 0.4367125691259 0.8093006026357
394 0.7584858928824 0.4562544333316
395 0.7231624516794 0.4718944421351
396 0.7989708910802 0.4356669690656
397 0.4000000000000 1.0000000000000
398 1.0000000000000 0.4000000000000
399 0.4638924088441 0.7303236914371
400 0.4374369686794 0.7874913964844
401 0.9724508534651 0.3988103413345
402 0.6900621669846 0.4829237178469
403 0.8442689926178 0.4169904736239
404 0.9449017069302 0.3976206826690
405 0.7072965987217 0.4702609477021
406 0.7784543193485 0.4361259799583
407 0.3940984596079 0.9627115628023
408 0.9186987129003 0.3968035804595
409 0.4381613682329 0.7656821903330
410 0.4512372434732 0.7302761621709
411 0.7228806047540 0.4548800256310
412 0.4063458399271 0.8524553783136
413 0.7579377476168 0.4365849908509
414 0.8924957188704 0.3959864782501
415 0.4185411927919 0.8018394576465
416 0.6914307457639 0.4686274532692
417 0.4385092072913 0.7474334886531
418 0.3881969192159 0.9254231256046
419 0.8678236006227 0.3947717676709
420 0.7402682527227 0.4372252999890
421 0.4388570463497 0.7291847869732
422 0.7963463397409 0.4105163627765
423 0.4238472645003 0.7610946756990
424 0.3750000000000 1.0000000000000
425 1.0000000000000 0.3750000000000
426 0.8431514823751 0.3935570570917
427 0.7225987578286 0.4378656091270
428 0.6920638905302 0.4538740263467
429 0.3830272147706 0.8836671391185
430 0.9426480146005 0.3725197986214
431 0.7545425255137 0.4167342501248
432 0.7072425714111 0.4385853481782
433 0.4003698164580 0.7943783126573
434 0.4263999118427 0.7269778073598
435 0.4049514886129 0.7754427368611
436 0.8184366353884 0.3894614067896
437 0.8896327571345 0.3724989749217
438 0.3891136633916 0.8181447326448
439 0.4095331607677 0.7565071610649
440 0.6918863849936 0.4393050872295
441 0.3778575103253 0.8419111526323
442 0.7200852184924 0.4213276126485
443 0.3612828086135 0.9272778167876
444 0.4119685393966 0.7401120984959
445 0.8426205492168 0.3728756587605
446 0.4144039180255 0.7237170359269
447 0.3896276086807 0.7823685152971
448 0.7937217884016 0.3853657564875
449 0.3500000000000 1.0000000000000
450 1.0000000000000 0.3500000000000
451 0.7724345459061 0.3911246329431
452 0.9701971611354 0.3487094572869
453 0.7511473034105 0.3968835093988
454 0.3973653505611 0.7493791332036
455 0.6908993366456 0.4250035797797
456 0.9403943222708 0.3474189145738
457 0.7343594912834 0.4008365627844
458 0.9135820588347 0.3482151930835
459 0.3421843490056 0.9645662539853
460 0.7175716791563 0.4047896161700
461 0.4025637906623 0.7192973308290
462 0.8018000094599 0.3698967234918
463 0.8867697953986 0.3490114715932
464 0.3788854009034 0.7703587179369
465 0.7033432303299 0.4079282550831
466 0.3651293936406 0.8089906032716
467 0.8644297057285 0.3506028660112
468 0.3820414706289 0.7563049116396
469 0.6891147815036 0.4110668939962
470 0.3851975403545 0.7422511053423
471 0.8420896160585 0.3521942604292
472 0.3343686980112 0.9291325079707
473 0.3882783063329 0.7280676949312
474 0.8259839232883 0.3533109754627
475 0.3464513744008 0.8462746556901
476 0.7804480196129 0.3654431728459
477 0.7436542395435 0.3790496172994
478 0.3913590723112 0.7138842845202
479 0.8098782305181 0.3544276904961
480 0.3656433389296 0.7732143859239
481 0.7126710696149 0.3893214123630
482 0.3250000000000 1.0000000000000
483 1.0000000000000 0.3250000000000
484 0.6865281717514 0.3974578590140
485 0.3734959676793 0.7369251516204
486 0.9356068376965 0.3201441489405
487 0.3247069682438 0.8898853333593
488 0.3805486910952 0.7073658301462
489 0.3524012769559 0.7760700539109
490 0.8799785082419 0.3245999308345
491 0.8353242860003 0.3319875414825
492 0.3570978359800 0.7538346259047
493 0.8021196862499 0.3399488790160
494 0.7219658178749 0.3675344668781
495 0.7077704600735 0.3738532085561
496 0.7361611756764 0.3612157252001
497 0.6954772444115 0.3791170778657
498 0.3617943950041 0.7315991978985
499 0.6831840287496 0.3843809471754
500 0.7516677132503 0.3533681572022
501 0.3096404990236 0.9346158378483
502 0.3661530663190 0.7157921503770
503 0.7671742508242 0.3455205892043
504 0.3371721279602 0.7869670853808
505 0.3705117376339 0.6999851028555
506 0.7807676964029 0.3354953283700
507 0.3000000000000 1.0000000000000
508 1.0000000000000 0.3000000000000
509 0.3150452384763 0.8506381587478
510 0.3184941087205 0.8242511377993
511 0.9654096765611 0.2964346916536
512 0.7943611419817 0.3254700675358
513 0.6790511529359 0.3717064715143
514 0.3369636882689 0.7573435690735
515 0.7014918510634 0.3597671990859
516 0.8114600489619 0.3186254450358
517 0.3502043163820 0.7200449199420
518 0.3219429789646 0.7978641168508
519 0.2924561500180 0.9700495838629
520 0.8285589559421 0.3117808225358
521 0.7275292251323 0.3451660376197
522 0.3610554843287 0.6916343840991
523 0.8508730885137 0.3059846063058
524 0.9020032871037 0.2965288866916
525 0.9308193531223 0.2928693833073
526 0.8731872210852 0.3001883900758
527 0.7562080774099 0.3280147714965
528 0.2849123000360 0.9400991677259
529 0.6742280113101 0.3597124228517
530 0.6847206266817 0.3526968062337
531 0.3524585284606 0.6826051284330
532 0.3455363831103 0.6955478852093
533 0.6952132420532 0.3456811896158
534 0.2907255867600 0.8657331857294
535 0.3386142377599 0.7084906419855
536 0.3096679450226 0.7822384616296
537 0.7070552583207 0.3373987698276
538 0.3300701686709 0.7235538631108
539 0.2750000000000 1.0000000000000
540 1.0000000000000 0.2750000000000
541 0.7835771867557 0.3075283927959
542 0.2946222152319 0.8258924551177
543 0.3215260995820 0.7386170842360
544 0.7188972745882 0.3291163500393
545 0.2756591175399 0.9104636902185
546 0.7320695892919 0.3198126519141
547 0.6686493663390 0.3482181156643
548 0.3445458530871 0.6727748329825
549 0.8171934865550 0.2901767437321
550 0.3094595053313 0.7526149453222
551 0.7452419039956 0.3105089537888
552 0.6875852321472 0.3328619833160
553 0.3283915804443 0.6951608592615
554 0.8606475499822 0.2734817560215
555 0.2619838867828 0.9449704387749
556 0.7590175677627 0.3000478359224
557 0.2973929110806 0.7666128064083
558 0.2664059350437 0.8808282127110
559 0.3375247144218 0.6624752852241
560 0.6624752851398 0.3375247140769
561 0.7092881426753 0.3147186692900
562 0.3089296473564 0.7211419443972
563 0.7727932315297 0.2895867180560
564 0.9202576111278 0.2583698059434
565 0.2857960515340 0.7838797789480
566 0.6712162536905 0.3287837455465
567 0.3278468187753 0.6721531808808
568 0.2500000000000 1.0000000000000
569 1.0000000000000 0.2500000000000
570 0.7893106243488 0.2790796914922
571 0.6799572222412 0.3200427770161
572 0.3181689231288 0.6818310765374
573 0.2741991919875 0.8011467514876
574 0.3319064614818 0.6528212614393
575 0.7335258498443 0.2943495787251
576 0.2445277367647 0.9749208549119
577 0.6554008238647 0.3271531636901
578 0.6898181165018 0.3101818827784
579 0.8058280171679 0.2685726649284
580 0.3072510591298 0.6927489405478
581 0.2846115830954 0.7473912755064
582 0.2531335216148 0.8563308819846
583 0.6996790107624 0.3003209885406
584 0.2456619421389 0.8914676393424
585 0.8269679480235 0.2576738934478
586 0.2390554735295 0.9498417098239
587 0.3263767711344 0.6416394327675
588 0.2963331951308 0.7036668045583
589 0.3108984754182 0.6692554469346
590 0.9548479345666 0.2369351142898
591 0.2570301500867 0.8164901513729
592 0.6700134373846 0.3090990360050
593 0.7596448303142 0.2715451441846
594 0.7107444032277 0.2892555961010
595 0.6475414755226 0.3173948761180
596 0.8481078788791 0.2467751219672
597 0.3150023994210 0.6491596250496
598 0.2840817251205 0.7159182745814
599 0.2319867113817 0.9259743878988
600 0.3218921162890 0.6308332813347
601 0.2593483510974 0.7783246205119
602 0.7218097956930 0.2781902036614
603 0.6538055640253 0.3077750855559
604 0.8789018740062 0.2353226752734
605 0.2250000000000 1.0000000000000
606 1.0000000000000 0.2250000000000
607 0.3036280277077 0.6566798173317
608 0.2718302551103 0.7281697446045
609 0.2871945464898 0.6888624248352
610 0.6866771319164 0.2879721963092
611 0.2398611081858 0.8318335512582
612 0.6600696525280 0.2981552949938
613 0.6388806506443 0.3083040423006
614 0.7341531123958 0.2658468869872
615 0.3179503465009 0.6193934633205
616 0.2249179492340 0.9021070659738
617 0.9096958691332 0.2238702285795
618 0.7898400097443 0.2473603310415
619 0.2908419627783 0.6653689312219
620 0.2171959805372 0.9537292465975
621 0.2581638826588 0.7418361170703
622 0.6668724527992 0.2868893495358
623 0.2981407916504 0.6433390089191
624 0.7464964290986 0.2535035703131
625 0.3147678712414 0.6080299179861
626 0.3053019510470 0.6246958319136
627 0.6294882669941 0.3000149008783
628 0.2780558978488 0.6740580451121
629 0.6485816760288 0.2888827252237
630 0.2217822763757 0.8459839520880
631 0.7050252217359 0.2634487451036
632 0.2444975102073 0.7555024895361
633 0.2603594132637 0.7109259858958
634 0.6736752530704 0.2756234040779
635 0.2143106968998 0.8811207094458
636 0.2270354276086 0.8088119020011
637 0.7601742157096 0.2398257837338
638 0.3121521219741 0.5961686824977
639 0.8260255758825 0.2214159243132
640 0.2926535555930 0.6299982005066
641 0.2063536258914 0.9108980119183
642 0.6332909832619 0.2898125281659
643 0.2000000000000 1.0000000000000
644 1.0000000000000 0.2000000000000
645 0.2634722346330 0.6838701361496
646 0.1976682437725 0.9788083916855
647 0.6193783241828 0.2925854510984
648 0.6809579504246 0.2621653453119
649 0.2293536286193 0.7706463711400
650 0.2710242317513 0.6582322207813
651 0.3102159575110 0.5844275361030
652 0.1953364875449 0.9576167833711
653 0.7738520023207 0.2261479971545
654 0.6370936995297 0.2796101554535
655 0.9210307704271 0.1968142769379
656 0.2988399392553 0.5993806193036
657 0.2890906560648 0.6162953783080
658 0.2783230606234 0.6362022984786
659 0.2037034445656 0.8601343529177
660 0.6590523764636 0.2654291172726
661 0.1915628950469 0.9386528706169
662 0.2488885714172 0.6936822271872
663 0.3088523877718 0.5723177012019
664 0.6882406477788 0.2487072865459
665 0.7248099000802 0.2345228552272
666 0.2300354790423 0.7357628588945
667 0.6086409322572 0.2861157179525
668 0.2142097470313 0.7857902527439
669 0.9661828358605 0.1848791626481
670 0.6407615996932 0.2674224929604
671 0.1877893025489 0.9196889578628
672 0.8731576316024 0.1936254170644
673 0.7888976376033 0.2111023619068
674 0.2855277565365 0.6025925561095
675 0.2639925656537 0.6424063964505
676 0.6250042827302 0.2723753553768
677 0.3080997734720 0.5603460275991
678 0.6107778990940 0.2756281366263
679 0.2322310096473 0.7048527277200
680 0.1922982485013 0.8396206501455
681 0.2953059221825 0.5737328892095
682 0.1859629525406 0.8740582767367
683 0.5973566941940 0.2806687099559
684 0.1750000000000 1.0000000000000
685 1.0000000000000 0.1750000000000
686 0.6444294998568 0.2552348304673
687 0.2836436065649 0.5888703166633
688 0.6956820094203 0.2321247133437
689 0.1975513997342 0.8024486000586
690 0.3079125138243 0.5481260911162
691 0.2398706086210 0.6752624552203
692 0.1740185493880 0.9595717369145
693 0.8039432728859 0.1960567266591
694 0.1780058815322 0.9038355792092
695 0.2702740487234 0.6062889953475
696 0.2595064532820 0.6261959155181
697 0.1734234124041 0.9261837425755
698 0.2474226057393 0.6496245398520
699 0.6129148659308 0.2651405553001
700 0.6701376307508 0.2370565294292
701 0.3082820782484 0.5360449340152
702 0.9323656717209 0.1697583252963
703 0.5855960864265 0.2762829655028
704 0.2155734478773 0.7160232282529
705 0.2817594565932 0.5751480772170
706 0.6482320567898 0.2403203013899
707 0.2947775968552 0.5482863269210
708 0.1960670249802 0.7635618183039
709 0.6296719664804 0.2477674102463
710 0.7031233710619 0.2155421401414
711 0.1808930524370 0.8191069473732
712 0.3092000955169 0.5238275427422
713 0.1682224605156 0.8879822005557
714 0.8202813334788 0.1797186661042
715 0.7465940776395 0.1989949146205
716 0.2550203409103 0.6099854345856
717 0.5996104255297 0.2605331107254
718 0.6139146495174 0.2527202726627
719 0.2817010682397 0.5617973199714
720 0.2308526458248 0.6568426832534
721 0.5859510357776 0.2661043158268
722 0.5735173342370 0.2730036795223
723 0.1590575222594 0.9326785272881
724 0.3106298226988 0.5117828906837
725 0.1558790667452 0.9471026088731
726 0.2661664455910 0.5763826356240
727 0.1967488754031 0.7286783060584
728 0.1527006112310 0.9615266904580
729 0.2816426798861 0.5484465627259
730 0.1513503056155 0.9807633452290
731 0.2966919285806 0.5242583886455
732 0.6520346137229 0.2254057723124
733 0.1500000000000 1.0000000000000
734 1.0000000000000 0.1500000000000
735 0.3125798832327 0.4997067283653
736 0.2527968877496 0.5938013143083
737 0.5611429577909 0.2708152135713
738 0.5863059851286 0.2559256661507
739 0.6149144331040 0.2402999900254
740 0.8366193940716 0.1633806055492
741 0.1628037471933 0.8371962526359
742 0.2035315625362 0.6948905883450
743 0.1524525567569 0.9024010670496
744 0.1564684512326 0.8716338792271
745 0.2829132207653 0.5365678986373
746 0.9410677167032 0.1479732819647
747 0.2368936337841 0.6142411974921
748 0.3149956404911 0.4878506430166
749 0.1478700876288 0.9247492304158
750 0.9008305934891 0.1502314048678
751 0.2248097862413 0.6376698218261
752 0.7112297620101 0.1936919861140
753 0.2111711615100 0.6653003158452
754 0.5486799142544 0.2697200773571
755 0.2841837616444 0.5246892345487
756 0.5612953160820 0.2609174418268
757 0.5738768297509 0.2534726681165
758 0.6804122428143 0.2018610303014
759 0.3178928836010 0.4760590678171
760 0.2505734345889 0.5776171940310
761 0.2671423159877 0.5474692753992
762 0.2981402373984 0.5003719703896
763 0.1779243029290 0.7413333838639
764 0.5851010709061 0.2442041002371
765 0.9748848808427 0.1380941193166
766 0.5994052948938 0.2363912621744
767 0.6331147547978 0.2177352563443
768 0.3212284801332 0.4644646861015
769 0.1601395192757 0.7944815783645
770 0.6548678641449 0.2067928463869
771 0.5361075948967 0.2696763084226
772 0.6145546644884 0.2251823652008
773 0.8529574546644 0.1470425449943
774 0.2839421766042 0.5128632234813
775 0.2516076933391 0.5620545910518
776 0.1366826529982 0.9168199335435
777 0.1447144419496 0.8552855578986
778 0.5614476743731 0.2510196700822
779 0.2731877206274 0.5250674274308
780 0.3250030772841 0.4530223127097
781 0.2187669266578 0.6184969603987
782 0.5236266250056 0.2706399111432
783 0.1914896771951 0.6737579484371
784 0.3032513492975 0.4752921209342
785 0.1287303104509 0.9590091780514
786 0.5371029971098 0.2605125871745
787 0.3292017414004 0.4417546958619
788 0.2837005915641 0.5010372124139
789 0.5838961566835 0.2324825343235
790 0.5497730368480 0.2511842680043
791 0.2526419520893 0.5464919880726
792 0.7193361529583 0.1718418320865
793 0.1250000000000 1.0000000000000
794 1.0000000000000 0.1250000000000
795 0.9497697616854 0.1261882386331
796 0.2574168158499 0.5359688041927
797 0.1586551445217 0.7555947966098
798 0.3337936414613 0.4307198004136
799 0.5112081692452 0.2725638554233
800 0.2317227116757 0.5782302351399
801 0.2621916796105 0.5254456203129
802 0.5593605068737 0.2407913714228
803 0.2861552032790 0.4877811932326
804 0.8692955152573 0.1307044844394
805 0.6141948958727 0.2100647403762
806 0.3388067221516 0.4198395837236
807 0.5380983993228 0.2513488659264
808 0.7697312068575 0.1508320843869
809 0.5705847480289 0.2315228035434
810 0.4991289376100 0.2753426084208
811 0.2158194577102 0.5986701183237
812 0.6577011145668 0.1881799204613
813 0.1207213313345 0.9366557995942
814 0.3101674902727 0.4506254252776
815 0.1266251367059 0.8733748631612
816 0.1226092422302 0.9041420509837
817 0.3441639233783 0.4092674707233
818 0.2886098149939 0.4745251740512
819 0.4869862132539 0.2790331285634
820 0.5132436589842 0.2608193130644
821 0.1610272437217 0.7173291212696
822 0.3499456009975 0.3988406183333
823 0.2665793731668 0.5033250026659
824 0.5388287893105 0.2434867902109
825 0.1307443151508 0.8273392361070
826 0.1970249015213 0.6239674219857
827 0.5266887740230 0.2502118183159
828 0.5804935129052 0.2178119713389
829 0.5572733393743 0.2305630727634
830 0.1833862767899 0.6515979160049
831 0.3560181644525 0.3887925782898
832 0.2558249171901 0.5155292066154
833 0.4753932831491 0.2834015026954
834 0.2919708591276 0.4613768559483
835 0.5484162593363 0.2330938936294
836 0.3625581160619 0.3788379929858
837 0.1678099308548 0.6835414035561
838 0.3187976430950 0.4266856618166
839 0.5956428824998 0.2066030743653
840 0.4638104035387 0.2886054742827
841 0.1393859861143 0.7698562093558
842 0.9258706990642 0.1121083009813
843 0.3693332517386 0.3693332517386
844 0.5395591792983 0.2356247144953
845 0.2128719887626 0.5788432762487
846 0.4527988581253 0.2943535092763
847 0.8856335758501 0.1143664238845
848 0.2337901227086 0.5405350116250
849 0.3770068611522 0.3594237847490
850 0.5152791487231 0.2490747707055
851 0.9576064714816 0.1066051122155
852 0.4419153879392 0.3008326862484
853 0.3851034224889 0.3498272356335
854 0.2953319032613 0.4482285378455
855 0.4315680235702 0.3077659266855
856 0.3936116568095 0.3405797792418
857 0.8127617418686 0.1235716919910
858 0.4879532334743 0.2644551264213
859 0.1047600096709 0.9564916656449
860 0.4214452523747 0.3153233729301
861 0.4024886266656 0.3317469137612
862 0.4118151391147 0.3232759943799
863 0.6131887807982 0.1909001762720
864 0.2731916273294 0.4740648132246
865 0.6349418901452 0.1799577663146
866 0.3295098413468 0.4030740361049
867 0.1023800048354 0.9782458328225
868 0.1085358314622 0.8914641684239
869 0.1280800872331 0.7846245618356
870 0.6913999803586 0.1559389946551
871 0.2494581547696 0.5056127929179
872 0.2995667739950 0.4354400305325
873 0.1000000000000 1.0000000000000
874 1.0000000000000 0.1000000000000
875 0.5312072268073 0.2309686376521
876 0.5020997012089 0.2494759474923
877 0.5498464861032 0.2196092688785
878 0.5190672115197 0.2376936657572
879 0.5770908691270 0.2031414083543
880 0.6605824611628 0.1641080388426
881 0.2139051410452 0.5567106557131
882 0.3434315960233 0.3805325927472
883 0.7274276468936 0.1387246371006
884 0.1752828763847 0.6294378835727
885 0.2536157972172 0.4896086226579
886 0.3038016447288 0.4226515232196
887 0.4621235332414 0.2724308988532
888 0.2321982240488 0.5200954140477
889 0.3596652717522 0.3596652717522
890 0.1167741883519 0.7993929143154
891 0.9827215906389 0.0935109928990
892 0.9019716364430 0.0980283633295
893 0.4889202536947 0.2498771242792
894 0.5597552509796 0.2058984366739
895 0.2798981700739 0.4464123898737
896 0.3093287020221 0.4097660623530
897 0.5228552743163 0.2263125608088
898 0.3763558282040 0.3385471448782
899 0.1441301845144 0.6933248586752
900 0.1050872864662 0.8396068123878
901 0.2577734396648 0.4736044523979
902 0.4372367227216 0.2846790918956
903 0.3945328644197 0.3189829474828
904 0.5326374535742 0.2174840129012
905 0.1894136541878 0.5821420850887
906 0.4142594463153 0.3005680482596
907 0.2374783154170 0.4987325721982
908 0.2149382933279 0.5345780351775
909 0.3148557593154 0.3968806014865
910 0.4746784583194 0.2530667238514
911 0.0885586153228 0.9420672222971
912 0.9654431812778 0.0870219857979
913 0.8513866695094 0.0983837752533
914 0.0904465262185 0.9095534736866
915 0.5424196328322 0.2086554649936
916 0.6121826657236 0.1717356121678
917 0.3228503934548 0.3845766043456
918 0.2611189382757 0.4591003471500
919 0.0842031081951 0.9649646753424
920 0.3308450275942 0.3722726072046
921 0.1706190979988 0.6074393887507
922 0.3404211596799 0.3611349494852
923 0.4604366629440 0.2562563234236
924 0.2874655731630 0.4192423759192
925 0.3499972917657 0.3499972917657
926 0.4921037187276 0.2335250853154
927 0.5090712290384 0.2217428035802
928 0.3588027628423 0.3386321729445
929 0.5711816988277 0.1846251936906
930 0.2644644368865 0.4445962419020
931 0.9183096970358 0.0816903027746
932 0.4464973602240 0.2623909104831
933 0.3676082339192 0.3272670541230
934 0.6634638077589 0.1400361572238
935 0.2428006443246 0.4712405802587
936 0.3770926680465 0.3167430176637
937 0.1500850992692 0.6350670668414
938 0.0750000000000 1.0000000000000
939 1.0000000000000 0.0750000000000
940 0.1110558460668 0.7437755988290
941 0.9500454694532 0.0761871140088
942 0.4325580575039 0.2685254975427
943 0.3865771021739 0.3062189812044
944 0.2254984760644 0.4918523514786
945 0.4198158488799 0.2771691105659
946 0.3968253712149 0.2960158523968
947 0.0806471264686 0.8799998735133
948 0.5887275971260 0.1689222955973
949 0.1345087533341 0.6670105543927
950 0.2677969692419 0.4302147352604
951 0.4070736402559 0.2858127235891
952 0.9713991935376 0.0717847240684
953 0.2064139222300 0.5169541072677
954 0.2975007455958 0.3907144060270
955 0.0723572209748 0.9276427789493
956 0.1659553196130 0.5854408939287
957 0.4952871837605 0.2171730463516
958 0.2266631625244 0.4803645297990
959 0.8883716232801 0.0740495137811
960 0.7355191408290 0.1056074421146
961 0.0914981626719 0.7862149450036
962 0.2711295015973 0.4158332286188
963 0.3163947310511 0.3634441614940
964 0.1880908714656 0.5381297465143
965 0.1134279452669 0.7055099234888
966 0.3391990207120 0.3391990207120
967 0.4592528461184 0.2375021063385
968 0.5278246624581 0.1925102402720
969 0.2484431088275 0.4429143971239
970 0.2116940135982 0.4955912654183
971 0.7622116152473 0.0946851102737
972 0.0636462067194 0.9734376850398
973 0.9346477576286 0.0653522422197
974 0.6113698894779 0.1474609421091
975 0.2278278489845 0.4688767081194
976 0.3580448922780 0.3152631875088
977 0.7889040896655 0.0837627784328
978 0.5652725285284 0.1661089790268
979 0.2756376167368 0.4001907195932
980 0.4766781065266 0.2179604678025
981 0.6370104604955 0.1316112146371
982 0.3776595490145 0.2931102469691
983 0.2301248148764 0.4550546302326
984 0.0568231033597 0.9867188425199
985 0.1635993846082 0.5635611758899
986 0.9773552057973 0.0565474623388
987 0.4270466449804 0.2500614720680
988 0.5042584379223 0.1967690309510
989 0.8111909567135 0.0749129222500
990 0.1978895511321 0.4993301793580
991 0.1248873221537 0.6406962501102
992 0.3977152532449 0.2695315311704
993 0.9886776028986 0.0532737311694
994 0.2801457318762 0.3845482105676
995 0.0542679157311 0.9457320842120
996 0.5392511103062 0.1712369972886
997 0.0548687463745 0.9184508286930
998 0.8334778237615 0.0660630660672
999 0.2910450831921 0.3695819631755
1000 0.2536178472475 0.4136850837025
1001 0.2324217807684 0.4412325523459
1002 0.3284007496583 0.3284007496583
1003 1.0000000000000 0.0500000000000
1004 0.0500000000000 1.0000000000000
1005 0.3151725920831 0.3415082327208
1006 0.0499124086034 0.9686295372572
1007 0.3019444345080 0.3546157157834
1008 0.2117601003715 0.4684858353019
1009 0.4580690292928 0.2187478892534
1010 0.0654601309827 0.8239280668770
1011 0.3384411501474 0.3158300352766
1012 0.9509858182215 0.0490141816648
1013 0.6638687802726 0.1086949995399
1014 0.9239287511319 0.0499328056522
1015 0.1401891416571 0.5886209259854
1016 0.8541247169394 0.0580668651499
1017 0.0591092762288 0.8462318227399
1018 0.3484815506367 0.3032593208947
1019 0.1967909514453 0.4837125709211
1020 0.3586117732459 0.2916304168142
1021 0.0658411339873 0.7984825212844
1022 0.9723395423058 0.0446117917243
1023 0.1612434496034 0.5416814578511
1024 0.4398021308748 0.2251726679234
1025 0.0527584214750 0.8685355786028
1026 0.5132296920840 0.1763650155504
1027 0.2342639868331 0.4263847455660
1028 0.6998964468077 0.0914806419853
1029 0.3687419958551 0.2800015127338
1030 0.8747716101173 0.0500706642327
1031 0.6105571132321 0.1231862720504
1032 0.0827257060194 0.7176949883023
1033 0.0744739215056 0.7453659819971
1034 0.1196551429275 0.6162486040762
1035 0.0662221369919 0.7730369756919
1036 0.3785494310445 0.2666259257427
1037 0.0450693466246 0.8888972285197
1038 0.4215352324569 0.2315974465933
1039 0.1766966434140 0.5007015169392
1040 0.2164884610243 0.4401729901602
1041 0.4049460493453 0.2424238926725
1042 0.8939906773762 0.0422920166586
1043 0.5622500983139 0.1411333115185
1044 0.2361061928978 0.4115369387862
1045 0.1956923517586 0.4680949624843
1046 0.0361786104874 0.9638213894746
1047 0.3883568662338 0.2532503387516
1048 0.3163925431646 0.3163925431646
1049 0.0373802717743 0.9092588784367
1050 0.9673238788143 0.0326761211098
1051 0.1583735926496 0.5218771561858
1052 0.2562540083460 0.3789108509434
1053 0.9132097446352 0.0345133690846
1054 0.4575035529724 0.1961221481979
1055 0.2850787139601 0.3443770882478
1056 0.3386867938967 0.2901651394701
1057 0.1981237465194 0.4536041952294
1058 0.0302920275674 0.9523392728348
1059 0.0956627489523 0.6459875026826
1060 0.3600684859572 0.2688194602877
1061 0.0308928582109 0.9250580173158
1062 0.4850838843680 0.1749307113464
1063 0.5848923906658 0.1196719580303
1064 0.9553717448045 0.0276533454980
1065 0.2221363042783 0.4139396733562
1066 0.9283146777150 0.0285719694854
1067 1.0000000000000 0.0250000000000
1068 0.0250000000000 1.0000000000000
1069 0.1144229637012 0.5918009580422
1070 0.2005551412803 0.4391134279745
1071 0.0244054446474 0.9408571561949
1072 0.2342342388568 0.3924052150527
1073 0.0745819408852 0.6844868717786
1074 0.1351758292569 0.5436642827514
1075 0.9434196107948 0.0226305698861
1076 0.2043607784696 0.4277279179504
1077 0.1555037356958 0.5020728545205
1078 0.1760946086981 0.4665772484848
1079 0.6642737527864 0.0773538418560
1080 0.0180893052437 0.9819106947373
1081 0.2081664156589 0.4163424079262
1082 0.0263792107375 0.8592677893014
1083 0.3043843366708 0.3043843366708
1084 0.9836619394072 0.0163380605549
1085 0.8167389118807 0.0330315330336
1086 0.5097303653655 0.1463780978939
1087 0.4143461046269 0.2087317537095
1088 0.8623858050586 0.0250353321163
1089 0.3166381869137 0.2907276473583
1090 0.0327300654914 0.8119640334385
1091 0.7694520448328 0.0418813892164
1092 0.3513949760593 0.2576374078417
1093 0.0186901358871 0.9046294392184
1094 0.3401435066080 0.2673541829436
1095 0.2862986650415 0.3192613986915
1096 0.3288920371567 0.2770709580456
1097 0.6089557122894 0.0940009734250
1098 0.9066048723176 0.0172566845423
1099 0.1117655863059 0.5687240328469
1100 0.5592276680994 0.1161576440102
1101 0.7177595704145 0.0528037210573
1102 0.4569380766521 0.1734964071425
1103 0.3729792043296 0.2350744417272
1104 0.0122027223237 0.9454285780975
1105 0.2682129934122 0.3341384607122
1106 0.1560003006667 0.4835661945029
1107 0.2502876391140 0.3537059760157
1108 0.9467098053974 0.0113152849431
1109 0.2323622848158 0.3732734913191
1110 0.1835812876376 0.4344645369001
1111 0.0331110684959 0.7615184878459
1112 0.0664381757510 0.6512787552550
1113 0.1980021642288 0.4073596324720
1114 0.4320475267245 0.1796812339841
1115 0.6358140320665 0.0710847583279
1116 0.1564968656376 0.4650595344853
1117 0.3544982592423 0.2372679762722
1118 0.0866019374033 0.5944276781253
1119 0.5327293533732 0.1162744121238
1120 1.0000000000000 0.0000000000000
1121 0.0000000000000 1.0000000000000
1122 0.1091082089105 0.5456471076517
1123 0.9750000000000 0.0000000000000
1124 0.0000000000000 0.9750000000000
1125 0.2101000988072 0.3858251741685
1126 0.9500000000000 0.0000000000000
1127 0.0000000000000 0.9500000000000
1128 0.1312775533734 0.5019376765439
1129 0.0413628530097 0.7088474941512
1130 0.2910952018239 0.2910952018239
1131 0.9250000000000 0.0000000000000
1132 0.0000000000000 0.9250000000000
1133 0.1615521498162 0.4474375901555
1134 0.3200996612084 0.2600368624103
1135 0.9000000000000 0.0000000000000
1136 0.0000000000000 0.9000000000000
1137 0.4071569767970 0.1858660608257
1138 0.8750000000000 0.0000000000000
1139 0.0000000000000 0.8750000000000
1140 0.3823792596111 0.2013823027643
1141 0.1666074339948 0.4298156458256
1142 0.0626095434281 0.6241665767317
1143 0.1772226733967 0.4140962514217
1144 0.1878379127986 0.3983768570179
1145 0.1080797899807 0.5237248031095
1146 0.8500000000000 0.0000000000000
1147 0.0000000000000 0.8500000000000
1148 0.2511601853062 0.3202091753532
1149 0.5062310386470 0.1163911802374
1150 0.3576015424253 0.2168985447028
1151 0.4542505047570 0.1456808741647
1152 0.5568958946199 0.0878176015694
1153 0.6073543113466 0.0648156747997
1154 0.8250000000000 0.0000000000000
1155 0.0000000000000 0.8250000000000
1156 0.3344544138427 0.2299506557389
1157 0.2112650036434 0.3565028387442
1158 0.8000000000000 0.0000000000000
1159 0.0000000000000 0.8000000000000
1160 0.1335367070555 0.4621249729826
1161 0.6571368763932 0.0386769209280
1162 0.2778060669769 0.2778060669769
1163 0.2945566761184 0.2604044168760
1164 0.1070513710510 0.5018024985673
1165 0.3113072852602 0.2430027667750
1166 0.0823189732843 0.5469682085427
1167 0.0587809111053 0.5970543982084
1168 0.0000000000000 0.7750000000000
1169 0.7750000000000 0.0000000000000
1170 0.4788969857545 0.1171282607121
1171 0.2559567220886 0.2920429784856
1172 0.5809592162435 0.0621466169642
1173 0.0332190878755 0.6506393776275
1174 0.7500000000000 0.0000000000000
1175 0.0000000000000 0.7500000000000
1176 0.1088139597622 0.4804964550236
1177 0.1440736251289 0.4232642048252
1178 0.2341073772002 0.3062798899943
1179 0.4016850037129 0.1567717187977
1180 0.1667900603772 0.3864911268457
1181 0.0571553243817 0.5726718538211
1182 0.7250000000000 0.0000000000000
1183 0.0000000000000 0.7250000000000
1184 0.5044650762413 0.0876143062818
1185 0.4515629328620 0.1178653411869
1186 0.2121375498356 0.3230060380818
1187 0.5545641211404 0.0594775591286
1188 0.1105765484734 0.4591904114799
1189 0.2631779938239 0.2631779938239
1190 0.0000000000000 0.7000000000000
1191 0.7000000000000 0.0000000000000
1192 0.1901677224710 0.3397321861693
1193 0.0810005917319 0.5013110814140
1194 0.6036771556733 0.0324078373999
1195 0.0555297376582 0.5482893094337
1196 0.1160581823681 0.4379515876523
1197 0.2973553575078 0.2220175821978
1198 0.3439354800336 0.1812408003866
1199 0.4238879817454 0.1227713589783
1200 0.0293904555527 0.5985271991042
1201 0.1679549652134 0.3571687914213
1202 0.0000000000000 0.6750000000000
1203 0.6750000000000 0.0000000000000
1204 0.5286316174880 0.0591574957274
1205 0.1215398162629 0.4167127638247
1206 0.2172731843593 0.2907092508431
1207 0.1336410121093 0.3956590802491
1208 0.0552397750355 0.5245544868473
1209 0.1457422079558 0.3746053966734
1210 0.0000000000000 0.6500000000000
1211 0.6500000000000 0.0000000000000
1212 0.3962130306287 0.1276773767698
1213 0.2485499206709 0.2485499206709
1214 0.4507821142082 0.0886731655629
1215 0.5026991138355 0.0588374323262
1216 0.0838973447077 0.4561886302612
1217 0.2659766752131 0.2247911591459
1218 0.6250000000000 0.0000000000000
1219 0.0000000000000 0.6250000000000
1220 0.5522820605702 0.0297387795643
1221 0.0549498124128 0.5008196642608
1222 0.2244944560947 0.2618442661814
1223 0.1696030303850 0.3228308473450
1224 0.0277648688291 0.5491446547168
1225 0.3632412241353 0.1366302164201
1226 0.2834034297555 0.2010323976206
1227 0.4763502046950 0.0591592111326
1228 0.0000000000000 0.6000000000000
1229 0.6000000000000 0.0000000000000
1230 0.3068364236987 0.1733077268455
1231 0.0560839766775 0.4770032566516
1232 0.2004389915184 0.2751386116920
1233 0.0934094202169 0.4099850639488
1234 0.2325426656076 0.2325426656076
1235 0.3302694176418 0.1455830560704
1236 0.0000000000000 0.5750000000000
1237 0.5750000000000 0.0000000000000
1238 0.3965498786731 0.0955340370977
1239 0.1747386649087 0.2905340601063
1240 0.4500012955545 0.0594809899389
1241 0.0572181409421 0.4531868490424
1242 0.5013495569177 0.0294187161631
1243 0.1151982348750 0.3592333524506
1244 0.0274749062064 0.5004098321304
1245 0.0000000000000 0.5500000000000
1246 0.5500000000000 0.0000000000000
1247 0.1490383382990 0.3059295085206
1248 0.2641066422604 0.1849141745589
1249 0.0612485825565 0.4282221065576
1250 0.4234440111359 0.0614358436823
1251 0.1853245926189 0.2577638257975
1252 0.0000000000000 0.5250000000000
1253 0.5250000000000 0.0000000000000
1254 0.2165354105444 0.2165354105444
1255 0.0652790241709 0.4032573640729
1256 0.1168463000467 0.3248954083742
1257 0.3358009991641 0.1059937395321
1258 0.3968867267174 0.0633906974256
1259 0.3016440270480 0.1311842166081
1260 0.2306726326548 0.1926656810208
1261 0.4500006477772 0.0297404949694
1262 0.0286090704711 0.4515934245212
1263 0.1933728021319 0.2284622252237
1264 0.0749666429826 0.3735593361503
1265 0.0000000000000 0.5000000000000
1266 0.5000000000000 0.0000000000000
1267 0.1349653578557 0.2854577182571
1268 0.2448098547654 0.1687959514972
1269 0.1702101937194 0.2403890399030
1270 0.0846542617943 0.3438613082278
1271 0.3691096537019 0.0648975602097
1272 0.0000000000000 0.4750000000000
1273 0.4750000000000 0.0000000000000
1274 0.1991315048836 0.1991315048836
1275 0.2589142456097 0.1427906643214
1276 0.1455512855659 0.2526874839483
1277 0.0326395120855 0.4016286820364
1278 0.3984433633587 0.0316953487128
1279 0.0000000000000 0.4500000000000
1280 0.4500000000000 0.0000000000000
1281 0.3413325806864 0.0664044229938
1282 0.2730186364541 0.1167853771457
1283 0.1208923774124 0.2649859279935
1284 0.2255188180426 0.1543029763799
1285 0.1558728677134 0.2224146818863
1286 0.0745198973447 0.3154993595098
1287 0.0000000000000 0.4250000000000
1288 0.4250000000000 0.0000000000000
1289 0.1817275992228 0.1817275992228
1290 0.0423271308972 0.3469306541139
1291 0.0926389551537 0.2760616693927
1292 0.3150264403553 0.0620985515763
1293 0.2808694682391 0.0872890286522
1294 0.1616315704650 0.1930839615462
1295 0.1939776902712 0.1607688002427
1296 0.0000000000000 0.4000000000000
1297 0.4000000000000 0.0000000000000
1298 0.2503140308805 0.1065563088626
1299 0.1101802738276 0.2449852050436
1300 0.3456662903432 0.0332022114969
1301 0.1415355417073 0.2044403238696
1302 0.2062277813198 0.1398100012626
1303 0.0643855328950 0.2871374107918
1304 0.1205018559751 0.2147124029817
1305 0.0000000000000 0.3750000000000
1306 0.3750000000000 0.0000000000000
1307 0.2169186033133 0.1180686209210
1308 0.2887203000241 0.0577926801588
1309 0.1635548393005 0.1635548393005
1310 0.0994681702428 0.2249844820937
1311 0.2276094253069 0.0963272405795
1312 0.0000000000000 0.3500000000000
1313 0.3500000000000 0.0000000000000
1314 0.1275093553320 0.1865815402983
1315 0.1876581417301 0.1258839696823
1316 0.0582368464790 0.2635209439791
1317 0.0321927664475 0.2935687053959
1318 0.2647362073605 0.0533282197676
1319 0.2943601500121 0.0288963400794
1320 0.0757781651529 0.2324444796301
1321 0.2341807700019 0.0725954999779
1322 0.3250000000000 0.0000000000000
1323 0.0000000000000 0.3250000000000
1324 0.0906871559754 0.2065477115488
1325 0.2080685346397 0.0878710817985
1326 0.1453820793782 0.1453820793782
1327 0.1294326241674 0.1570524180526
1328 0.1572352907593 0.1286700087402
1329 0.0520881600630 0.2399044771664
1330 0.1134831689567 0.1687227567271
1331 0.1690885021405 0.1119579381021
1332 0.2407521146968 0.0488637593763
1333 0.0976946553324 0.1784168488655
1334 0.0000000000000 0.3000000000000
1335 0.3000000000000 0.0000000000000
1336 0.1788080730565 0.0956864305598
1337 0.0819061417081 0.1881109410039
1338 0.1885276439725 0.0794149230175
1339 0.0478564696544 0.2176552741677
1340 0.0260440800315 0.2449522385832
1341 0.2453760573484 0.0244318796882
1342 0.2181722711892 0.0452621975485
1343 0.1272093194559 0.1272093194559
1344 0.0000000000000 0.2750000000000
1345 0.2750000000000 0.0000000000000
1346 0.0988351300469 0.1521067882991
1347 0.0627654604769 0.1917585060865
1348 0.1526525030160 0.0975913434261
1349 0.1920600358271 0.0605377793691
1350 0.0757229326912 0.1741656124236
1351 0.1739028386398 0.0732080502182
1352 0.0436247792458 0.1954060711690
1353 0.2500000000000 0.0000000000000
1354 0.0000000000000 0.2500000000000
1355 0.1955924276816 0.0416606357207
1356 0.0695397236744 0.1602202838434
1357 0.1592780333071 0.0670011774189
1358 0.0768634074057 0.1478555518573
1359 0.1477472685993 0.0751129630845
1360 0.0841870911371 0.1354908198712
1361 0.0966118253354 0.1222636897024
1362 0.1362165038916 0.0832247487500
1363 0.1226265317126 0.0961306541419
1364 0.1090365595337 0.1090365595337
1365 0.0417435686122 0.1741277913495
1366 0.0218123896229 0.1977030355845
1367 0.2250000000000 0.0000000000000
1368 0.0000000000000 0.2250000000000
1369 0.1977962138408 0.0208303178604
1370 0.1743411898694 0.0400122481049
1371 0.0547010408265 0.1565348976867
1372 0.1561839926822 0.0526825189540
1373 0.0398623579786 0.1528495115300
1374 0.0000000000000 0.2000000000000
1375 0.2000000000000 0.0000000000000
1376 0.1530899520572 0.0383638604891
1377 0.1209325597928 0.0637850089356
1378 0.0644380017604 0.1197372496259
1379 0.0908637996114 0.0908637996114
1380 0.0422756351811 0.1284165954553
1381 0.1293692838756 0.0413545648051
1382 0.0199311789893 0.1514247557650
1383 0.1750000000000 0.0000000000000
1384 0.0000000000000 0.1750000000000
1385 0.1515449760286 0.0191819302445
1386 0.1056486156940 0.0443452691212
1387 0.0446889123836 0.1039836793806
1388 0.0891698276915 0.0585181544052
1389 0.0586899760364 0.0883373595349
1390 0.0726910396891 0.0726910396891
1391 0.1500000000000 0.0000000000000
1392 0.0000000000000 0.1500000000000
1393 0.1028243078470 0.0221726345606
1394 0.0223444561918 0.1019918396903
1395 0.1250000000000 0.0000000000000
1396 0.0000000000000 0.1250000000000
1397 0.0849536022202 0.0356395320249
1398 0.0358501948965 0.0837133728945
1399 0.0545182797668 0.0545182797668
1400 0.1000000000000 0.0000000000000
1401 0.0000000000000 0.1000000000000
1402 0.0642585887463 0.0269337949286
1403 0.0270114774094 0.0634430664084
1404 0.0503020542954 0.0316396573866
1405 0.0316784986270 0.0498942931265
1406 0.0750000000000 0.0000000000000
1407 0.0000000000000 0.0750000000000
1408 0.0363455198446 0.0363455198446
1409 0.0571292943731 0.0134668974643
1410 0.0135057387047 0.0567215332042
1411 0.0500000000000 0.0000000000000
1412 0.0000000000000 0.0500000000000
1413 0.0181727599223 0.0181727599223
1414 0.0250000000000 0.0000000000000
1415 0.0000000000000 0.0250000000000
1416 0.0000000000000 0.0000000000000

