1 1.0000000000000 1.0000000000000
2 1.0000000000000 0.9750000000000
3 0.9750000000000 1.0000000000000
4 0.9818272399816 0.9818272399816
5 0.9818272399816 0.9568272399816
6 0.9568272399816 0.9818272399816
7 1.0000000000000 0.9500000000000
8 0.9500000000000 1.0000000000000
9 0.9636544799632 0.9636544799632
10 0.9636544799632 0.9386544799632
11 0.9386544799632 0.9636544799632
12 1.0000000000000 0.9250000000000
13 0.9250000000000 1.0000000000000
14 0.9454817199448 0.9454817199448
15 0.9636544799632 0.9136544799632
16 0.9136544799632 0.9636544799632
17 1.0000000000000 0.9000000000000
18 0.9000000000000 1.0000000000000
19 0.9273089599264 0.9273089599264
20 0.8871778726614 0.9722812058416
21 0.9722946151736 0.8868604330691
22 0.9008323526246 0.9359356858048
23 0.9359490951368 0.9005149130323
24 1.0000000000000 0.8750000000000
25 0.8750000000000 1.0000000000000
26 0.9091361999080 0.9091361999080
27 0.8743557453227 0.9445624116832
28 0.9445892303473 0.8737208661382
29 0.8621778726614 0.9722812058416
30 0.9722946151736 0.8618604330691
31 0.8826595926062 0.9177629257864
32 0.9177763351184 0.8823421530139
33 1.0000000000000 0.8500000000000
34 0.8500000000000 1.0000000000000
35 0.8909634398896 0.8909634398896
36 0.9456640780468 0.8527209446415
37 0.8503666676662 0.9490128454936
38 0.9235566434343 0.8580263200031
39 0.9733694628732 0.8408605115724
40 0.8576870688780 0.9226998472038
41 0.8381887950048 0.9767316396520
42 0.8967437482055 0.8666476068788
43 0.8659909161615 0.8959003613070
44 1.0000000000000 0.8250000000000
45 0.8250000000000 1.0000000000000
46 0.9467389257464 0.8317210231449
47 0.9246314911339 0.8370263985065
48 0.8263775900096 0.9534632793040
49 0.8727906798712 0.8727906798712
50 0.8336979912215 0.9271502810142
51 0.9025240565214 0.8423317738680
52 0.9733694628732 0.8158605115724
53 0.8410183924333 0.9008372827244
54 0.8131887950048 0.9767316396520
55 0.8785709881871 0.8484748468604
56 0.8478181561431 0.8777276012886
57 0.8150436058509 0.9337692195824
58 0.8077796853095 0.9573840504298
59 0.9547509451915 0.8081249951906
60 0.9305227899571 0.8128000841917
61 0.8000000000000 1.0000000000000
62 1.0000000000000 0.8000000000000
63 0.8223640070627 0.9074562212926
64 0.9084153553446 0.8181054595532
65 0.8546179198528 0.8546179198528
66 0.7945908903047 0.9806524107778
67 0.9813814823184 0.7922644836182
68 0.8845563448932 0.8253421250411
69 0.8269915439816 0.8812530624161
70 0.7964457011508 0.9376899907083
71 0.8037096216922 0.9140751598609
72 0.7891817806094 0.9613048215557
73 0.8337913076913 0.8581433809803
74 0.9627629646367 0.7845289672363
75 0.8606032765589 0.8314851980335
76 0.9385348094023 0.7892040562374
77 0.8083371586110 0.8878720009843
78 0.9143066541678 0.7938791452384
79 0.7750000000000 1.0000000000000
80 1.0000000000000 0.7750000000000
81 0.8904476437164 0.8011158107263
82 0.7695908903047 0.9806524107778
83 0.8364451598344 0.8364451598344
84 0.8129646955299 0.8616688421078
85 0.9813814823184 0.7672644836182
86 0.8665886332650 0.8083524762142
87 0.7798509688121 0.9215050523268
88 0.7725870482707 0.9451198831742
89 0.7853194407521 0.8971565350852
90 0.9475606252266 0.7676468697714
91 0.9233324699921 0.7723219587724
92 0.8156185476729 0.8399706209619
93 0.8424305165405 0.8133124380151
94 0.8972968722936 0.7771597671447
95 0.7899469776710 0.8709533762087
96 0.7529961579660 0.9644674723964
97 0.7500000000000 1.0000000000000
98 1.0000000000000 0.7500000000000
99 0.8734378618422 0.7843964326326
100 0.9661791429082 0.7503823861532
101 0.7559923159321 0.9289349447928
102 0.7614607878721 0.9045864275512
103 0.8182723998160 0.8182723998160
104 0.7930324759052 0.8468795037272
105 0.8493393993058 0.7907263662474
106 0.9323582858165 0.7507647723064
107 0.9063226881179 0.7556025806787
108 0.7669292598121 0.8802379103095
109 0.8802870904194 0.7604403890510
110 0.7956863280483 0.8251812825813
111 0.8251812825813 0.7956863280483
112 0.7700147580463 0.8561640378281
113 0.7292227593922 0.9746394619681
114 0.8561886278830 0.7667703226658
115 0.7322189173582 0.9391069343645
116 0.7250000000000 1.0000000000000
117 1.0000000000000 0.7250000000000
118 0.9713983204755 0.7263407624363
119 0.7377462782776 0.9119103570698
120 0.9375774633837 0.7267231485896
121 0.7432147502176 0.8875618398282
122 0.8008684941524 0.8008684941524
123 0.9131773252702 0.7319116898733
124 0.7731002562805 0.8320901653466
125 0.8320901653466 0.7731002562806
126 0.7493431838962 0.8635106400754
127 0.8871417275717 0.7367494982456
128 0.8635114908199 0.7438103954052
129 0.7782824223847 0.8077773769178
130 0.8077773769177 0.7782824223847
131 0.7524286821304 0.8394367675940
132 0.7084455187844 0.9492789239361
133 0.7139728797038 0.9220823466415
134 0.7042227593922 0.9746394619681
135 0.8394130282835 0.7501403290200
136 0.7195002406231 0.8948857693469
137 0.7000000000000 1.0000000000000
138 1.0000000000000 0.7000000000000
139 0.9713983204755 0.7013407624363
140 0.9427966409510 0.7026815248727
141 0.7256286743017 0.8708345695941
142 0.9183965028375 0.7078700661564
143 0.8939963647240 0.7130586074401
144 0.7834645884888 0.7834645884889
145 0.7549694839748 0.8150830602927
146 0.8150830602926 0.7549694839748
147 0.8703661279722 0.7201195045998
148 0.7317571079803 0.8467833698413
149 0.8467358912204 0.7271804017594
150 0.6909081986975 0.9304736133530
151 0.7907702718637 0.7601516500790
152 0.7601516500789 0.7907702718638
153 0.6964355596168 0.9032770360584
154 0.7342979098247 0.8224296625400
155 0.7022932626244 0.8794426033523
156 0.8224059232295 0.7320095567143
157 0.6801275981624 0.9547317253217
158 0.9789599659377 0.6775259888062
159 0.9259633943129 0.6842714866263
160 0.6759048387702 0.9800922633536
161 0.9503582864132 0.6788667512425
162 0.6750000000000 1.0000000000000
163 1.0000000000000 0.6750000000000
164 0.7084216963030 0.8553914035995
165 0.9015632561994 0.6894600279100
166 0.8775163486720 0.6954514418340
167 0.7674573334539 0.7674573334539
168 0.8538861119202 0.7025123389936
169 0.7368387116691 0.7980759552387
170 0.7980759552386 0.7368387116691
171 0.7130727339738 0.8309576660238
172 0.8298797601408 0.7089831787559
173 0.6733708786105 0.9116683027699
174 0.6792285816181 0.8878338700638
175 0.7441443950440 0.7747630168288
176 0.7747630168288 0.7441443950440
177 0.6850862846256 0.8639994373577
178 0.6625902780755 0.9359264147385
179 0.7156135358182 0.8066039587225
180 0.9335250397751 0.6604567129961
181 0.8055497921499 0.7138123337107
182 0.9091301476749 0.6658614483799
183 0.9579199318754 0.6550519776123
184 0.8850832401475 0.6718528623039
185 0.9789599659377 0.6525259888062
186 0.6897373222965 0.8395656997820
187 0.6509048387702 0.9800922633536
188 0.6500000000000 1.0000000000000
189 1.0000000000000 0.6500000000000
190 0.6518096775405 0.9601845267072
191 0.8610363326201 0.6778442762278
192 0.7514500784189 0.7514500784189
193 0.7826407851469 0.7216385536281
194 0.7216385536280 0.7826407851469
195 0.8370299808406 0.6843151159901
196 0.6943883599674 0.8151319622064
197 0.6521000036792 0.9139560432469
198 0.6574014213337 0.8922534836291
199 0.8130236290611 0.6907859557523
200 0.6632591243413 0.8684190509230
201 0.7289442370030 0.7593278467371
202 0.7593278467370 0.7289442370030
203 0.6413194031442 0.9382141552156
204 0.7004133777772 0.7911687886308
205 0.7901146220581 0.6986121756697
206 0.9161346304089 0.6418768877882
207 0.9405295225092 0.6364721524044
208 0.8918723475977 0.6478487851369
209 0.8678254400703 0.6538401990608
210 0.6638821772503 0.8419518782029
211 0.7368220053211 0.7368220053211
212 0.9789599659377 0.6275259888062
213 0.8430950150788 0.6606313212847
214 0.6259048387702 0.9800922633536
215 0.7064383955870 0.7672056150552
216 0.7672056150551 0.7064383955870
217 0.6250000000000 1.0000000000000
218 1.0000000000000 0.6250000000000
219 0.6685332149212 0.8175181406273
220 0.6308291287479 0.9162437837239
221 0.6361305464024 0.8945412241061
222 0.8190886632994 0.6671021610470
223 0.6414319640569 0.8728386644883
224 0.6215354899142 0.9516552705675
225 0.7446997736392 0.7143161639052
226 0.7143161639051 0.7446997736392
227 0.7961563769033 0.6755766529258
228 0.6724902579253 0.7935387575474
229 0.7732473699003 0.6834028728432
230 0.8988768303318 0.6238642245451
231 0.6420550169660 0.8463714917682
232 0.9231391131429 0.6178923271964
233 0.8746145475206 0.6298361218938
234 0.7221939322232 0.7221939322233
235 0.9615695565715 0.6089461635982
236 0.8498841225291 0.6366272441177
237 0.6938703295375 0.7518564732374
238 0.7518564732374 0.6938703295376
239 0.6110452155179 0.9296848990759
240 0.6785152757351 0.7695755839718
241 0.8251536975376 0.6434183663416
242 0.6135504749957 0.9048225969752
243 0.6188518926502 0.8831200373574
244 0.6000000000000 1.0000000000000
245 1.0000000000000 0.6000000000000
246 0.6426780698750 0.8199043190482
247 0.8022214111415 0.6518928582205
248 0.7293506318214 0.7017480978557
249 0.7017480978556 0.7293506318215
250 0.6208596322899 0.8589697994132
251 0.7792891247455 0.6603673500994
252 0.5956306511439 0.9715630072140
253 0.6466351128791 0.7959249359683
254 0.7578982280826 0.6708348067937
255 0.9058333491376 0.5998551152865
256 0.8815710663265 0.6058270126352
257 0.7089047974538 0.7089047974539
258 0.9301090336972 0.5938844570745
259 0.5912613022878 0.9431260144279
260 0.6813022634880 0.7365073314197
261 0.7365073314196 0.6813022634881
262 0.6214826851989 0.8325026266932
263 0.5937665617657 0.9182637123272
264 0.6659472096856 0.7542264421540
265 0.9685394771258 0.5849382934763
266 0.6505921558832 0.7719455528884
267 0.8473342569384 0.6115415202385
268 0.5962718212435 0.8934014102264
269 0.8226038319469 0.6183326424624
270 0.6884589630862 0.7160614970521
271 0.7160614970520 0.6884589630863
272 0.5982795608832 0.8692511722823
273 0.6206023285404 0.8089214536837
274 0.7987671820839 0.6257474589563
275 0.5750000000000 1.0000000000000
276 1.0000000000000 0.5750000000000
277 0.6002873005228 0.8451009343382
278 0.7758348956879 0.6342219508352
279 0.5706306511439 0.9715630072140
280 0.6956156626844 0.6956156626845
281 0.7194307640949 0.6712452919670
282 0.6245593715445 0.7849420706039
283 0.8885275851324 0.5818179033766
284 0.9128032696920 0.5758472451646
285 0.9370789542516 0.5698765869526
286 0.7511145820483 0.6422397123830
287 0.5699296932637 0.9260489618419
288 0.8542907757443 0.5875324109799
289 0.6596565280887 0.7251192854226
290 0.5994069438643 0.8215197613287
291 0.5724349527415 0.9011866597411
292 0.6443014742863 0.7428383961569
293 0.5780838106874 0.8773870016132
294 0.7297236853854 0.6527071690774
295 0.6989849297273 0.6784019915652
296 0.9685394771258 0.5599382934763
297 0.5583663168542 0.9511066495689
298 0.8200539663562 0.5932469185831
299 0.5800915503271 0.8532367636691
300 0.6668132276869 0.7046734510550
301 0.6210854394878 0.7621137105754
302 0.6836074562860 0.6836074562861
303 0.7962173164932 0.6006617350771
304 0.5985265872058 0.7979385883193
305 0.5500000000000 1.0000000000000
306 1.0000000000000 0.5500000000000
307 0.5824743341205 0.8296236937477
308 0.7023541967702 0.6611883204460
309 0.7723806666302 0.6080765515710
310 0.8978705971540 0.5559552111066
311 0.9468888420312 0.5474382934763
312 0.9221462817136 0.5499845528946
313 0.6869767233289 0.6663937851669
314 0.7126471180607 0.6426501975563
315 0.8596847118066 0.5631306323800
316 0.7476603529907 0.6160943131188
317 0.5542469421854 0.8851722511280
318 0.5485980842395 0.9089719092558
319 0.5815939774620 0.8060425207383
320 0.5598958001313 0.8613725930001
321 0.6380107926894 0.7137312394255
322 0.6548050212885 0.6926652446566
323 0.5377356657103 0.9795436423550
324 0.8777926014223 0.5534582531414
325 0.9783493649054 0.5375000000000
326 0.5950526551491 0.7751102282909
327 0.6715992498877 0.6715992498877
328 0.8254479024185 0.5688451399833
329 0.6927919989412 0.6497802386096
330 0.5622785839247 0.8377595230786
331 0.7229400393512 0.6241120746667
332 0.5370347078300 0.9340295969829
333 0.6147947578909 0.7330065538440
334 0.8047920016530 0.5726395808934
335 0.5810090896622 0.7828940043991
336 0.6774145254999 0.6549857033305
337 0.5646613677181 0.8141464531572
338 0.7030849202317 0.6312421157200
339 0.7809553517901 0.5800543973873
340 0.5250000000000 1.0000000000000
341 1.0000000000000 0.5250000000000
342 0.5254713314205 0.9590872847099
343 0.9566987298108 0.5250000000000
344 0.9319561694932 0.5275462594182
345 0.5915787230925 0.7522818682624
346 0.6314959317734 0.6954996765946
347 0.9072136091756 0.5300925188365
348 0.6482901603725 0.6744336818257
349 0.6608009789427 0.6608009789428
350 0.5321935334049 0.8908273774346
351 0.6832298011122 0.6383721567733
352 0.5378423913508 0.8670277193068
353 0.6215296016838 0.7025912000904
354 0.5438318335788 0.8439025126247
355 0.7540761438251 0.5844613157805
356 0.6106897988166 0.7134561075837
357 0.5640764799184 0.7909979368180
358 0.5226220536519 0.9136078000906
359 0.8871356134439 0.5275955608714
360 0.5775351576055 0.7600656443707
361 0.8308418384808 0.5444433613834
362 0.7015865804104 0.6162198191160
363 0.6666162545550 0.6441874323856
364 0.5127356657103 0.9795436423550
365 0.9783493649054 0.5125000000000
366 0.5462146173723 0.8202894427032
367 0.8489497280965 0.5347709821448
368 0.7293558301856 0.5924790773284
369 0.8101859377154 0.5482378022935
370 0.5874737640181 0.7327314220022
371 0.5110586772424 0.9386654878177
372 0.6817314612909 0.6233498601693
373 0.8670576177122 0.5250986029062
374 0.5634915921186 0.7678494204789
375 0.6374918894276 0.6636354108808
376 0.5488711571114 0.7972093592082
377 0.6249810708574 0.6772681137637
378 0.7895300369499 0.5520322432036
379 0.6500027079978 0.6500027079979
380 0.7083472454967 0.5992641930337
381 0.9316641501959 0.5083171217504
382 0.5757071246697 0.7401507924039
383 0.6150147407678 0.6843596372595
384 0.9069215898783 0.5108633811687
385 0.5000000000000 1.0000000000000
386 1.0000000000000 0.5000000000000
387 0.5157889825702 0.8726828456134
388 0.5005777937396 0.9613425386856
389 0.6050484106782 0.6914511607553
390 0.5217784247983 0.8495576389314
391 0.7626508289849 0.5564391615968
392 0.5277678670264 0.8264324322493
393 0.5942086078110 0.7023160682486
394 0.8868435941466 0.5083664232035
395 0.5062175028172 0.8954632682694
396 0.6655269168063 0.6216604331887
397 0.8253421243134 0.5261370352621
398 0.5482862693117 0.7740608428690
399 0.6802331214696 0.6083275635652
400 0.5616635591828 0.7479345685121
401 0.5833688049438 0.7131809757419
402 0.6199388243386 0.6637204388899
403 0.6324496429088 0.6500877360069
404 0.6112462224334 0.6727605996803
405 0.8434500139291 0.5164646560236
406 0.6403347281295 0.6403347281296
407 0.8046862235479 0.5299314761722
408 0.5304244067655 0.8033523487542
409 0.4966460230643 0.9182436909255
410 0.9505170699654 0.4918573044256
411 0.6012798923438 0.6798521231761
412 0.5716021655954 0.7206003461437
413 0.6489133702491 0.6274757088010
414 0.4878421280294 0.9817988963307
415 0.7357716210199 0.5608460799900
416 0.5490172638943 0.7540495344024
417 0.5918015797031 0.6880638934791
418 0.6869937865559 0.5913719374830
419 0.5809617768360 0.6989288009724
420 0.5330809465047 0.7802722652591
421 0.9066295705810 0.4916342435008
422 0.4861651395615 0.9409207417934
423 0.6640285769850 0.6066381365846
424 0.5598355262470 0.7280197165454
425 0.7147630363311 0.5676311956954
426 0.8631951901468 0.5002602122890
427 0.5019260127339 0.8532286257728
428 0.5707267092979 0.7061741442432
429 0.6148965778199 0.6501727640160
430 0.6064497153931 0.6593563571764
431 0.5079154549619 0.8301034190907
432 0.6230495040603 0.6405064489640
433 0.9721677050600 0.4793573044256
434 0.5975113740093 0.6682530855968
435 0.6306667482612 0.6306667482613
436 0.5141239453916 0.8076284204446
437 0.4921035223061 0.8751813444165
438 0.5882516628079 0.6766661015994
439 0.6716842615681 0.5921994253393
440 0.8198424101459 0.5078307091409
441 0.5338119410873 0.7602609567925
442 0.6937544516423 0.5744163114007
443 0.4750000000000 1.0000000000000
444 1.0000000000000 0.4750000000000
445 0.5471892309584 0.7341346824357
446 0.6395307657305 0.6180715180857
447 0.4756842560587 0.9635977926613
448 0.5589600699495 0.7135935146450
449 0.7739098780081 0.5248910408783
450 0.5785547487281 0.6846766262029
451 0.7201706993220 0.5539950664302
452 0.4825320425531 0.8979617670725
453 0.5167804851308 0.7845483369495
454 0.6478240325003 0.6049487096040
455 0.8829811665812 0.4835280325863
456 0.5685047540575 0.6921825341609
457 0.9254824903505 0.4751744261760
458 0.5480125624062 0.7197071206199
459 0.6991621146331 0.5607801821356
460 0.6784449266544 0.5752437992570
461 0.5345429356699 0.7402496483259
462 0.8395875863637 0.4916262654063
463 0.4718178923054 0.9204694814107
464 0.5203511711520 0.7648145927598
465 0.7470306700431 0.5292979592715
466 0.5580846136519 0.6991673127445
467 0.6558506931032 0.5907049618866
468 0.7245584513207 0.5394719033376
469 0.4628421280294 0.9817988963307
470 0.4880630428975 0.8337744059322
471 0.5353662671176 0.7258220865101
472 0.6835597748610 0.5629648985258
473 0.4942715333272 0.8112994072861
474 0.5472805102503 0.7056021559631
475 0.7890660646061 0.5027902738469
476 0.7045697776240 0.5471440528704
477 0.4782405524697 0.8557271245758
478 0.6631354016666 0.5760712871133
479 0.4613370088026 0.9431465322787
480 0.9018226747553 0.4671015832364
481 0.5004800237568 0.7888244086399
482 0.5210821657346 0.7448032842932
483 0.8593327625814 0.4754218216717
484 0.9443354101200 0.4587146088512
485 0.4684180620419 0.8776798432195
486 0.5361895985654 0.7113945246944
487 0.9721677050600 0.4543573044256
488 0.5040507097781 0.7690906644502
489 0.5237783625366 0.7306082594281
490 0.6889674378519 0.5493287692607
491 0.6684730194596 0.5639785223755
492 0.8138924246048 0.4829901444799
493 0.4500000000000 1.0000000000000
494 1.0000000000000 0.4500000000000
495 0.4507865207496 0.9658062231550
496 0.7089575296228 0.5326208897778
497 0.4577039117942 0.9001875575577
498 0.5076213957993 0.7493569202605
499 0.5246932522458 0.7165627540013
500 0.8781742707555 0.4589953723218
501 0.6733650980798 0.5515134856509
502 0.9206755945248 0.4506417659116
503 0.4770663248581 0.8132136882910
504 0.6931315385552 0.5363101856442
505 0.5103175926013 0.7351618953954
506 0.7582897190663 0.4977498385530
507 0.4832748152877 0.7907386896449
508 0.4671292393990 0.8343977575928
509 0.4469897615466 0.9226952718960
510 0.7358175003439 0.5079237826191
511 0.8336376008225 0.4667857007453
512 0.4899104859906 0.7717816585739
513 0.7133452816216 0.5180977266852
514 0.5130137894033 0.7209668705303
515 0.4573067489712 0.8563504762365
516 0.4379443927203 0.9840073268243
517 0.6777977154357 0.5386322832985
518 0.4934811720118 0.7520479143842
519 0.7831160790650 0.4779497091859
520 0.6975192905539 0.5217870225516
521 0.4982066148851 0.7383965321080
522 0.4364392734936 0.9453549627723
523 0.8970157789295 0.4425689229720
524 0.8545393107328 0.4508891192545
525 0.4436590026402 0.8763266739328
526 0.5009304173818 0.7246415402682
527 0.7388987980706 0.4925031787559
528 0.9431377643425 0.4314812737785
529 0.6816932994863 0.5254763184180
530 0.7164265793482 0.5026771228220
531 0.4660696068186 0.7926529706499
532 0.9709700592824 0.4271239693529
533 0.4727052775215 0.7736959395788
534 0.4561325213595 0.8138370399517
535 0.8079424390636 0.4581495798189
536 0.4250000000000 1.0000000000000
537 1.0000000000000 0.4250000000000
538 0.4258887854405 0.9680146536486
539 0.4793409482243 0.7547389085078
540 0.7005914298231 0.5080273661372
541 0.4329448523925 0.8988343882711
542 0.4840663910976 0.7410875262317
543 0.4461954359005 0.8350211092534
544 0.4887918339709 0.7274361439555
545 0.8733808189069 0.4344626699046
546 0.6850838892457 0.5117944749331
547 0.9194779487472 0.4234084308389
548 0.7599400541423 0.4689212150524
549 0.8288441489740 0.4422529983281
550 0.7195078770748 0.4872565189588
551 0.7404110103164 0.4762847151762
552 0.4325476895694 0.8549973069498
553 0.4581307696169 0.7742036883714
554 0.4129443927203 0.9840073268243
555 0.7036727275497 0.4926067622740
556 0.4716166785342 0.7425312999724
557 0.4647664403198 0.7552466573004
558 0.4762927827939 0.7293694559021
559 0.4483420117409 0.7917730779438
560 0.4156545868915 0.9170765821667
561 0.6878375780247 0.4979570055893
562 0.7847664141410 0.4491210856854
563 0.8921724249883 0.4180563833919
564 0.4384049262818 0.8129571472456
565 0.8497458588843 0.4263564168373
566 0.4188999432384 0.8749735046462
567 0.4051040988384 0.9397362730430
568 0.7210200893206 0.4710380553791
569 0.9419401185649 0.4042479387058
570 0.9709700592824 0.4021239693529
571 0.8056202977971 0.4336034017170
572 0.7054499485363 0.4782148537793
573 0.4248045892821 0.8320767080863
574 0.4014652124880 0.9676244544140
575 0.4000000000000 1.0000000000000
576 1.0000000000000 0.4000000000000
577 0.4638924088441 0.7303236914371
578 0.4570421706297 0.7430390487650
579 0.4501919324152 0.7557544060930
580 0.6899833807988 0.4835670552386
581 0.4404031745392 0.7733237956653
582 0.8685374649657 0.4099501303246
583 0.4306144166631 0.7908931852377
584 0.9146345948060 0.3988958912588
585 0.4111568429510 0.8520529057827
586 0.8265220077075 0.4177068202261
587 0.4016096777374 0.8932156985419
588 0.7615903892183 0.4400925915518
589 0.7420613453924 0.4474560916757
590 0.4512372434732 0.7302761621709
591 0.3885208197677 0.9836171275897
592 0.7225323015664 0.4548195917995
593 0.4445244893825 0.7424695965331
594 0.7069621607821 0.4619963901996
595 0.4170140796634 0.8100127460785
596 0.6913920199977 0.4691731885998
597 0.7824442728745 0.4245749075834
598 0.4355719746013 0.7538004061578
599 0.8873290710470 0.3935438438119
600 0.8448730801873 0.4020578816389
601 0.4257832167253 0.7713697957302
602 0.3940154966090 0.8692561632331
603 0.4034137426636 0.8291323069193
604 0.3843194122364 0.9114578924375
605 0.3806805258859 0.9393460738084
606 0.8032981565307 0.4090572236150
607 0.4388570463497 0.7291847869732
608 0.3770416395354 0.9672342551794
609 0.4129746990083 0.7868997588813
610 0.3750000000000 1.0000000000000
611 1.0000000000000 0.3750000000000
612 0.7408894302374 0.4311485139051
613 0.9492343235610 0.3767106967058
614 0.7072118257014 0.4471242205549
615 0.9782642642785 0.3745867273529
616 0.4299045315686 0.7405155965979
617 0.6920584979662 0.4542072406462
618 0.7213603864115 0.4385120140289
619 0.7594408185223 0.4193337354091
620 0.8636646862687 0.3856515951262
621 0.4209520167874 0.7518464062227
622 0.3993743620086 0.8060193197221
623 0.8216492290105 0.3934082850277
624 0.3862723963216 0.8463355643696
625 0.3767252311079 0.8874983571287
626 0.9251560799327 0.3699913396528
627 0.4263999118427 0.7269778073598
628 0.7802947021785 0.4038160514407
629 0.4081434990705 0.7673763693738
630 0.3635208197677 0.9836171275897
631 0.4176779674065 0.7377817210748
632 0.6918913498365 0.4394288493104
633 0.7060399105465 0.4308166427843
634 0.7201884712566 0.4222044362583
635 0.3953349813536 0.7829063325250
636 0.8400003014904 0.3777593464405
637 0.3824833973255 0.8223476234840
638 0.8978505561738 0.3646392922058
639 0.7980435939934 0.3884661058013
640 0.4068109146385 0.7472900033433
641 0.7387398595415 0.4103896577623
642 0.3691310499795 0.8635388218200
643 0.4144039180255 0.7237170359269
644 0.7572912478264 0.3985748792664
645 0.3546597061182 0.9340783111241
646 0.3500000000000 1.0000000000000
647 1.0000000000000 0.3500000000000
648 0.3510208197677 0.9619664924951
649 0.3940023969216 0.7628199664945
650 0.9782642642785 0.3495867273529
651 0.9565285285571 0.3491734547057
652 0.6908931138547 0.4249403315176
653 0.3784440166704 0.7992346362869
654 0.4035368652576 0.7332253181954
655 0.8163946664732 0.3728171672140
656 0.7046325071784 0.4165155125453
657 0.8738203035853 0.3578472257021
658 0.3653420509834 0.8395508809344
659 0.7750401396412 0.3832249336270
660 0.7170582983833 0.4066946741430
661 0.3926698124896 0.7427336004639
662 0.3475533348237 0.9020110413067
663 0.4025637906623 0.7192973308290
664 0.7356096866682 0.3948798956471
665 0.3785616398512 0.7757419915559
666 0.9324502849288 0.3424540976527
667 0.3375000000000 0.9783493649054
668 0.3615530519873 0.8155629400488
669 0.7927890314561 0.3678749879875
670 0.3920144424004 0.7283089424920
671 0.6890765431002 0.4108265888324
672 0.8501559188069 0.3499549770164
673 0.3772290554192 0.7556556255254
674 0.7015023343051 0.4010057504300
675 0.9083720413005 0.3357347405997
676 0.3453490690569 0.8533649046584
677 0.3399591536952 0.8780515059979
678 0.3616706751681 0.7920702953179
679 0.7499148925094 0.3768840273117
680 0.3913590723112 0.7138842845202
681 0.7139281255100 0.3911849120277
682 0.3795851969008 0.7356595182063
683 0.3250000000000 1.0000000000000
684 1.0000000000000 0.3250000000000
685 0.8260879906510 0.3471550182263
686 0.9782642642785 0.3245867273529
687 0.3250000000000 0.9566987298108
688 0.9503026064282 0.3249629307735
689 0.3617882983488 0.7685776505869
690 0.7676637843242 0.3615340816723
691 0.6864588175908 0.3971472167137
692 0.3415600700608 0.8293769637728
693 0.3789298268116 0.7212348602345
694 0.8843417887120 0.3289426740960
695 0.6985017821792 0.3875964464177
696 0.7282333313512 0.3731890436923
697 0.3641444398304 0.7485815432678
698 0.3805486910952 0.7073658301462
699 0.9262243627999 0.3182435737205
700 0.3421276766369 0.8050824293971
701 0.3178936287055 0.9246314599933
702 0.8024823556339 0.3422128389998
703 0.7828229972873 0.3473664515248
704 0.3125000000000 0.9783493649054
705 0.3665005813120 0.7285854359488
706 0.7078726388690 0.3737520511518
707 0.8603115361235 0.3221506075924
708 0.6830754388485 0.3840079808076
709 0.3422452998177 0.7815897846661
710 0.3685061594729 0.7142852694021
711 0.7425385371924 0.3551931753570
712 0.9021438311763 0.3115522137362
713 0.3215670881344 0.8431909874967
714 0.3161771727727 0.8678775888363
715 0.3705117376339 0.6999851028555
716 0.3107872574110 0.8925641901758
717 0.3000000000000 1.0000000000000
718 1.0000000000000 0.3000000000000
719 0.8362436079676 0.3193506488022
720 0.9720383421496 0.3003762034206
721 0.6924462955383 0.3701635855418
722 0.9440766842993 0.3007524068413
723 0.7221778447102 0.3557561828165
724 0.3221346947104 0.8188964531210
725 0.7576977501555 0.3410255452096
726 0.3415470044552 0.7559936688572
727 0.3549679781592 0.7193147446398
728 0.8781135785878 0.3047601472325
729 0.6789323481152 0.3713805451368
730 0.3439031459368 0.7359975615382
731 0.3569735563201 0.7050145780931
732 0.3227023012865 0.7946019187453
733 0.2937174067417 0.9501332435002
734 0.8121756798117 0.3165506900121
735 0.7925163214651 0.3217043025371
736 0.7018171522281 0.3563191902760
737 0.3610554843287 0.6916343840991
738 0.7728569631185 0.3268579150621
739 0.9199961526757 0.2940610468569
740 0.7289823520827 0.3425607300166
741 0.6879603601885 0.3578755282487
742 0.7419520192592 0.3323610629806
743 0.3220040059241 0.7690058029365
744 0.8540481330220 0.2984201821579
745 0.3434353750064 0.7100440533308
746 0.2866110354472 0.9180659736827
747 0.7086216596005 0.3431237374761
748 0.2981284229564 0.8454878583167
749 0.6741035681489 0.3594318662215
750 0.2927385075947 0.8701744596563
751 0.3479469517335 0.6963245908819
752 0.2812174067417 0.9717838785948
753 0.8959156210521 0.2873696868726
754 0.3524585284606 0.6826051284330
755 0.3323705427840 0.7267268702292
756 0.2986960295325 0.8211933239410
757 0.7571112322223 0.3181934328332
758 0.8299802048661 0.2956202233677
759 0.2750000000000 1.0000000000000
760 1.0000000000000 0.2750000000000
761 0.9720383421496 0.2753762034206
762 0.3213057105616 0.7434096871276
763 0.9370850861393 0.2756447464859
764 0.7154261669730 0.3299282846763
765 0.3046261345116 0.7824120604319
766 0.7911989413551 0.3015503284638
767 0.7715395830085 0.3067039409888
768 0.8718501754863 0.2810297217980
769 0.6918241144620 0.3372440564208
770 0.6685797662777 0.3480870380339
771 0.7283958341495 0.3197286176403
772 0.3445458530871 0.6727748329825
773 0.2745779688379 0.8871373017577
774 0.3308021490676 0.6959375649341
775 0.6779673224224 0.3388003943936
776 0.9130045545158 0.2689533865015
777 0.3353137257947 0.6822181024852
778 0.2913372758533 0.7979334558270
779 0.7413655013261 0.3095289506042
780 0.3039278391492 0.7568159446230
781 0.8067203367430 0.2882614696875
782 0.2624348134834 0.9435677571896
783 0.6986286218345 0.3240486036210
784 0.3198842850686 0.7068554289445
785 0.2746897577785 0.8477847291367
786 0.8477847299205 0.2746897567233
787 0.7557938521123 0.2980394587599
788 0.3375247144218 0.6624752852241
789 0.6624752851398 0.3375247140769
790 0.2562174067417 0.9717838785948
791 0.3088194528462 0.7235382458429
792 0.8888130176108 0.2628691830596
793 0.7095464859567 0.3131307395241
794 0.3278468187753 0.6721531808808
795 0.6721531809179 0.3278468183213
796 0.2865499677368 0.7702222021185
797 0.7702222028985 0.2865499669155
798 0.2500000000000 1.0000000000000
799 1.0000000000000 0.2500000000000
800 0.7225161531332 0.3029310724881
801 0.9650467439897 0.2502685430652
802 0.2965679828360 0.7357897158660
803 0.3181689231288 0.6818310765374
804 0.6818310766959 0.3181689225657
805 0.9300934879794 0.2505370861304
806 0.2673310040993 0.8245248610227
807 0.8245248617974 0.2673310030432
808 0.3315134858914 0.6520881638188
809 0.2504017468741 0.9126390852646
810 0.2565292190216 0.8647475712382
811 0.8647475720449 0.2565292179850
812 0.6554008238647 0.3271531636901
813 0.7347676232537 0.2906796023961
814 0.2732611090785 0.7857435975136
815 0.7857435982864 0.2732611081393
816 0.3072510591298 0.6927489405478
817 0.6927489408181 0.3072510584688
818 0.3218788506336 0.6608516517324
819 0.6646862761093 0.3177818993419
820 0.9059019510744 0.2444528826885
821 0.2399491359964 0.9525225446298
822 0.2791901114235 0.7491959733615
823 0.7491959740399 0.2791901105517
824 0.2963331951308 0.7036668045583
825 0.7036668049403 0.2963331943720
826 0.3255887781385 0.6398722269274
827 0.2514298896567 0.8404259754820
828 0.8404259762943 0.2514298885832
829 0.2599722504202 0.8012649929087
830 0.8012649936743 0.2599722493630
831 0.2337317292547 0.9807386660349
832 0.9793912393036 0.2325419562860
833 0.6475414755226 0.3173948761180
834 0.9444379832933 0.2328104993512
835 0.3082615446350 0.6625643109456
836 0.3013713781416 0.6759513955669
837 0.2840817251205 0.7159182745814
838 0.7159182750608 0.2840817242799
839 0.6691978534219 0.3040624370235
840 0.2325464810122 0.9298199303606
841 0.2383686802647 0.8817104133396
842 0.8817104141694 0.2383686792466
843 0.2655237389721 0.7628623458273
844 0.7628623465834 0.2655237380398
845 0.3208910311483 0.6281342643799
846 0.2250000000000 1.0000000000000
847 1.0000000000000 0.2250000000000
848 0.2904535141426 0.6868692595773
849 0.3119714721399 0.6415848861407
850 0.6801157175441 0.2931445729266
851 0.9230827961885 0.2265976168389
852 0.2718302551103 0.7281697446045
853 0.7281697451813 0.2718302541879
854 0.2440711359776 0.8171661073680
855 0.8171661081712 0.2440711349030
856 0.6520530528353 0.3036754137997
857 0.2332693508999 0.8573888175834
858 0.8573888184188 0.2332693498448
859 0.2522348803138 0.7783837412224
860 0.7783837419714 0.2522348792636
861 0.6388806506443 0.3083040423006
862 0.2774838470646 0.6970689265222
863 0.2174634585095 0.9614773320699
864 0.3168323417121 0.6156754467882
865 0.3075932539267 0.6294864960710
866 0.2581638826588 0.7418361170703
867 0.7418361177249 0.2581638816760
868 0.9587824786073 0.2150839125720
869 0.2205134144029 0.8988912584356
870 0.8988912592835 0.2205134133970
871 0.6911802857242 0.2764613463275
872 0.2983541661412 0.6432975453539
873 0.2914639996479 0.6566846299751
874 0.2845738331545 0.6700717145963
875 0.6565646301479 0.2899559514813
876 0.2281700215350 0.8330672218273
877 0.8330672226681 0.2281700204430
878 0.2652323770544 0.7093203965453
879 0.6430264485710 0.2949854261798
880 0.2370909987258 0.7935276228263
881 0.7935276236280 0.2370909976421
882 0.2087317292547 0.9807386660349
883 0.6294882669941 0.3000149008783
884 0.2100608035253 0.9387747178007
885 0.9793912393036 0.2075419562860
886 0.3136467187432 0.6033214563886
887 0.7034317558447 0.2642098762355
888 0.9374272915024 0.2088710300597
889 0.2444975102073 0.7555024895361
890 0.7555024902684 0.2444975091642
891 0.2153186844147 0.8746630365124
892 0.8746630373640 0.2153186833739
893 0.2716041660765 0.6802713815412
894 0.3022900518095 0.6123243177430
895 0.6676291983280 0.2732727248822
896 0.2508040263456 0.7208098883133
897 0.7208098888663 0.2508040253122
898 0.2930509640241 0.6261353670258
899 0.2000000000000 1.0000000000000
900 1.0000000000000 0.2000000000000
901 0.3111256068254 0.5904176123681
902 0.2026581485411 0.9160721035316
903 0.9160721043975 0.2026581475474
904 0.2211898842832 0.8094287372856
905 0.8094287381249 0.2211898831821
906 0.6450320273720 0.2806852592869
907 0.6193783241828 0.2925854510984
908 0.2586344989985 0.6904710484860
909 0.6314938457951 0.2857147339854
910 0.2102193550498 0.8503414407563
911 0.8503414416133 0.2102193539721
912 0.2293536286193 0.7706463711400
913 0.7706463719251 0.2293536275427
914 0.2777837624740 0.6433295819650
915 0.2708935959806 0.6567166665863
916 0.1948438945161 0.9546120658491
917 0.2994366843661 0.5996954005329
918 0.9532646396334 0.1936541208771
919 0.2371376538941 0.7344762607791
920 0.7344762614098 0.2371376528004
921 0.3093778929365 0.5776658699048
922 0.1974634185528 0.8918438816084
923 0.8918438824780 0.1974634175242
924 0.6786937665081 0.2565894982830
925 0.6560965955520 0.2640020326878
926 0.2442061482897 0.7019605402541
927 0.2877477619069 0.6089731886978
928 0.2579239289026 0.6669163335311
929 0.6086409322572 0.2861157179525
930 0.2045315369860 0.8260870846002
931 0.8260870854620 0.2045315358837
932 0.1861121652614 0.9738733998141
933 0.9738734003297 0.1861121645911
934 0.2142097470313 0.7857902527439
935 0.7857902535817 0.2142097459212
936 0.6210701784266 0.2787651425225
937 0.1874412395319 0.9319094515799
938 0.9319094525285 0.1874412383647
939 0.6960718995297 0.2431836473598
940 0.6334994245960 0.2714145670926
941 0.2969731225744 0.5854131111025
942 0.3082971634104 0.5645247172705
943 0.2724805603568 0.6261674036370
944 0.2216162585129 0.7477651194537
945 0.7477651202221 0.2216162574433
946 0.1922686885646 0.8676156596853
947 0.8676156605585 0.1922686875011
948 0.2852842001152 0.5946908992673
949 0.2297777975808 0.7134500320221
950 0.7134500325513 0.2297777964366
951 0.2572133588067 0.6433616185762
952 0.2955589008669 0.5724666635537
953 0.5973566941940 0.2806687099559
954 0.3079072260945 0.5515505610837
955 1.0000000000000 0.1750000000000
956 0.1750000000000 1.0000000000000
957 0.1788912717676 0.9084969099543
958 0.9084969108518 0.1788912707628
959 0.1975513997342 0.8024486000586
960 0.8024486009188 0.1975513986227
961 0.2379333839467 0.6792790751600
962 0.6079855626805 0.2716910596594
963 0.6204148088499 0.2643404842294
964 0.2064723769249 0.7629090010576
965 0.7629090018788 0.2064723758218
966 0.1865808705008 0.8433613035292
967 0.8433613044072 0.1865808694127
968 0.1722243305228 0.9477467996283
969 0.9477468006595 0.1722243291821
970 0.6584527377277 0.2440059248478
971 0.2828206383234 0.5804086098368
972 0.3081704751838 0.5383353814150
973 0.2142564021997 0.7267388906967
974 0.7267388913635 0.2142564010795
975 0.2674606520687 0.6051189105973
976 0.2946661855104 0.5580431685541
977 0.6358555667717 0.2514184592525
978 0.6779938928502 0.2309909356407
979 0.5855960864265 0.2762829655028
980 0.1736965417793 0.8842686880311
981 0.8842686889323 0.1736965407396
982 0.2235050332379 0.6907685669280
983 0.2372228138508 0.6557243602051
984 0.5964631397651 0.2667746834345
985 0.2521934505186 0.6223131255365
986 0.3090625835227 0.5252813636998
987 0.1808930524370 0.8191069473732
988 0.8191069482559 0.1808930513243
989 0.2819279229669 0.5659851148373
990 0.7788101163756 0.1905712613618
991 0.1611121652614 0.9738733998141
992 0.9738734003297 0.1611121645911
993 0.2946028413971 0.5449485006264
994 0.6953720258718 0.2175850847175
995 0.1636743627584 0.9243342580026
996 0.9243342589828 0.1636743615801
997 0.6073301931038 0.2572664013663
998 0.1894378070251 0.7762813980487
999 0.2649970902770 0.5908366211668
1000 0.2114089199367 0.7047705186895
1001 0.1987350068185 0.7400277493713
1002 0.7400277501758 0.1987350057224
1003 0.5735173342370 0.2730036795223
1004 0.1684915652571 0.8614506087919
1005 0.8614506095816 0.1684915642802
1006 0.6227709510255 0.2443443763894
1007 0.3105823003496 0.5121235112437
1008 0.2971831169043 0.5291009894555
1009 0.2810352076104 0.5515616198378
1010 0.5823220374273 0.2622182799719
1011 0.2331318364350 0.6355787683038
1012 0.7086608846841 0.2020636893604
1013 0.6382117089473 0.2314223514125
1014 1.0000000000000 0.1500000000000
1015 0.1500000000000 1.0000000000000
1016 0.2172322688950 0.6680871018340
1017 0.3126809778192 0.4991566518121
1018 0.1551243949940 0.9009217163770
1019 0.9009217173062 0.1551243939782
1020 0.5931890907660 0.2527099979037
1021 0.7954684637128 0.1739129140633
1022 0.5611429577909 0.2708152135713
1023 0.2629608788390 0.5743984186808
1024 0.2471735422305 0.6012646324968
1025 0.1958875245555 0.7180593773641
1026 0.2983890294872 0.5159950543698
1027 0.1727794597279 0.7929397453633
1028 0.7559288646727 0.1828338912624
1029 0.1628037471933 0.8371962526359
1030 0.8371962534303 0.1628037461918
1031 0.6577528640698 0.2184073622055
1032 0.2836154831176 0.5357141086668
1033 0.1477199648383 0.9431877299265
1034 0.1817004369187 0.7534001463624
1035 0.9477471845561 0.1462393816234
1036 0.3153683290080 0.4862134187908
1037 0.2051361555938 0.6820890535954
1038 0.5700954731095 0.2594844040062
1039 0.6772940191924 0.2053923729984
1040 0.5486799142544 0.2697200773571
1041 0.6059976092916 0.2371800348691
1042 0.1499194184718 0.8781036371378
1043 0.8781036379555 0.1499194175188
1044 0.2620681634825 0.5599749236812
1045 0.2983245040664 0.5031607526186
1046 0.2861957586248 0.5198665974959
1047 0.3185857311307 0.4735057303772
1048 0.2451373307925 0.5848264300107
1049 0.5790479884281 0.2481535944411
1050 0.2131412914792 0.6479415099327
1051 0.1930400422925 0.6960910053569
1052 0.2281119281469 0.6145302752641
1053 0.6214383672133 0.2242580098922
1054 0.7718299791696 0.1669327768024
1055 0.1566386962750 0.8134191293349
1056 0.8134191302238 0.1566386951598
1057 0.1366077995769 0.9693143301124
1058 0.1391699970739 0.9197751883009
1059 0.5361075948967 0.2696763084226
1060 0.9738737842263 0.1351272170323
1061 0.5554755150138 0.2575304036326
1062 0.3007175183956 0.4902057063921
1063 0.9243346428794 0.1376894140214
1064 0.3223402021683 0.4609379637407
1065 0.7326689965496 0.1754751375822
1066 0.1646658670188 0.7667725433534
1067 0.1447144419496 0.8552855578986
1068 0.8552855586048 0.1447144410594
1069 0.2861312332039 0.5070322957447
1070 0.5918565069538 0.2326236314065
1071 0.3062026184749 0.4752509762919
1072 0.3266018767851 0.4485762071031
1073 0.5644280303324 0.2461995940675
1074 0.6383293324663 0.2079297065998
1075 0.5236266250056 0.2706399111432
1076 0.2431011193546 0.5683882275247
1077 0.1737419997464 0.7211795262397
1078 0.5429578335667 0.2569609510582
1079 0.7013021310579 0.1788038212203
1080 0.1939692071946 0.6623229711415
1081 0.2090503140634 0.6277959180315
1082 0.1318301132281 0.8961929424005
1083 0.8961929431299 0.1318301123864
1084 0.2246690171273 0.5957070687880
1085 0.3313442273397 0.4364607551334
1086 0.6578704875889 0.1949147173928
1087 0.3096885550551 0.4626132487669
1088 0.2860667077831 0.4941979939935
1089 1.0000000000000 0.1250000000000
1090 0.1250000000000 1.0000000000000
1091 0.2630796549036 0.5273380504135
1092 0.7897806456806 0.1496585578989
1093 0.5112081692452 0.2725638554233
1094 0.6046650254794 0.2170936683719
1095 0.7485701110465 0.1595740231222
1096 0.1485251035659 0.7872519273250
1097 0.1385493910313 0.8315084345975
1098 0.8315084353982 0.1385493900274
1099 0.3365876440214 0.4245242381244
1100 0.1232155991538 0.9386286602248
1101 0.2915518078625 0.4792432638932
1102 0.5283833253251 0.2574686994945
1103 0.5498080722367 0.2442455936939
1104 0.1818730938933 0.6763249229030
1105 0.6778611340760 0.1810985035569
1106 0.3118809569344 0.4501431519539
1107 0.4991289376100 0.2753426084208
1108 0.5742167888980 0.2286302044132
1109 0.9477475684526 0.1202544340647
1110 0.3422505984123 0.4129328330204
1111 0.1708945174834 0.6992111542325
1112 0.2656599304108 0.5114905392426
1113 0.1266251367059 0.8733748631612
1114 0.8733748637792 0.1266251359270
1115 0.2970369079418 0.4642885337930
1116 0.2226328056893 0.5792688663019
1117 0.1567074298465 0.7345519232308
1118 0.6215559907324 0.2007653650795
1119 0.3484231710005 0.4014982285083
1120 0.4869862132539 0.2790331285634
1121 0.3163829695200 0.4379045476502
1122 0.5159336124993 0.2589124729949
1123 0.2056074030437 0.6089727115553
1124 0.1898782297788 0.6421773792403
1125 0.3250973510194 0.4252236137328
1126 0.5352335639951 0.2447533421302
1127 0.2441126107757 0.5357513542570
1128 0.3549488417072 0.3905018565606
1129 0.4753932831491 0.2834015026954
1130 0.1158757153080 0.9150464143243
1131 0.7667306498242 0.1426111810399
1132 0.1323843401130 0.8077313112965
1133 0.8077313121917 0.1323843389953
1134 0.5870253074237 0.2131002413787
1135 0.1116077995769 0.9693143301124
1136 0.2655954049900 0.4986562374914
1137 0.9196058687031 0.1143951324296
1138 0.2992293098211 0.4518184369800
1139 0.3620010688539 0.3796543578358
1140 0.5595968308023 0.2266762040397
1141 0.3305505365557 0.4134596526763
1142 0.9738737842263 0.1101272170323
1143 0.5017933883393 0.2616034669093
1144 0.8500805821983 0.1218963616966
1145 0.4638104035387 0.2886054742827
1146 0.7253102429234 0.1522152694421
1147 0.3693332517386 0.3693332517386
1148 0.6384469559854 0.1844370617872
1149 0.1206742998277 0.8488309914466
1150 0.4527988581253 0.2943535092763
1151 0.3770068611522 0.3594237847490
1152 0.5206590557535 0.2452610905665
1153 0.4419153879392 0.3008326862484
1154 0.3851034224889 0.3498272356335
1155 0.4896824103437 0.2648381034794
1156 0.1386560557859 0.7557886668791
1157 0.4315680235702 0.3077659266855
1158 0.3014217117004 0.4393483401670
1159 0.2227044666793 0.5547111810318
1160 0.3936116568095 0.3405797792418
1161 0.3337774522867 0.4007312869398
1162 0.4214452523747 0.3153233729301
1163 0.4024886266656 0.3317469137612
1164 0.7018692459416 0.1545099517787
1165 0.4118151391147 0.3232759943799
1166 0.2021644920241 0.5901495050791
1167 0.6584376024725 0.1706208479512
1168 0.3101360931998 0.4266674062496
1169 0.1860315461857 0.6222797590437
1170 0.1707061454941 0.6565588404491
1171 0.1085358314622 0.8914641684239
1172 0.8914641689536 0.1085358307946
1173 0.3188504746992 0.4139864723322
1174 0.3401265739342 0.3895157987100
1175 0.4762216400429 0.2693917393492
1176 0.9571025406997 0.1018968490165
1177 0.1597275690842 0.6794450717786
1178 0.5065188315935 0.2479520844809
1179 0.6006256452458 0.1939806809971
1180 0.5418692353271 0.2257963108996
1181 1.0000000000000 0.1000000000000
1182 0.1000000000000 1.0000000000000
1183 0.5693855893680 0.2091068143854
1184 0.7846813163353 0.1253369621364
1185 0.2730271484162 0.4674714731333
1186 0.8263034589918 0.1157313106646
1187 0.1487489926742 0.7023313031081
1188 0.4646337351853 0.2741779122089
1189 0.7434707817011 0.1352524273597
1190 0.6784282489597 0.1568046341153
1191 0.1145092489094 0.8250538681455
1192 0.3524730667365 0.3702495741632
1193 0.2451241021969 0.5031144809893
1194 0.3220773904302 0.4012581065957
1195 0.4519874395615 0.2802928780948
1196 0.0977864100643 0.9331357195870
1197 0.4923786074334 0.2506430783954
1198 0.1225152923330 0.7762680508506
1199 0.3596652717522 0.3596652717522
1200 0.2785122484956 0.4525167430331
1201 0.8681698873727 0.1038070565642
1202 0.9376951738775 0.0963058272972
1203 0.4410399317617 0.2864064840777
1204 0.5272947270854 0.2263040593359
1205 0.6175166104988 0.1776523777047
1206 0.3675503571272 0.3499122636997
1207 0.1025849945840 0.8669202967092
1208 0.4081984211675 0.3119361055415
1209 0.3987201083130 0.3201478759570
1210 0.4292732920984 0.2938258545311
1211 0.3800611759102 0.3362795604966
1212 0.2022361530141 0.5655918198090
1213 0.9832287564734 0.0917696319841
1214 0.1825886351661 0.6034565525675
1215 0.4190382243162 0.3010711978720
1216 0.1668594619011 0.6366612202525
1217 0.3887537779986 0.3272393995604
1218 0.4789178371327 0.2551967142652
1219 0.5516579938927 0.2082269212453
1220 0.3253043061611 0.3885297408593
1221 0.5829859271901 0.1899872540039
1222 0.2807046503748 0.4400466462201
1223 0.2237159581005 0.5220743077641
1224 0.1306976186137 0.7235680467565
1225 0.4654570668319 0.2597503501351
1226 0.7616313204788 0.1182895852774
1227 0.2976766207915 0.4160045163240
1228 0.8025365822248 0.1081561170638
1229 0.1083796662820 0.8008448681219
1230 0.0904465262185 0.9095534736866
1231 0.9095534741280 0.0904465256621
1232 0.5100895180874 0.2282183399871
1233 0.8448756057919 0.0990782823338
1234 0.0861786104874 0.9638213894746
1235 0.3376507989634 0.3692635163125
1236 0.3063910022909 0.4033235824065
1237 0.2525558456231 0.4719297166312
1238 0.6346579574485 0.1604491207509
1239 0.4528107712081 0.2658653160210
1240 0.0966341577058 0.8423764249946
1241 0.9664575129468 0.0835392639683
1242 0.7072611822736 0.1298252000865
1243 0.4401644755842 0.2719802819069
1244 0.3949515899603 0.3085488381528
1245 0.3499972917657 0.3499972917657
1246 0.5339303984174 0.2073470281053
1247 0.4959492939274 0.2309093339016
1248 0.4283978359209 0.2793996523604
1249 0.4057913931090 0.2976839304833
1250 0.3849852596460 0.3156403617562
1251 0.3625081105485 0.3363645885628
1252 0.2023078140040 0.5410341345389
1253 0.1630127783081 0.6167636000559
1254 0.6546486039357 0.1466329069150
1255 0.3096179180219 0.3905952166701
1256 0.1475257562696 0.6507195235852
1257 0.4166311962576 0.2868190228139
1258 0.3750189293316 0.3227318853597
1259 0.1802050312208 0.5788976162433
1260 0.5965862650122 0.1708676936223
1261 0.8841242854552 0.0849535848190
1262 0.0846762067224 0.8843613627292
1263 0.3215606001991 0.3743571671672
1264 0.1365471798597 0.6736057549147
1265 0.1126462445531 0.7448047904048
1266 0.9470501461246 0.0779482422490
1267 0.5615950800546 0.1870428521856
1268 0.6838201852918 0.1321198824231
1269 1.0000000000000 0.0750000000000
1270 0.0750000000000 1.0000000000000
1271 0.4796488320478 0.2351854054290
1272 0.7794865863684 0.1011087402048
1273 0.8211087290249 0.0915030887330
1274 0.5167251894193 0.2092613087565
1275 0.3339070930014 0.3550909426204
1276 0.0905045750784 0.8181674249709
1277 0.2599875890493 0.4407449522731
1278 0.7254217210513 0.1128623580042
1279 0.4661880617470 0.2397390412989
1280 0.2769595594660 0.4167028223770
1281 0.8608300038744 0.0802248105886
1282 0.6137276119619 0.1536644366685
1283 0.0723572209748 0.9276427789493
1284 0.9276427793024 0.0723572205297
1285 0.0985106185020 0.7693816076760
1286 0.2939315298826 0.3926606924809
1287 0.0787253698442 0.8598174910145
1288 0.1436790726766 0.6308219033885
1289 0.4509827384679 0.2459504636557
1290 0.5438674845793 0.1861629590455
1291 0.1802766922108 0.5543399309731
1292 0.3058742120598 0.3764226429780
1293 0.1193139117333 0.6915277394709
1294 0.1606291743628 0.5922046637316
1295 0.9832287564734 0.0667696319841
1296 0.4995199804213 0.2111755894078
1297 0.5751954178767 0.1679232918040
1298 0.3391990207120 0.3391990207120
1299 0.2147567807755 0.4927190141752
1300 0.3178168942371 0.3601845934751
1301 0.4383364428441 0.2520654295416
1302 0.3517098394948 0.3255663175091
1303 0.4242928769641 0.2598492056973
1304 0.3784703987869 0.2974087987776
1305 0.7973418522579 0.0839278951322
1306 0.9022135906296 0.0668642796865
1307 0.0665869014787 0.9024506679919
1308 0.0843749924510 0.7939584249473
1309 0.8363256382443 0.0756657406373
1310 0.6308689589117 0.1364611797146
1311 0.3893102019356 0.2865438911081
1312 0.4125262373008 0.2672685761508
1313 0.3685040684726 0.3045003223811
1314 0.4832195185417 0.2154516609352
1315 0.0611786104874 0.9638213894746
1316 0.9651394512990 0.0598589371166
1317 0.6600405402677 0.1219481552228
1318 0.0725810351151 0.8355860524002
1319 0.3231088219477 0.3442926715667
1320 0.5229336806231 0.1867863102306
1321 0.1933486366791 0.5116788409499
1322 0.2207214783978 0.4684423130051
1323 0.1012625376727 0.7127644831193
1324 0.1243453670451 0.6448802067212
1325 0.4669190566622 0.2197277324627
1326 0.6892121216238 0.1074351307309
1327 0.1406131592363 0.6062819932158
1328 0.5888431650370 0.1479470945118
1329 0.1582455704175 0.5676457274074
1330 0.7495984015619 0.0873607265258
1331 0.8767844019569 0.0613713388434
1332 0.5538045707412 0.1649788899857
1333 0.1783350431673 0.5294483007899
1334 0.0608165819826 0.8772585570344
1335 0.0542679157311 0.9457320842120
1336 0.9457320844768 0.0542679153973
1337 0.4517137333831 0.2259391548195
1338 0.2926910618001 0.3669975925462
1339 0.3284007496583 0.3284007496583
1340 1.0000000000000 0.0500000000000
1341 0.0500000000000 1.0000000000000
1342 0.5057284716251 0.1887005908819
1343 0.0529498538957 0.9220517573670
1344 0.8125587614772 0.0680905470365
1345 0.2581350853100 0.4052304855220
1346 0.3046337439774 0.3507595430433
1347 0.0664514524877 0.8113770523765
1348 0.4365084101040 0.2321505771763
1349 0.2751070557267 0.3811883556259
1350 0.3451949786358 0.3073347545305
1351 0.6059845119868 0.1307438375580
1352 0.1071120989187 0.6628021912775
1353 0.0842353444111 0.7310578871472
1354 0.4224648442240 0.2399343533320
1355 0.8522800363268 0.0568122688921
1356 0.2281532218240 0.4372575486470
1357 0.5328707667850 0.1656022411708
1358 0.0546722472535 0.8530271184201
1359 0.3852052429787 0.2669934444451
1360 0.4084212783439 0.2477181294878
1361 0.0430893052437 0.9819106947373
1362 0.9819106948256 0.0430893051324
1363 0.1212794536048 0.6203402965484
1364 0.3619892076136 0.2862687594024
1365 0.4858760588891 0.1923715774284
1366 0.1382295552911 0.5817230568915
1367 0.5674523179015 0.1450026926935
1368 0.0471795343996 0.8968596464095
1369 0.3099256716880 0.3348676211349
1370 0.7674536674514 0.0701798814532
1371 0.1563039213740 0.5427540972242
1372 0.0700997183600 0.7556347044184
1373 0.7133888021344 0.0819334992526
1374 0.7899392266889 0.0612252437508
1375 0.4695755970095 0.1966476489559
1376 0.2355150653099 0.4148675710864
1377 0.8277756706966 0.0522531989408
1378 0.0603241663700 0.7871412971497
1379 0.6232747781797 0.1125016441591
1380 0.0898788307924 0.6807241758338
1381 0.0361786104874 0.9638213894746
1382 0.9638213896512 0.0361786102649
1383 0.9388213896512 0.0361786102649
1384 0.1843894593541 0.4823235473610
1385 0.5119369628288 0.1662255923559
1386 0.6524463595358 0.0979886196673
1387 0.0485279125245 0.8287956798058
1388 0.3163925431646 0.3163925431646
1389 0.0348605486520 0.9401410626296
1390 0.2914505937177 0.3413344926114
1391 0.9138213896512 0.0361786102649
1392 0.4511288460749 0.2027906383926
1393 0.1693758658423 0.5000930072010
1394 0.1013287944072 0.6352943244910
1395 0.1182135401646 0.5958003863757
1396 0.0335424868166 0.9164607357846
1397 0.5811000650619 0.1250264954013
1398 0.3331867721421 0.2953265480367
1399 0.5426932579469 0.1436495227499
1400 0.2738665876442 0.3555252556912
1401 0.1357825080119 0.5569750271447
1402 0.4359235227958 0.2090020607494
1403 0.4920845500928 0.1698965789025
1404 0.1543622723305 0.5178624670410
1405 0.1903541569764 0.4580468461909
1406 0.8051561359083 0.0453878956551
1407 0.0728516375307 0.6990175798617
1408 0.2562825815707 0.3697160187710
1409 0.4189909125396 0.2171059931824
1410 1.0000000000000 0.0250000000000
1411 0.0250000000000 1.0000000000000
1412 0.2979174651942 0.3228594146411
1413 0.8883922009784 0.0306856694217
1414 0.0304082909913 0.8886292785172
1415 0.4049473466596 0.2248897693382
1416 0.0424006264068 0.8045599245789
1417 0.6821060608119 0.0753682004601
1418 0.8633922009784 0.0306856694217
1419 0.0304082909913 0.8636292785172
1420 0.5983903312548 0.1067843020025
1421 0.0840955262808 0.6532163090473
1422 0.7375654826450 0.0564318677742
1423 0.3403434717821 0.2748807135498
1424 0.5217594539907 0.1442728739350
1425 0.4722321373569 0.1735675654490
1426 0.0180893052437 0.9819106947373
1427 0.9819106948256 0.0180893051324
1428 0.0982628809669 0.6107544143182
1429 0.5563410051072 0.1236733254577
1430 0.7600510418825 0.0474772300718
1431 0.1157664928854 0.5710523566289
1432 0.0180893052437 0.9569106947373
1433 0.9569106948256 0.0180893051324
1434 0.1963188545987 0.4337701450208
1435 0.3789145615398 0.2378862874332
1436 0.3556985261747 0.2571616023905
1437 0.3043843366708 0.3043843366708
1438 0.1338408589684 0.5320833969615
1439 0.2774716307073 0.3300161142811
1440 0.0167712434083 0.9332303678923
1441 0.4537853864222 0.1797105548858
1442 0.0558244442691 0.7173109838896
1443 0.7825366011199 0.0385225923695
1444 0.2336625615706 0.3793531043354
1445 0.0460488922791 0.7488175766208
1446 0.8388878353483 0.0261265994704
1447 0.0167712434083 0.9082303678923
1448 0.0362733402891 0.7803241693521
1449 0.2598876246338 0.3442068773609
1450 0.0242639562622 0.8393978399029
1451 0.6156805974478 0.0885421086037
1452 0.0655172789034 0.6751198672337
1453 0.4980739930912 0.1467713722875
1454 0.2036806980846 0.4113801674603
1455 0.1663506458468 0.4650164088143
1456 0.4353386354876 0.1858535443226
1457 0.8138878353483 0.0261265994704
1458 0.0242639562622 0.8143978399029
1459 0.3115410363106 0.2839385021841
1460 0.2839385021839 0.3115410363108
1461 0.1513370523350 0.4827858686543
1462 0.4184060252314 0.1939574767556
1463 0.7062827413225 0.0498665689817
1464 0.0783122217693 0.6257084422608
1465 0.5315819451526 0.1223201555140
1466 0.0954444502206 0.5855567641009
1467 0.1133194456062 0.5463043268820
1468 0.4782215803552 0.1504423588341
1469 0.4014734149752 0.2020614091886
1470 0.5670551555678 0.1011656111821
1471 0.2110425415705 0.3889901898998
1472 0.2384967279139 0.3546743339814
1473 0.1317697212116 0.5071775502195
1474 0.1723153434691 0.4407397076442
1475 0.6453402987239 0.0659216893964
1476 0.0484900856418 0.6934132712616
1477 1.0000000000000 0.0000000000000
1478 0.0000000000000 1.0000000000000
1479 0.9750000000000 0.0000000000000
1480 0.0000000000000 0.9750000000000
1481 0.9500000000000 0.0000000000000
1482 0.0000000000000 0.9500000000000
1483 0.2910952018239 0.2910952018239
1484 0.7912683005600 0.0192612961847
1485 0.9250000000000 0.0000000000000
1486 0.0000000000000 0.9250000000000
1487 0.3754406298555 0.2150579272836
1488 0.3186977359506 0.2634926676972
1489 0.2634926676970 0.3186977359508
1490 0.4561681708161 0.1560974849171
1491 0.0181366701446 0.7901620846760
1492 0.5078964842531 0.1248186538666
1493 0.0597339743918 0.6476120004472
1494 0.9000000000000 0.0000000000000
1495 0.0000000000000 0.9000000000000
1496 0.7437827413225 0.0282159338871
1497 0.3340527903432 0.2457735565379
1498 0.5843454217607 0.0829234177833
1499 0.0754937910230 0.6005107920435
1500 0.0929974029414 0.5608087343541
1501 0.8750000000000 0.0000000000000
1502 0.0000000000000 0.8750000000000
1503 0.1782985536495 0.4164715279504
1504 0.0279122221345 0.7336554919448
1505 0.7662683005600 0.0192612961847
1506 0.4377214198815 0.1622404743538
1507 0.1112483078494 0.5213984801400
1508 0.2158767079138 0.3643114195458
1509 0.3494078447358 0.2280544453786
1510 0.0181366701446 0.7651620846760
1511 0.5422960956131 0.0998124412384
1512 0.6750000000000 0.0433012701892
1513 0.8500000000000 0.0000000000000
1514 0.0000000000000 0.8500000000000
1515 0.7187827413225 0.0282159338871
1516 0.2982519014636 0.2706493673371
1517 0.2706493673369 0.2982519014638
1518 0.2421017709770 0.3291651925713
1519 0.6193194807455 0.0606539267291
1520 0.4175256690460 0.1703763036353
1521 0.4842110233536 0.1273171522191
1522 0.0587214350936 0.6231704283803
1523 0.0411557270144 0.6695155586336
1524 0.0279122221345 0.7086554919448
1525 0.1856603971354 0.3940815503899
1526 0.1483118323394 0.4477092702676
1527 0.8250000000000 0.0000000000000
1528 0.0000000000000 0.8250000000000
1529 0.4005930587898 0.1784802360683
1530 0.1287445012160 0.4721009518327
1531 0.5174679647890 0.1020382313867
1532 0.3793976738608 0.1910785433315
1533 0.8000000000000 0.0000000000000
1534 0.0000000000000 0.8000000000000
1535 0.0726753602767 0.5753131418262
1536 0.4621576138145 0.1329722783021
1537 0.0905807589869 0.5359340354505
1538 0.2778060669769 0.2778060669769
1539 0.2207108742571 0.3396326491918
1540 0.3061296698115 0.2481435258363
1541 0.2481435258361 0.3061296698117
1542 0.1091771700926 0.4964926333979
1543 0.5948959101080 0.0602637270415
1544 0.0401431877162 0.6450739865668
1545 0.1542950425199 0.4234410905738
1546 0.6489791820216 0.0380335075218
1547 0.1918598194087 0.3699473265808
1548 0.0000000000000 0.7750000000000
1549 0.7750000000000 0.0000000000000
1550 0.5530102460736 0.0773047269628
1551 0.3533648887411 0.2040750614265
1552 0.3214847242041 0.2304244146770
1553 0.0559030043473 0.5979727781630
1554 0.6875000000000 0.0216506350946
1555 0.4401042042753 0.1386274043851
1556 0.4937825038895 0.1045367297392
1557 0.0205778635072 0.6847577793168
1558 0.7500000000000 0.0000000000000
1559 0.0000000000000 0.7500000000000
1560 0.4199084534399 0.1467632336666
1561 0.2856838353246 0.2553002254763
1562 0.2553002254761 0.2856838353247
1563 0.2267526291162 0.3165971264322
1564 0.1602782527003 0.3991729108800
1565 0.0702587163221 0.5504384429226
1566 0.0391306484180 0.6206324144999
1567 0.5281821152495 0.0795305171111
1568 0.0885096212301 0.5110281887085
1569 0.6625000000000 0.0216506350946
1570 0.1211822787773 0.4531916045360
1571 0.1966939857520 0.3452685562268
1572 0.3997127026044 0.1548990629480
1573 0.0205778635072 0.6597577793168
1574 0.7250000000000 0.0000000000000
1575 0.0000000000000 0.7250000000000
1576 0.4678064725128 0.1091726201904
1577 0.6229583640432 0.0327657448545
1578 0.3785173176754 0.1674973702112
1579 0.1016149476539 0.4775832861011
1580 0.3275097420135 0.2064612410966
1581 0.5635607344209 0.0546450362211
1582 0.3573219327464 0.1800956774744
1583 0.1664776749736 0.3750386870709
1584 0.1283050947011 0.4292282279785
1585 0.2631779938239 0.2631779938239
1586 0.2935616036724 0.2327943839754
1587 0.2327943839752 0.2935616036726
1588 0.5033539844254 0.0817563072594
1589 0.0000000000000 0.7000000000000
1590 0.7000000000000 0.0000000000000
1591 0.4457530629737 0.1148277462734
1592 0.0678420723675 0.5255637440190
1593 0.0195653242090 0.6353162072500
1594 0.2027894555358 0.3226221442416
1595 0.5985347934056 0.0323755451669
1596 0.0363376801383 0.5876565709131
1597 0.6364791820216 0.0163828724272
1598 0.5386629990804 0.0568534663852
1599 0.1342883048816 0.4049600482847
1600 0.4219161936622 0.1226129956413
1601 0.0000000000000 0.6750000000000
1602 0.6750000000000 0.0000000000000
1603 0.1726770972470 0.3509044632618
1604 0.4773779530487 0.0863921977105
1605 0.2710557621716 0.2406721523232
1606 0.2406721523230 0.2710557621717
1607 0.0195653242090 0.6103162072500
1608 0.4017204428267 0.1307488249228
1609 0.0940527252151 0.4586739388044
1610 0.3314667860188 0.1824818571445
1611 0.2995866214818 0.2088312103950
1612 0.2088312103948 0.2995866214820
1613 0.0762392201409 0.4857463166990
1614 0.5741112227681 0.0319853454794
1615 0.6114791820216 0.0163828724272
1616 0.0363376801383 0.5626565709131
1617 0.1413894241978 0.3809971422005
1618 0.5138348682563 0.0590792565335
1619 0.0000000000000 0.6500000000000
1620 0.6500000000000 0.0000000000000
1621 0.3791403711711 0.1410301973213
1622 0.1787725670307 0.3282580512766
1623 0.4514019216720 0.0910280881616
1624 0.1011755411390 0.4347105622469
1625 0.3579449862422 0.1536285045845
1626 0.2485499206709 0.2485499206709
1627 0.2783614455323 0.2173592138992
1628 0.2173592138990 0.2783614455325
1629 0.5492134874276 0.0341937756435
1630 0.5870556113840 0.0159926727397
1631 0.4275650523606 0.0988133375296
1632 0.1475888464711 0.3568629183913
1633 0.6250000000000 0.0000000000000
1634 0.0000000000000 0.6250000000000
1635 0.0555716712784 0.5002818720095
1636 0.4889413305413 0.0613345101570
1637 0.1082983570628 0.4107471856894
1638 0.3056116392912 0.1848680368147
1639 0.1848680368145 0.3056116392913
1640 0.0339210361838 0.5377818720095
1641 0.3361178236563 0.1580481195567
1642 0.0686769977022 0.4668369694022
1643 0.4037281830491 0.1065985868975
1644 0.2558556040315 0.2252369822470
1645 0.2252369822469 0.2558556040316
1646 0.5243157520871 0.0364022058076
1647 0.1153994763791 0.3867842796051
1648 0.0000000000000 0.6000000000000
1649 0.6000000000000 0.0000000000000
1650 0.5620556113840 0.0159926727397
1651 0.1543388294429 0.3329090889140
1652 0.4629652991645 0.0659704006082
1653 0.2843864633417 0.1933960403188
1654 0.1933960403186 0.2843864633419
1655 0.3811481113935 0.1168799592961
1656 0.0768623508824 0.4405226591519
1657 0.0339210361838 0.5127818720095
1658 0.3585680397379 0.1271613316947
1659 0.4994222143721 0.0386574594311
1660 0.1225005956953 0.3628213735209
1661 0.2325426656076 0.2325426656076
1662 0.5371578760435 0.0182011029038
1663 0.0839851668062 0.4165592825944
1664 0.2631612873923 0.2019240438230
1665 0.2019240438228 0.2631612873924
1666 0.3102626769287 0.1604342992269
1667 0.1604342992266 0.3102626769288
1668 0.0000000000000 0.5750000000000
1669 0.5750000000000 0.0000000000000
1670 0.4300703123540 0.0739510354788
1671 0.0433012701892 0.4750000000000
1672 0.3367408771521 0.1315809466669
1673 0.0911142035738 0.3925991380695
1674 0.3864495285289 0.0951774004169
1675 0.1292505786671 0.3388675440436
1676 0.4062334430425 0.0817362848468
1677 0.4745286766571 0.0409127130547
1678 0.2869272652512 0.1690423330011
1679 0.1690423330009 0.2869272652513
1680 0.5121578760435 0.0182011029038
1681 0.0000000000000 0.5500000000000
1682 0.5500000000000 0.0000000000000
1683 0.2398483489682 0.2092297271838
1684 0.2092297271836 0.2398483489684
1685 0.0514866233694 0.4486856897497
1686 0.3638694568733 0.1054587728155
1687 0.0982153228900 0.3686362319853
1688 0.2657020893017 0.1775703365052
1689 0.1775703365050 0.2657020893019
1690 0.3149137145662 0.1360005616390
1691 0.1360005616388 0.3149137145663
1692 0.4416336898465 0.0488933479253
1693 0.0596719765496 0.4223713794994
1694 0.0216506350946 0.4875000000000
1695 0.4872643383285 0.0204563565273
1696 0.0000000000000 0.5250000000000
1697 0.5250000000000 0.0000000000000
1698 0.2165354105444 0.2165354105444
1699 0.3425985801420 0.1077465139556
1700 0.1054161459558 0.3447252470335
1701 0.0668010133172 0.3984112349746
1702 0.2915783028887 0.1446085954132
1703 0.1446085954130 0.2915783028888
1704 0.2450305150945 0.1849169387572
1705 0.1849169387571 0.2450305150946
1706 0.3691708740087 0.0837562139364
1707 0.3889547885223 0.0703150983662
1708 0.4087387030359 0.0568739827960
1709 0.0216506350946 0.4625000000000
1710 0.4622643383285 0.0204563565273
1711 0.0739300500848 0.3744510904497
1712 0.3207714175562 0.1121661289278
1713 0.1121661289276 0.3207714175562
1714 0.0000000000000 0.5000000000000
1715 0.5000000000000 0.0000000000000
1716 0.2682428912112 0.1532166291874
1717 0.1532166291873 0.2682428912113
1718 0.2217175766704 0.1922226221180
1719 0.1922226221178 0.2217175766706
1720 0.0298359882748 0.4361856897497
1721 0.3478999972774 0.0860439550765
1722 0.0811308731506 0.3505401054979
1723 0.2977067365544 0.1205573956540
1724 0.1205573956538 0.2977067365544
1725 0.4293693515180 0.0284369913980
1726 0.2475713170039 0.1605632314395
1727 0.1605632314393 0.2475713170041
1728 0.0000000000000 0.4750000000000
1729 0.4750000000000 0.0000000000000
1730 0.1991315048836 0.1991315048836
1731 0.3266291205461 0.0883316962166
1732 0.0883316962163 0.3266291205462
1733 0.2743713248769 0.1291654294282
1734 0.1291654294280 0.2743713248770
1735 0.0298359882748 0.4111856897497
1736 0.2268997427967 0.1679098336915
1737 0.1679098336913 0.2268997427968
1738 0.3586805988415 0.0617858430067
1739 0.3784645133551 0.0483447274366
1740 0.4043693515180 0.0284369913980
1741 0.3035644395443 0.0967229629428
1742 0.0967229629426 0.3035644395444
1743 0.0000000000000 0.4500000000000
1744 0.4500000000000 0.0000000000000
1745 0.0369650250424 0.3872255452248
1746 0.0565833067133 0.3551231215565
1747 0.2506568152804 0.1364893589508
1748 0.1364893589506 0.2506568152805
1749 0.2043136710097 0.1748187164572
1750 0.1748187164570 0.2043136710098
1751 0.3374097221102 0.0640735841468
1752 0.2804997585425 0.1051142296690
1753 0.1051142296688 0.2804997585426
1754 0.0637841297790 0.3312121366048
1755 0.2299852410731 0.1438359612028
1756 0.1438359612027 0.2299852410732
1757 0.0000000000000 0.4250000000000
1758 0.4250000000000 0.0000000000000
1759 0.1817275992228 0.1817275992228
1760 0.2567852489461 0.1124381591916
1761 0.1124381591914 0.2567852489461
1762 0.3090918007722 0.0695263857909
1763 0.0694781433961 0.3080588698546
1764 0.2069675231978 0.1531204952710
1765 0.1531204952709 0.2069675231979
1766 0.3481903236744 0.0398154720771
1767 0.3740951618372 0.0199077360386
1768 0.2860271197704 0.0779176525171
1769 0.0000000000000 0.4000000000000
1770 0.4000000000000 0.0000000000000
1771 0.0196182816709 0.3678975763317
1772 0.0778694101223 0.2849941888528
1773 0.2330707393496 0.1197620887142
1774 0.1197620887140 0.2330707393497
1775 0.0392365633417 0.3357951526633
1776 0.1843814514107 0.1600293780367
1777 0.1600293780366 0.1843814514109
1778 0.3198724023363 0.0452682737212
1779 0.2622537208844 0.0880896419488
1780 0.0880896419486 0.2622537208845
1781 0.2100530214742 0.1290466227824
1782 0.1290466227822 0.2100530214743
1783 0.3490951618372 0.0199077360386
1784 0.0449305769588 0.3126418859132
1785 0.0000000000000 0.3750000000000
1786 0.3750000000000 0.0000000000000
1787 0.0196182816709 0.3428975763317
1788 0.2385392112880 0.0954135714714
1789 0.0954135714712 0.2385392112880
1790 0.1635548393005 0.1635548393005
1791 0.2915544809982 0.0507210753652
1792 0.1870353035989 0.1383311568506
1793 0.1383311568505 0.1870353035990
1794 0.0506245905759 0.2894886191631
1795 0.3240951618372 0.0199077360386
1796 0.2677810821123 0.0608930647969
1797 0.0608448224021 0.2667481511947
1798 0.2146805584084 0.1028434639395
1799 0.1028434639394 0.2146805584085
1800 0.0000000000000 0.3500000000000
1801 0.3500000000000 0.0000000000000
1802 0.0196182816709 0.3178975763317
1803 0.1662086914885 0.1418566181144
1804 0.1418566181143 0.1662086914886
1805 0.2440076832263 0.0710650542286
1806 0.0710650542284 0.2440076832264
1807 0.1916628405330 0.1121279980077
1808 0.1121279980076 0.1916628405331
1809 0.2957772404991 0.0253605376826
1810 0.0253122952879 0.2947443095815
1811 0.3250000000000 0.0000000000000
1812 0.0000000000000 0.3250000000000
1813 0.2201490303468 0.0784949466967
1814 0.0784949466966 0.2201490303468
1815 0.1730084550282 0.1187469366349
1816 0.1187469366348 0.1730084550283
1817 0.1453820793782 0.1453820793782
1818 0.1962903774672 0.0859248391648
1819 0.0859248391647 0.1962903774672
1820 0.2707772404991 0.0253605376826
1821 0.0253122952879 0.2697443095815
1822 0.1521818429178 0.1222723978988
1823 0.1222723978987 0.1521818429179
1824 0.0000000000000 0.3000000000000
1825 0.3000000000000 0.0000000000000
1826 0.2274129507988 0.0548801158142
1827 0.0541085152251 0.2256409894614
1828 0.2470038416132 0.0355325271143
1829 0.0355325271142 0.2470038416132
1830 0.1776359919623 0.0925437777921
1831 0.0925437777919 0.1776359919624
1832 0.2035542979193 0.0623100082823
1833 0.0615384076932 0.2017823365818
1834 0.1589816064575 0.0991627164193
1835 0.0991627164192 0.1589816064576
1836 0.1272093194559 0.1272093194559
1837 0.0000000000000 0.2750000000000
1838 0.2750000000000 0.0000000000000
1839 0.1849563934388 0.0662307796530
1840 0.0688300253492 0.1797233483916
1841 0.2108182183713 0.0386951773998
1842 0.1340090829955 0.1040996379765
1843 0.1040996379764 0.1340090829956
1844 0.2304091091857 0.0193475886999
1845 0.1663020079339 0.0728497182802
1846 0.0371519762217 0.2072742956964
1847 0.0185759881109 0.2286371478482
1848 0.0754489639764 0.1610689628868
1849 0.2500000000000 0.0000000000000
1850 0.0000000000000 0.2500000000000
1851 0.1922203138908 0.0426159487704
1852 0.0444435938777 0.1852153075062
1853 0.0854074259340 0.1384580404513
1854 0.1423129303118 0.0773001521410
1855 0.1090365595337 0.1090365595337
1856 0.1736224094103 0.0465367201411
1857 0.2054091091857 0.0193475886999
1858 0.0185759881109 0.2036371478482
1859 0.0517352115337 0.1631563193160
1860 0.2250000000000 0.0000000000000
1861 0.0000000000000 0.2250000000000
1862 0.0903443474913 0.1134855169893
1863 0.1868112047052 0.0232683600705
1864 0.0616936734913 0.1405453968805
1865 0.1173404068498 0.0822370736982
1866 0.1496333317882 0.0509871540019
1867 0.0185759881109 0.1786371478482
1868 0.0716521354489 0.1179344744450
1869 0.0000000000000 0.2000000000000
1870 0.2000000000000 0.0000000000000
1871 0.0908637996114 0.0908637996114
1872 0.1618112047052 0.0232683600705
1873 0.1256442541660 0.0554375878627
1874 0.0258676057668 0.1565781596580
1875 0.0721715875690 0.0953127570671
1876 0.1750000000000 0.0000000000000
1877 0.0000000000000 0.1750000000000
1878 0.0991676469275 0.0640643137759
1879 0.1378221270830 0.0277187939313
1880 0.0258676057668 0.1315781596580
1881 0.0726910396891 0.0726910396891
1882 0.1500000000000 0.0000000000000
1883 0.0000000000000 0.1500000000000
1884 0.0358260677244 0.1089672372225
1885 0.1128221270830 0.0277187939313
1886 0.0863455198445 0.0363455198446
1887 0.0363455198446 0.0863455198445
1888 0.1250000000000 0.0000000000000
1889 0.0000000000000 0.1250000000000
1890 0.0687250897862 0.0499750897863
1891 0.0545182797668 0.0545182797668
1892 0.0363455198446 0.0613455198445
1893 0.1000000000000 0.0000000000000
1894 0.0000000000000 0.1000000000000
1895 0.0823795699417 0.0136295699417
1896 0.0647591398834 0.0272591398834
1897 0.0505523298640 0.0318023298640
1898 0.0750000000000 0.0000000000000
1899 0.0000000000000 0.0750000000000
1900 0.0363455198446 0.0363455198446
1901 0.0573795699417 0.0136295699417
1902 0.0431727599223 0.0181727599223
1903 0.0181727599223 0.0431727599223
1904 0.0500000000000 0.0000000000000
1905 0.0000000000000 0.0500000000000
1906 0.0181727599223 0.0181727599223
1907 0.0250000000000 0.0000000000000
1908 0.0000000000000 0.0250000000000
1909 0.0000000000000 0.0000000000000

