1 0.0000000000000 0.0000000000000
2 0.0000000000000 0.0303030303030
3 0.0303030303030 0.0000000000000
4 0.0215974271020 0.0215974271020
5 0.0500470399245 0.0205117814974
6 0.0000000000000 0.0606060606061
7 0.0606060606061 0.0000000000000
8 0.0431948542041 0.0431948542041
9 0.0302342484799 0.0757301723946
10 0.0757277938480 0.0310282776281
11 0.0000000000000 0.0909090909091
12 0.0909090909091 0.0000000000000
13 0.0647922813061 0.0647922813061
14 0.0499716412460 0.0906264240152
15 0.0234467141234 0.1042523233268
16 0.1131768783435 0.0296333569159
17 0.1212121212121 0.0000000000000
18 0.0000000000000 0.1212121212121
19 0.0863897084082 0.0863897084082
20 0.1073683516426 0.0590656694728
21 0.0225040695612 0.1331745391604
22 0.0513552757148 0.1249954439129
23 0.0802399781508 0.1169354401432
24 0.1415702719728 0.0199475313057
25 0.1357617454506 0.0493798451428
26 0.1515151515152 0.0000000000000
27 0.0000000000000 0.1515151515152
28 0.1299532056461 0.0788121563586
29 0.1079871355102 0.1079871355102
30 0.0415214968743 0.1519151943900
31 0.0727380510516 0.1459700881586
32 0.1641551431572 0.0396940163537
33 0.1016827070796 0.1380906274231
34 0.1583466062103 0.0691263480514
35 0.1525380132772 0.0985586487820
36 0.1818181818182 0.0000000000000
37 0.0000000000000 0.1818181818182
38 0.1295845626122 0.1295845626122
39 0.0366930173093 0.1814592075213
40 0.0658385676088 0.1743767360717
41 0.0940391118221 0.1670922051008
42 0.1925485361629 0.0300079316898
43 0.1867400449385 0.0594405910952
44 0.1595044675479 0.1225015621846
45 0.1229573169102 0.1592308032220
46 0.1809314313254 0.0888728917282
47 0.0574150780747 0.2031437804184
48 0.2121212121212 0.0000000000000
49 0.0000000000000 0.2121212121212
50 0.0283328476180 0.2104819256717
51 0.1511819897143 0.1511819897143
52 0.0864769066832 0.1961151117383
53 0.1153851493698 0.1881257712756
54 0.2151333316866 0.0497544854616
55 0.1885406240517 0.1149625094425
56 0.2067476979114 0.0802571034399
57 0.2209419627838 0.0203222360811
58 0.1805542023325 0.1438754800813
59 0.1438754800812 0.1805542023326
60 0.0458955954611 0.2324852361025
61 0.0782844959193 0.2245554469652
62 0.1073182694031 0.2170117089168
63 0.2424242424242 0.0000000000000
64 0.0000000000000 0.2424242424242
65 0.1727794168163 0.1727794168163
66 0.2435266278381 0.0400688915753
67 0.2377183303221 0.0695005694255
68 0.1363458580407 0.2095761940644
69 0.2314224251439 0.0990115734867
70 0.2171755113507 0.1318919948528
71 0.1652285474290 0.2015287431727
72 0.2053848135735 0.1640580132278
73 0.0702029361755 0.2534399219682
74 0.0411382149790 0.2608660991670
75 0.0993398817699 0.2459222135230
76 0.1269637590540 0.2334760143554
77 0.2727272727273 0.0000000000000
78 0.0000000000000 0.2727272727273
79 0.2661103136824 0.0598126768795
80 0.2719200738189 0.0303914874922
81 0.2597427179943 0.0891273013550
82 0.1942790318169 0.1942790318169
83 0.1571413224039 0.2304029363367
84 0.2541524850482 0.1185840592627
85 0.2429985179544 0.1508603336156
86 0.0621021691150 0.2823251102926
87 0.0330359009676 0.2897511582900
88 0.1865038783102 0.2303295480731
89 0.1071477136352 0.2766303618456
90 0.1346734636527 0.2644670189363
91 0.2339791488925 0.1852958945543
92 0.2944703206887 0.0501613146011
93 0.2887460569803 0.0794356714668
94 0.2824182902790 0.1087428490757
95 0.3030303030303 0.0000000000000
96 0.0000000000000 0.3030303030303
97 0.2148195202074 0.2148195202074
98 0.2769663830360 0.1379575262187
99 0.1695310659152 0.2639979617242
100 0.0367085446620 0.3132135986560
101 0.0663913679331 0.3088626916664
102 0.2706423708980 0.1672225028369
103 0.0960741848943 0.3045117914382
104 0.2113790192146 0.2395915199377
105 0.2403423042991 0.2113623808983
106 0.3165629460803 0.0702030477649
107 0.1257569517630 0.3001608713153
108 0.3239309602355 0.0353702503077
109 0.3109221829212 0.0996141433881
110 0.1961680567708 0.2637458681031
111 0.3043383437082 0.1288110306281
112 0.2343963920952 0.2343963920952
113 0.2674997899108 0.1960848651887
114 0.3333333333333 0.0000000000000
115 0.0000000000000 0.3333333333333
116 0.1554386931553 0.2958078601370
117 0.2990091512528 0.1582195190952
118 0.0553179514615 0.3367442166701
119 0.0256351347966 0.3410951265824
120 0.0850007685538 0.3323933135044
121 0.1851039979024 0.2914213639683
122 0.2620753701997 0.2253330240583
123 0.2253330240581 0.2620753701999
124 0.2918071983324 0.1870961500981
125 0.1146835816406 0.3280424021710
126 0.3449439301103 0.0605217547634
127 0.3390927725595 0.0899321550328
128 0.3512449281699 0.0313353847169
129 0.3326653598267 0.1190184298827
130 0.1443677360640 0.3236901579025
131 0.2530120021628 0.2530120021628
132 0.2144986473543 0.2864917540822
133 0.3268868173334 0.1484280085636
134 0.2895303003161 0.2160732552625
135 0.3636363636364 0.0000000000000
136 0.0000000000000 0.3636363636364
137 0.3198576746609 0.1771269475315
138 0.1771217161421 0.3207736332844
139 0.0442445406362 0.3646257457100
140 0.0739273592383 0.3602748413502
141 0.1036101752138 0.3559239305662
142 0.2801870116333 0.2434998748581
143 0.2434998748579 0.2801870116334
144 0.3136729496563 0.2062467586347
145 0.2062467586345 0.3136729496565
146 0.1332946223021 0.3515722115413
147 0.3676506995092 0.0807859811319
148 0.3734901125672 0.0514112026178
149 0.3612478189565 0.1100812163985
150 0.3768391812270 0.0248972853433
151 0.0258962197101 0.3792267729508
152 0.3555935743287 0.1398119204518
153 0.2706748843285 0.2706748843285
154 0.3076780334188 0.2352823559245
155 0.2352823559243 0.3076780334189
156 0.3486071215440 0.1689581783424
157 0.1687677509522 0.3495813270075
158 0.0917081914174 0.3801685837108
159 0.3939393939394 0.0000000000000
160 0.0000000000000 0.3939393939394
161 0.2964056545238 0.2616682872191
162 0.2616682872189 0.2964056545240
163 0.3423938300364 0.1978883937910
164 0.1978883937908 0.3423938300365
165 0.0601907973826 0.3946783432198
166 0.3960525514160 0.0711641882807
167 0.3906861670443 0.1013275636587
168 0.4018851078218 0.0417398393819
169 0.3349762597867 0.2268665042239
170 0.2268665042236 0.3349762597868
171 0.3839096082964 0.1305488663678
172 0.2873990574144 0.2873990574144
173 0.1199179637284 0.3903768521954
174 0.3770651253502 0.1595446419881
175 0.0249325228801 0.4089949892233
176 0.3234769105031 0.2530157812451
177 0.2530157812449 0.3234769105032
178 0.1604277168337 0.3783983936158
179 0.3709020138231 0.1888787297297
180 0.1895537620662 0.3712113924253
181 0.3117145130337 0.2788878659253
182 0.2788878659250 0.3117145130339
183 0.0969724577768 0.4097030974023
184 0.4242424242424 0.0000000000000
185 0.0000000000000 0.4242424242424
186 0.1481277359978 0.4005851207949
187 0.3646151409297 0.2228306700775
188 0.2228306700772 0.3646151409299
189 0.0498181352612 0.4254033724275
190 0.3032033215445 0.3032033215445
191 0.4193860048918 0.0925942436914
192 0.4125966391919 0.1218150596197
193 0.4261751035753 0.0633725499974
194 0.3530092899079 0.2503997733405
195 0.2503997733403 0.3530092899081
196 0.4057732130674 0.1510155044423
197 0.4329642408410 0.0341508531286
198 0.0740269521405 0.4290293429836
199 0.3988183710498 0.1801849284068
200 0.1251822299010 0.4199113658842
201 0.0228715852561 0.4381474763889
202 0.1770002846069 0.4020887945257
203 0.2992853389154 0.3250276492656
204 0.3250276492654 0.2992853389157
205 0.3488698690297 0.2820542646309
206 0.3181105623116 0.3181105623116
207 0.1022367246474 0.4392376108232
208 0.3943691500763 0.2190397741745
209 0.2190397741742 0.3943691500764
210 0.0510814232982 0.4483556020312
211 0.2856735742507 0.3524035807976
212 0.4545454545455 0.0000000000000
213 0.0000000000000 0.4545454545455
214 0.2466956207688 0.3827576858631
215 0.4480872534739 0.0838629606840
216 0.1533920192161 0.4301196582861
217 0.4344841464994 0.1423270879041
218 0.4548764021732 0.0546412688993
219 0.4440705727290 0.1151198893548
220 0.3833201083202 0.2545363638201
221 0.3105513705454 0.3397062686403
222 0.3397062686400 0.3105513705456
223 0.4275681360048 0.1716258808249
224 0.4616655498295 0.0254195736858
225 0.0792911879225 0.4585639693086
226 0.4206064040261 0.2008061114267
227 0.1304464937810 0.4494458792641
228 0.0281359631583 0.4676819836100
229 0.3321470768740 0.3321470768740
230 0.2792624436065 0.3783559693276
231 0.2152640930392 0.4241302610935
232 0.1816017800139 0.4403279580674
233 0.4125184498590 0.2429253536192
234 0.2429253536189 0.4125184498591
235 0.1075009996963 0.4687721199158
236 0.0563457684412 0.4778903160820
237 0.3290067673893 0.3513453893836
238 0.4767885579104 0.0751316906532
239 0.4551466269703 0.1627286286422
240 0.2705852392321 0.4009033637695
241 0.3638828416387 0.3189040530840
242 0.4848484848485 0.0000000000000
243 0.0000000000000 0.4848484848485
244 0.4835777062813 0.0459099957576
245 0.1586562522545 0.4596541771632
246 0.3908213709284 0.2908535701708
247 0.3453419332613 0.3453419332613
248 0.4363351733859 0.2218161726507
249 0.4698376820743 0.1401423232244
250 0.3183210093870 0.3751358103695
251 0.4800317102429 0.1099776610052
252 0.0845555863384 0.4880984564117
253 0.3386724468786 0.3643958577728
254 0.1357107209805 0.4789803876993
255 0.0334002060982 0.4972165148872
256 0.4203938848139 0.2712769590733
257 0.2114893624640 0.4538918156169
258 0.4627106992717 0.1916128309630
259 0.2391509613887 0.4422799827085
260 0.3698308151702 0.3423922814212
261 0.3577263713902 0.3577263713902
262 0.3952832715829 0.3160262931551
263 0.3834714146260 0.3305265025742
264 0.2668124744029 0.4306679451472
265 0.3038994446605 0.4059260852580
266 0.4811324710013 0.1679350202945
267 0.5054898623834 0.0664004182032
268 0.1127654055981 0.4983065597543
269 0.0616101683168 0.5074248057957
270 0.3425121963308 0.3800375891683
271 0.4089423605283 0.3074360676068
272 0.5107065084551 0.0330711683438
273 0.4215965353625 0.2946460032929
274 0.5066809305673 0.0927859761471
275 0.5151515151515 0.0000000000000
276 0.0000000000000 0.5151515151515
277 0.3341135077057 0.3941052056682
278 0.4504011241827 0.2550208422331
279 0.4995545438271 0.1442573198121
280 0.3894881549586 0.3449606836379
281 0.3790741751468 0.3568941445793
282 0.4005691444819 0.3335906174024
283 0.4353984088514 0.2880091775216
284 0.3693332517386 0.3693332517386
285 0.1851968065486 0.4895078270488
286 0.4123098789556 0.3228483588207
287 0.3603647213458 0.3820852262359
288 0.0898213820051 0.5176342654034
289 0.3278479049375 0.4110083119664
290 0.4247007458121 0.3128061125944
291 0.2353763113685 0.4720415635950
292 0.1409743612837 0.5085148170159
293 0.4507903836535 0.2766666356817
294 0.3520453328865 0.3952699486173
295 0.2147405943499 0.4842647961027
296 0.3194401678767 0.4233752171497
297 0.5179750319949 0.1205787834844
298 0.4377282688580 0.3035450407008
299 0.3050643530206 0.4368213266967
300 0.0355905272501 0.5323405878423
301 0.3443862596524 0.4088489347723
302 0.2830323342435 0.4550705760294
303 0.5341911668586 0.0576691456020
304 0.4966589916906 0.2085232128852
305 0.4655637740775 0.2720242774210
306 0.4513730806403 0.2951563768255
307 0.4844876687714 0.2374420888451
308 0.5089782197778 0.1811779095773
309 0.1180319052573 0.5278398914074
310 0.3374001447922 0.4227861169839
311 0.5334668890370 0.0916184242054
312 0.5409803152076 0.0284474504998
313 0.0644059907088 0.5406852644950
314 0.5454545454545 0.0000000000000
315 0.0000000000000 0.5454545454545
316 0.1749709939235 0.5177110646544
317 0.4656072418778 0.2877423196653
318 0.3311014584520 0.4370471633144
319 0.3076909679184 0.4539442549401
320 0.5292711011018 0.1483699455792
321 0.4827185347173 0.2629944083408
322 0.2045081722501 0.5124656363960
323 0.3255068219627 0.4515988106929
324 0.4803907734163 0.2814164140106
325 0.2370463051408 0.5038376667192
326 0.0932803265368 0.5491016877235
327 0.1462286089305 0.5380479792311
328 0.3053773605738 0.4684866596189
329 0.5561033229845 0.0781595680943
330 0.0404592554442 0.5601672405716
331 0.5476905219418 0.1246945489127
332 0.4995998126566 0.2581223686813
333 0.2729663250003 0.4948391975012
334 0.5264782441992 0.2055352111298
335 0.5146858915084 0.2352774272462
336 0.3206353125888 0.4664081911201
337 0.4956673285258 0.2763029583925
338 0.5411966840695 0.1784219970100
339 0.2990194312892 0.4855681481933
340 0.1233319331700 0.5573554611830
341 0.0715796421299 0.5698125193673
342 0.5661373865287 0.1010405289942
343 0.5729851257844 0.0494165154442
344 0.1847075678958 0.5448531104445
345 0.5757575757576 0.0000000000000
346 0.0000000000000 0.5757575757576
347 0.3165087568292 0.4814421278117
348 0.5175332861443 0.2578771889178
349 0.5589858924562 0.1524724626305
350 0.5113591013521 0.2725347731671
351 0.2249365115143 0.5351418578145
352 0.0211980996129 0.5821316286195
353 0.2978738272880 0.5014228618877
354 0.1003581368661 0.5782523798602
355 0.3131520144998 0.4966663752513
356 0.1513319778184 0.5675605569938
357 0.2697499163619 0.5242729489059
358 0.5439167412254 0.2293208037461
359 0.5773882025032 0.1288473377161
360 0.5346831859167 0.2532007508012
361 0.5559377399549 0.2041232251300
362 0.5273384392878 0.2702506246931
363 0.0499812729633 0.5905788976513
364 0.5887436327537 0.0838413201933
365 0.2936381165886 0.5179958150638
366 0.5707923470411 0.1798179156215
367 0.3105932490620 0.5120447734290
368 0.1291757761818 0.5865786707889
369 0.5917139570195 0.1082948452919
370 0.2136147866615 0.5635943567677
371 0.0786371567314 0.5989316454760
372 0.6060606060606 0.0000000000000
373 0.0000000000000 0.6060606060606
374 0.6058187231657 0.0260318325795
375 0.5434305253037 0.2695753517558
376 0.1817269740773 0.5789165003693
377 0.5525178215322 0.2534357748750
378 0.2944165631642 0.5327702881300
379 0.5884745232968 0.1566661269340
380 0.2429920468244 0.5584379637113
381 0.5643035674084 0.2307584519845
382 0.3088641705652 0.5275382829851
383 0.0282838207823 0.6112798700368
384 0.6108295566274 0.0635383419747
385 0.5791109289808 0.2070614215725
386 0.1538516271154 0.5966507149636
387 0.1075475102922 0.6073633182713
388 0.2688338299788 0.5599878952461
389 0.5594668344595 0.2706048201010
390 0.0570213499938 0.6197293179614
391 0.2918303873038 0.5509405299900
392 0.6173695076008 0.0928167448149
393 0.3080002250017 0.5431038637052
394 0.6111286592278 0.1280755200926
395 0.5967094503449 0.1846098320048
396 0.1323944076807 0.6107223471532
397 0.5702651828332 0.2556104925620
398 0.2056886868693 0.5918011672611
399 0.5845381074428 0.2344722395286
400 0.2322010390500 0.5862438255976
401 0.0858285846571 0.6280532808373
402 0.6329158384004 0.0432361380580
403 0.1811671981033 0.6090390957851
404 0.6363636363636 0.0000000000000
405 0.0000000000000 0.6363636363636
406 0.5752518501976 0.2734028317714
407 0.3080406855231 0.5586931567240
408 0.6170244938992 0.1636597987942
409 0.6020017626782 0.2126414794499
410 0.2904187414953 0.5689407157250
411 0.0354904664713 0.6403539652648
412 0.5876735299622 0.2597845140972
413 0.6394552098822 0.0725136025373
414 0.2691396013103 0.5861493566056
415 0.1568030401444 0.6264986890809
416 0.1145940846697 0.6365203426611
417 0.6042828540206 0.2405046803084
418 0.6221227865343 0.1923932687961
419 0.0642641541185 0.6488272030274
420 0.3090285747904 0.5742509319949
421 0.5905721732213 0.2779876613994
422 0.2131512369642 0.6181247850567
423 0.6459954364490 0.1017919972057
424 0.2956393700654 0.5836224237896
425 0.6550040747324 0.0229360606649
426 0.2462332637993 0.6127381413611
427 0.6044707539799 0.2659516119547
428 0.6467487539460 0.1362171375971
429 0.6241774411171 0.2208647287208
430 0.6615393997443 0.0522152828782
431 0.0928446052220 0.6571626601342
432 0.1841424536402 0.6387871414165
433 0.6666666666667 0.0000000000000
434 0.0000000000000 0.6666666666667
435 0.3110103109136 0.5897132724910
436 0.6052114623985 0.2843224688856
437 0.2966410687459 0.6005005532850
438 0.0425549398809 0.6695055359677
439 0.6231834061965 0.2488027706830
440 0.6680807721196 0.0814752100628
441 0.6518887761868 0.1722821526336
442 0.1598214566780 0.6563399618320
443 0.1216046125296 0.6656860550792
444 0.6465101387169 0.2030989052379
445 0.6203888240745 0.2740304622283
446 0.2310115137418 0.6385006474881
447 0.2816278222779 0.6195877731695
448 0.3140349201623 0.6050054928304
449 0.0712547588815 0.6779822177084
450 0.6734562641568 0.1116053896657
451 0.2116145035457 0.6497634764876
452 0.6189686963876 0.2923132668773
453 0.6843399013309 0.0318215617393
454 0.6452039842509 0.2316062345870
455 0.3028498619595 0.6156266198091
456 0.2609348690338 0.6385353580822
457 0.0209807402956 0.6903246941700
458 0.6409069277650 0.2592135165450
459 0.6901314219088 0.0612390936004
460 0.1000561462391 0.6862757004898
461 0.6808203898439 0.1402922851447
462 0.6351909806955 0.2838683823433
463 0.3181525988805 0.6200398451223
464 0.6969696969697 0.0000000000000
465 0.0000000000000 0.6969696969697
466 0.6698441474761 0.1931115812615
467 0.1857969958225 0.6724671967298
468 0.6316752860134 0.3018160416297
469 0.0498155062451 0.6985368624973
470 0.6967043933812 0.0902170560625
471 0.3055436743608 0.6328389485829
472 0.2388178125950 0.6621555082676
473 0.1353981019656 0.6940820855616
474 0.6869649830112 0.1689674393097
475 0.0785683884670 0.7070478777329
476 0.7104788144349 0.0392226636278
477 0.6765749617261 0.2216002605282
478 0.3234123434367 0.6347131663921
479 0.2900524167359 0.6507254344607
480 0.7023878392007 0.1196386519214
481 0.2148555853803 0.6794801025311
482 0.6486937935850 0.2952580147981
483 0.6432065726082 0.3126513388577
484 0.1652288098573 0.6970523701330
485 0.6620269425503 0.2783510665531
486 0.3118967988441 0.6485033724886
487 0.0279521341935 0.7197423677875
488 0.7181997804094 0.0709906839074
489 0.6944110058743 0.1979347051330
490 0.1069174694303 0.7153640027015
491 0.2668650405084 0.6736570292564
492 0.6778870933749 0.2561286213029
493 0.7096217659762 0.1481795007475
494 0.7272727272727 0.0000000000000
495 0.0000000000000 0.7272727272727
496 0.1946102238737 0.7010313260914
497 0.3298583248288 0.6489047896682
498 0.6534854388927 0.3246220975294
499 0.0568680663643 0.7276817936548
500 0.7249866442903 0.1001188812875
501 0.2403177777273 0.6916865089971
502 0.6631289333812 0.3116545962611
503 0.7329595383058 0.0205774813785
504 0.3111767830865 0.6644197825570
505 0.6743490282348 0.2964348948352
506 0.7156876484197 0.1773073576298
507 0.2940727036696 0.6773752910326
508 0.7061174928345 0.2239287447408
509 0.2237072620860 0.7062936703173
510 0.0853995538081 0.7362025968314
511 0.7301176235333 0.1295365713580
512 0.7402725476845 0.0507071611413
513 0.1452133760611 0.7278291763764
514 0.6624752851398 0.3375247140769
515 0.3375247144218 0.6624752852241
516 0.0306848110843 0.7443473991359
517 0.6908835554843 0.2807503489673
518 0.2805921903453 0.6909764469297
519 0.6735652074426 0.3264347917998
520 0.3263961362763 0.6736038633812
521 0.7216538348320 0.2063347171845
522 0.7467247784185 0.0799816734266
523 0.2654864122211 0.7041684099404
524 0.1140516855281 0.7444564529026
525 0.1846230071162 0.7308667669342
526 0.2099193233202 0.7241587527961
527 0.6854735595239 0.3145264397462
528 0.3144510052387 0.6855489944314
529 0.7375967500546 0.1583100112081
530 0.7050504752939 0.2696256729821
531 0.6701059897743 0.3510248772484
532 0.7575757575758 0.0000000000000
533 0.0000000000000 0.7575757575758
534 0.3464946976769 0.6753521939171
535 0.0645134744264 0.7564602160941
536 0.7520218014425 0.1091363499450
537 0.7181100881629 0.2496210353910
538 0.2494153775723 0.7182664204059
539 0.6982382287651 0.3017617705346
540 0.3016519570907 0.6983480425928
541 0.7394530952481 0.1872489449831
542 0.7629745106968 0.0311846537029
543 0.6887226419354 0.3355814582725
544 0.3368202865632 0.6883351427794
545 0.1420613280643 0.7546804793665
546 0.7118949770344 0.2881050222970
547 0.2879637860304 0.7120362136674
548 0.6765284523539 0.3651406304582
549 0.7331188650951 0.2325798740086
550 0.2323577630122 0.7333014984467
551 0.0931959522888 0.7649825718639
552 0.7585084008057 0.1383576790093
553 0.7694587514816 0.0604421028133
554 0.6879769624313 0.3514127845674
555 0.3567401903623 0.6872928467190
556 0.3255809781155 0.7035883842292
557 0.7057836568306 0.3226844705503
558 0.7264766624131 0.2735233369522
559 0.2733542159717 0.7266457837415
560 0.1682132304660 0.7583020770355
561 0.0347751915217 0.7773515324305
562 0.7490959878635 0.2145312660101
563 0.2142983605128 0.7493005021907
564 0.7613439607780 0.1671214113289
565 0.6817762384103 0.3797345073781
566 0.1187973167768 0.7733313927746
567 0.7192496503153 0.3091164438642
568 0.3090235527759 0.7194078093305
569 0.6943086362304 0.3669875454448
570 0.7420123897047 0.2579876096966
571 0.2577947409331 0.7422052587965
572 0.7808145870194 0.0933075741974
573 0.3512587117092 0.7046245739988
574 0.2948143286053 0.7305449586293
575 0.7878787878788 0.0000000000000
576 0.0000000000000 0.7878787878788
577 0.0717382936536 0.7854966943814
578 0.3682254877720 0.6981004733893
579 0.1955244173315 0.7659525155783
580 0.7097455284433 0.3492630679226
581 0.6858927691902 0.3946874361106
582 0.7669274770718 0.1963301762882
583 0.7343294491621 0.2959578090981
584 0.1478781682149 0.7801083993602
585 0.6969999963229 0.3841361853642
586 0.7956445267896 0.0211004956758
587 0.7585266007624 0.2414733986772
588 0.2412615233886 0.7587384763582
589 0.3378840155287 0.7216380346612
590 0.7885627912755 0.1236617683241
591 0.0212818043483 0.7989006166440
592 0.0991542353829 0.7940645112651
593 0.7503789639549 0.2818899112578
594 0.6889262568321 0.4098975251645
595 0.2817335793324 0.7505846221321
596 0.7329162118951 0.3264315495293
597 0.3647025285409 0.7159760809245
598 0.3808730204463 0.7075818103763
599 0.8029940096469 0.0502160151605
600 0.1770680544529 0.7861895992003
601 0.7863459342372 0.1821350339685
602 0.7760381205087 0.2239618789715
603 0.2237363347086 0.7762636650566
604 0.0503117712691 0.8064068716686
605 0.7032057633698 0.3991420894675
606 0.7948603692155 0.1565676350835
607 0.3219965089162 0.7440503642748
608 0.6909261458702 0.4252780344008
609 0.1279346600330 0.8017590676152
610 0.7674201253720 0.2668811343651
611 0.7180363996830 0.3803856743671
612 0.2666985013095 0.7676422367080
613 0.8105315294079 0.0792414318551
614 0.3945586938336 0.7155612318909
615 0.7041002790843 0.4161063128041
616 0.8181818181818 0.0000000000000
617 0.0000000000000 0.8181818181818
618 0.0789275041039 0.8145594992834
619 0.3794289273584 0.7257846084065
620 0.7594795935305 0.3084615448171
621 0.6919407789185 0.4407550823018
622 0.7945591797340 0.2054408197892
623 0.2052075167325 0.7947924830522
624 0.1570297540319 0.8062278996424
625 0.7386940153666 0.3616143186743
626 0.3589790164835 0.7405285673586
627 0.7854687334076 0.2509040116386
628 0.2506994975844 0.7857016392241
629 0.8245610623335 0.0291975534914
630 0.8185677061926 0.1079476011882
631 0.0293472453799 0.8277802202577
632 0.2969897599241 0.7732590595570
633 0.6920159738735 0.4562654047333
634 0.7085522034323 0.4315214096549
635 0.1075842478306 0.8226381692493
636 0.4091155329340 0.7218981203148
637 0.7760712545772 0.2938825066458
638 0.7609493316107 0.3379925343555
639 0.3952560160817 0.7338475017806
640 0.8318885518671 0.0582406303120
641 0.8140944410837 0.1859055584848
642 0.1856709383343 0.8143290614709
643 0.7898549975206 0.2760253123898
644 0.6911942396430 0.4717543175384
645 0.2328430988011 0.8038992471157
646 0.0583916984214 0.8350432171043
647 0.8042443230180 0.2342669813319
648 0.8266038829772 0.1366537705213
649 0.1364390605668 0.8268185931290
650 0.7080864304252 0.4484321507246
651 0.7299362697791 0.4142510912724
652 0.3766025329647 0.7508980607306
653 0.2781460024936 0.7939002307574
654 0.4243449801969 0.7265010284790
655 0.8392376987223 0.0872776087064
656 0.6895144183828 0.4871739362016
657 0.2111810859154 0.8178205395407
658 0.3546154389225 0.7681055119384
659 0.4119499630721 0.7400159289846
660 0.7533645882689 0.3873054224239
661 0.3279697797122 0.7810758813162
662 0.0870254861110 0.8432107916948
663 0.7849247007759 0.3206887444083
664 0.8484848484848 0.0000000000000
665 0.0000000000000 0.8484848484848
666 0.7685907241678 0.3615764617788
667 0.8226979834584 0.2140443622292
668 0.8346400597619 0.1653599398543
669 0.1651309158904 0.8348690839363
670 0.6870116008861 0.5024816516362
671 0.7263233165163 0.4443057864255
672 0.4400336248197 0.7293345669326
673 0.7133464997128 0.4658326118763
674 0.2603155025534 0.8129969396632
675 0.8539794845741 0.0334450756166
676 0.7063681837625 0.4812086845179
677 0.8472738755070 0.1159837780395
678 0.1157976960805 0.8474599576370
679 0.3953847217612 0.7591732564967
680 0.0333127295598 0.8563455861118
681 0.6837172095635 0.5176388353494
682 0.3053941877804 0.8023010221533
683 0.8151468446349 0.2693211999200
684 0.8051680296111 0.2991377093795
685 0.4292465661013 0.7442110460471
686 0.4559710376447 0.7304173942219
687 0.8599076912521 0.0666076162246
688 0.7881417182767 0.3504076048623
689 0.6796591793476 0.5326097368816
690 0.7057290682341 0.4987264557009
691 0.3755184719821 0.7788110896244
692 0.8427384234724 0.1940039222618
693 0.8315550763642 0.2419296154431
694 0.0663944283597 0.8637235132269
695 0.2010438567026 0.8428185246949
696 0.2384117755164 0.8331116602999
697 0.6992312157433 0.5126564168347
698 0.8553100522917 0.1446899473725
699 0.1444895514041 0.8555104484443
700 0.6748621924213 0.5473605353051
701 0.4719643829019 0.7298128563209
702 0.4468777743084 0.7464275840661
703 0.4149975661061 0.7652053480917
704 0.2841155928099 0.8229282037460
705 0.3532237012403 0.7965826889824
706 0.7671172515563 0.4139384453479
707 0.3308590585128 0.8073853479579
708 0.8679438680368 0.0953137855577
709 0.0951563315942 0.8681013221450
710 0.7252245891780 0.4874831466837
711 0.6693479406078 0.5618585084189
712 0.6972360395641 0.5293387033372
713 0.7412189431753 0.4664197238741
714 0.7562562650491 0.4417139946869
715 0.4878473619800 0.7276158326669
716 0.7912535578228 0.3785512122805
717 0.8139830876227 0.3277008783308
718 0.6631354016666 0.5760712871133
719 0.8787878787879 0.0000000000000
720 0.0000000000000 0.8787878787879
721 0.4645955456529 0.7467248166978
722 0.8518882383754 0.2201220162397
723 0.8633462290764 0.1733961167056
724 0.1731814067278 0.8635609392515
725 0.6925799456245 0.5449669876911
726 0.8802468747190 0.0466246536715
727 0.3975536111895 0.7870221050676
728 0.5034703251519 0.7239431139207
729 0.2622104500025 0.8419396028059
730 0.6562994003981 0.5898554904224
731 0.4350922195135 0.7689434616100
732 0.0421974742407 0.8836333792392
733 0.8759800448214 0.1240199548908
734 0.1238481869178 0.8761518129522
735 0.6483389898825 0.6040844356389
736 0.4838152694978 0.7426621583440
737 0.5187144540168 0.7189226465925
738 0.8345512777929 0.3030952745234
739 0.3128383040162 0.8312691069979
740 0.7240305800363 0.5163958296949
741 0.6396618399471 0.6178749054593
742 0.5335003026421 0.7126787062421
743 0.3774641322190 0.8072620375852
744 0.6810021771246 0.5754168534470
745 0.8886138605665 0.0746437930759
746 0.0745149671079 0.8887426866529
747 0.6306667482612 0.6306667482613
748 0.8155210248094 0.3616241158956
749 0.8576769661224 0.2455162173542
750 0.5477690336925 0.7053283403436
751 0.6731601550149 0.5878389044962
752 0.6207644217921 0.6433009926691
753 0.8718330064547 0.1984731199004
754 0.6954509945400 0.5622984313795
755 0.4994731003139 0.7420045089745
756 0.2018479265409 0.8716367655694
757 0.4553364852254 0.7704302596495
758 0.2318829479928 0.8644016227959
759 0.5614776483814 0.6969789638280
760 0.7965903207387 0.4083601466661
761 0.6101949917375 0.6553825356329
762 0.5745948542373 0.6877275688082
763 0.5989689376124 0.6668563116295
764 0.5870977003439 0.6776609229594
765 0.8545375871831 0.2723657109729
766 0.8840162216061 0.1527261242238
767 0.4202933299291 0.7926169703091
768 0.1525400422415 0.8842023037595
769 0.7138719047343 0.5439120369411
770 0.3479114694044 0.8276617814210
771 0.5174233331077 0.7345360786653
772 0.7856420822788 0.4366232270893
773 0.2901923933463 0.8520553326665
774 0.6670964906698 0.6052371491738
775 0.9012476763116 0.0252676312610
776 0.8966500373512 0.1033499624090
777 0.1032068224315 0.8967931774602
778 0.7753839967508 0.4647680707298
779 0.6583223372305 0.6199912175751
780 0.5474058010017 0.7200134611203
781 0.0250891177954 0.9048165594947
782 0.5350818720183 0.7300902604301
783 0.8182508231357 0.3913967096286
784 0.5605342229081 0.7145234402155
785 0.7606542601470 0.4963155744381
786 0.6424627389236 0.6424627389237
787 0.9090909090909 0.0000000000000
788 0.0000000000000 0.9090909090909
789 0.4027162975141 0.8150479146236
790 0.8921992560056 0.1776060106347
791 0.8809684476885 0.2269012896459
792 0.6162608041484 0.6699950424006
793 0.1804696843722 0.8926062158246
794 0.4433113745675 0.7955978365952
795 0.9092838530963 0.0539738005941
796 0.0538736026216 0.9093840511609
797 0.6302484125276 0.6579466970262
798 0.2696638479835 0.8707226916046
799 0.4910691420717 0.7679947750950
800 0.5776441734840 0.7059759786488
801 0.8477515232634 0.3386932238302
802 0.6042543147915 0.6845873443187
803 0.9046862141359 0.1320561317420
804 0.1318986777552 0.9048436682674
805 0.5923771138582 0.6985015406982
806 0.6986464455130 0.5936671969573
807 0.8643843840284 0.3060407154185
808 0.3189890181762 0.8599687778663
809 0.6617938171854 0.6356962398148
810 0.7394960341333 0.5436971278312
811 0.3824352892194 0.8359824228788
812 0.2119256226538 0.8957390203650
813 0.9173200298810 0.0826799699272
814 0.0825654579452 0.9174345419682
815 0.8856713526003 0.2557789154816
816 0.8427581630544 0.3741382312996
817 0.8206878888999 0.4212911389841
818 0.9006090864655 0.2061862458350
819 0.4709841395694 0.7960647803324
820 0.4284656729456 0.8198730117553
821 0.5308138411323 0.7580101882723
822 0.1609810708275 0.9113558469244
823 0.5626964220046 0.7350492571721
824 0.9127878700622 0.1570487328193
825 0.6836244341618 0.6250522168396
826 0.6550273180765 0.6550273180765
827 0.8049230093106 0.4595924671367
828 0.7618693927628 0.5294085998925
829 0.2430977330872 0.8964034292348
830 0.2974072587079 0.8806108677503
831 0.7349877968537 0.5701050788762
832 0.9299538456260 0.0333038081123
833 0.0332322381353 0.9300254156689
834 0.9253562066656 0.1113861392603
835 0.1112573132689 0.9254850327754
836 0.3532800168911 0.8626462414633
837 0.7946373512637 0.4877711873424
838 0.6367802004875 0.6815115544543
839 0.6718126188724 0.6489830319006
840 0.9065424272146 0.2352744566260
841 0.6133699844620 0.7083429163168
842 0.8454635377390 0.4040095744874
843 0.8927772087388 0.2848780386698
844 0.4108058173052 0.8429967543832
845 0.4949684944631 0.7973985325579
846 0.9208507395055 0.1857125307416
847 0.9393939393939 0.0000000000000
848 0.0000000000000 0.9393939393939
849 0.8780407432904 0.3345403184163
850 0.1887381506925 0.9207037450002
851 0.9379900224107 0.0620099774454
852 0.0619240934589 0.9380759064761
853 0.4580530179453 0.8212903198724
854 0.5973016558307 0.7267145131374
855 0.2748130703593 0.9001395868428
856 0.8300615579589 0.4465697714994
857 0.1402972976327 0.9328122115768
858 0.9334517116265 0.1365408712501
859 0.6683911928712 0.6683911928712
860 0.7627204962795 0.5586640937512
861 0.7310312335685 0.5998457010365
862 0.3263830773706 0.8884228683076
863 0.7944116705862 0.5174856033236
864 0.3903848285059 0.8647109235831
865 0.9460261991954 0.0907161467785
866 0.0906159487826 0.9461263972834
867 0.5247311482324 0.7938693083702
868 0.9143145669714 0.2640599128622
869 0.5643955985709 0.7663533295245
870 0.8699857101830 0.3867304799616
871 0.9280215322929 0.2147811263818
872 0.8996085785981 0.3139727318786
873 0.8261032576372 0.4763075434758
874 0.7228182821710 0.6235432404096
875 0.4402836756762 0.8472039338958
876 0.4831663231434 0.8236769582244
877 0.1665675391834 0.9406517688517
878 0.2563299822619 0.9203532581208
879 0.6902263320673 0.6607481919009
880 0.6607481919008 0.6902263320674
881 0.2255172932373 0.9286823437652
882 0.9414212329418 0.1652354424019
883 0.8850219822456 0.3637130329273
884 0.3030994573337 0.9100313695974
885 0.9586600149405 0.0413399849636
886 0.0412827289726 0.9587172709841
887 0.5883942110908 0.7587128860281
888 0.7587623740599 0.5884017517086
889 0.7904532777404 0.5472233074794
890 0.1193078041062 0.9541768880906
891 0.8577943842776 0.4351290077399
892 0.6249674642182 0.7311975475139
893 0.9577053937206 0.1165204967906
894 0.6825833310969 0.6825833310970
895 0.8221448488324 0.5060452496674
896 0.3538034717085 0.8984883551297
897 0.5541929609965 0.7917866867490
898 0.9352167372247 0.2438252507593
899 0.9211155819637 0.2932214043717
900 0.4218738835567 0.8708204678818
901 0.5129862454072 0.8213491407690
902 0.9494653076425 0.1938869161682
903 0.9666961917252 0.0700461542967
904 0.0699745842963 0.9667677617913
905 0.9067921366434 0.3430926484822
906 0.9696969696970 0.0000000000000
907 0.0000000000000 0.9696969696970
908 0.6532258098602 0.7167460324973
909 0.1950303984548 0.9499914990224
910 0.2815808795501 0.9292742668175
911 0.8538359374315 0.4648667551776
912 0.4699969600782 0.8513163602184
913 0.7176482047116 0.6568754943953
914 0.6756357259193 0.7015553899063
915 0.8920394981737 0.3928770422452
916 0.7864948274847 0.5769609844170
917 0.7548082542422 0.6181386892304
918 0.6181386892304 0.7548082542422
919 0.7057338648609 0.6744798997228
920 0.3317192414062 0.9187915980387
921 0.1456229086794 0.9661614923121
922 0.9665775570821 0.1438410388780
923 0.8181865185404 0.5357831461753
924 0.9748206877538 0.0954266633647
925 0.9793300074702 0.0206699924818
926 0.0206413644863 0.9793586354920
927 0.0986664396199 0.9748182525986
928 0.5838904800583 0.7882328064311
929 0.5426061880450 0.8173814047433
930 0.4034054214210 0.8944607668731
931 0.2566409350754 0.9472666639436
932 0.9428363458772 0.2726093979919
933 0.8855271623098 0.4236881269326
934 0.9284018505344 0.3222937707543
935 0.8498776682262 0.4946044713860
936 0.4515693419032 0.8749852049010
937 0.5003476852769 0.8481605709717
938 0.3824285034322 0.9074656199685
939 0.1748375384267 0.9693280853534
940 0.9704568929747 0.1725384532977
941 0.6976304334867 0.6976304334867
942 0.9137789588331 0.3722086891533
943 0.3096587245048 0.9390194806947
944 0.7825354586508 0.6066982258428
945 0.6066982258428 0.7825354586509
946 0.9650474658299 0.2228622752634
947 0.8815689085512 0.4534258631983
948 0.8142279370817 0.5655209935885
949 0.7509182796418 0.6478640380925
950 0.6478640380925 0.7509182796419
951 0.8459193020315 0.5243421918145
952 0.3603408122991 0.9277663003901
953 0.2277908326201 0.9690960729923
954 0.5723708292254 0.8155382721780
955 0.9498598358857 0.3017612793394
956 0.5297541833012 0.8444398364168
957 0.4331131709300 0.8986317918264
958 0.7221330786495 0.6890537196369
959 0.6890537196368 0.7221330786496
960 0.9784864630192 0.2014283630471
961 0.9353630539871 0.3514557051497
962 0.2029029759966 0.9784245135410
963 1.0000000000000 0.0000000000000
964 0.0000000000000 1.0000000000000
965 1.0000000000000 0.0303030303030
966 0.0303030303030 1.0000000000000
967 0.8776104085576 0.4831635905069
968 1.0000000000000 0.0606060606061
969 0.0606060606061 1.0000000000000
970 0.9691409258360 0.2558372414059
971 0.2885273844877 0.9602637531625
972 0.4885571724635 0.8757222369604
973 1.0000000000000 0.0909090909091
974 0.0909090909091 1.0000000000000
975 0.9209422590328 0.4013372335650
976 0.8102686338842 0.5952585569766
977 0.7785613871414 0.6364284936263
978 0.6364284936263 0.7785613871414
979 0.3382475321171 0.9480548827326
980 1.0000000000000 0.1212121212121
981 0.1212121212121 1.0000000000000
982 0.8419610524510 0.5540799277651
983 0.7135563647997 0.7135563647997
984 0.7480831614286 0.6773871541646
985 0.6773871541646 0.7480831614286
986 0.6015908403072 0.8105903668287
987 0.5596007083296 0.8418868588821
988 0.9093015429744 0.4419851291388
989 1.0000000000000 0.1515151515152
990 0.1515151515152 1.0000000000000
991 0.9717450060843 0.2805750092694
992 0.2647977498499 0.9775857385995
993 0.8736520541322 0.5129012782419
994 0.5183122169148 0.8720754638410
995 0.9594165841497 0.3297668930105
996 1.0000000000000 0.1818181818182
997 0.1818181818182 1.0000000000000
998 0.9425780691309 0.3805604029430
999 0.3154557149155 0.9684363689199
1000 0.6250056146758 0.8063001389733
1001 0.9053433614796 0.4717227901435
1002 0.4076758658014 0.9361557075396
1003 0.7394425457716 0.7044953689201
1004 0.7044953689200 0.7394425457717
1005 0.8380026180958 0.5838177272175
1006 0.7743506712324 0.6660457679946
1007 0.6660457679946 0.7743506712325
1008 1.0000000000000 0.2121212121212
1009 0.2121212121212 1.0000000000000
1010 0.4815490955011 0.9019299179371
1011 0.5885026240253 0.8371960936872
1012 0.3668671423043 0.9570467019811
1013 0.8696938023077 0.5426390031876
1014 0.9786867423296 0.3100005897514
1015 0.8116817581831 0.6298317842254
1016 0.5486083827986 0.8697526359211
1017 0.9340011984509 0.4304220198703
1018 1.0000000000000 0.2424242424242
1019 0.2424242424242 1.0000000000000
1020 0.9641880221611 0.3597566797348
1021 0.4373624721807 0.9318646864854
1022 0.9013849076265 0.5014604969114
1023 0.7303815498920 0.7303815498920
1024 0.7659264655326 0.6933888086061
1025 0.6933888086060 0.7659264655326
1026 0.9497555770981 0.4096882182010
1027 0.8340433093628 0.6135555901336
1028 0.3447699116678 0.9773369982668
1029 1.0000000000000 0.2727272727273
1030 0.2727272727273 1.0000000000000
1031 0.5114644267311 0.9025562704968
1032 0.4647993335227 0.9276465895617
1033 0.8657354403681 0.5723769209298
1034 0.6179806634061 0.8340005809933
1035 0.8033361813869 0.6586462227007
1036 0.6586462227007 0.8033361813870
1037 0.9330758700859 0.4602820428996
1038 0.5782138675434 0.8651866723219
1039 0.3965610714668 0.9640194512203
1040 0.8974266392606 0.5311982633361
1041 1.0000000000000 0.3030303030303
1042 0.3030303030303 1.0000000000000
1043 0.5366087626387 0.8968510953392
1044 0.7576231196730 0.7208807735313
1045 0.7208807735312 0.7576231196730
1046 0.9713930044853 0.3889082206879
1047 0.4262485720506 0.9597090946121
1048 0.9291177638086 0.4900197394689
1049 0.7949676357470 0.6873669558624
1050 0.6873669558624 0.7949676357470
1051 0.8617764707299 0.6021154889671
1052 0.4957325979729 0.9280087541488
1053 0.6060416368401 0.8614277786525
1054 1.0000000000000 0.3333333333333
1055 0.3333333333333 1.0000000000000
1056 0.8934682364186 0.5609359804769
1057 0.5659121813313 0.8924208538397
1058 0.8324596954525 0.6514696639630
1059 0.6514696639629 0.8324596954525
1060 0.7481223433122 0.7481223433123
1061 0.4559097150895 0.9553448726135
1062 0.9612662231437 0.4457631205894
1063 0.9251594506612 0.5197574932493
1064 0.7866459235728 0.7146465714352
1065 0.7146465714352 0.7866459235728
1066 0.5254861705418 0.9246887098512
1067 1.0000000000000 0.3636363636364
1068 0.3636363636364 1.0000000000000
1069 0.9785704308945 0.4180369211444
1070 0.8578193622384 0.6318533802931
1071 0.6355760878144 0.8563312860060
1072 0.4851289494620 0.9500995143593
1073 0.8895099664311 0.5906737153018
1074 0.8240953850640 0.6802745312352
1075 0.6802745312351 0.8240953850641
1076 0.9568503191217 0.4785788397665
1077 0.5956055731133 0.8890541624242
1078 0.7758275364492 0.7390851903074
1079 0.7390851903074 0.7758275364492
1080 0.9212010452628 0.5494951978524
1081 0.5551442423844 0.9203248112210
1082 1.0000000000000 0.3939393939394
1083 0.3939393939394 1.0000000000000
1084 0.9528921337003 0.5083165621104
1085 0.8538618055945 0.6615902237604
1086 0.8855517053841 0.6204114385094
1087 0.8160382405578 0.7096983973505
1088 0.7096983973504 0.8160382405578
1089 0.5136570010815 0.9519881942580
1090 0.6251280487245 0.8844221477020
1091 0.9766101663549 0.4687883476985
1092 0.7667903834443 0.7667903834444
1093 0.9172427241628 0.5792328087799
1094 0.4765432131343 0.9756832290855
1095 0.6651488769816 0.8587939655350
1096 1.0000000000000 0.4242424242424
1097 0.4242424242424 1.0000000000000
1098 0.5836858700390 0.9165528662168
1099 0.9489337354004 0.5380542099120
1100 0.8049938180896 0.7373825707509
1101 0.7373825707509 0.8049938180896
1102 0.5431014937590 0.9477205309677
1103 0.5022834617259 0.9729717584545
1104 0.8815945411754 0.6501493112218
1105 0.6482063926539 0.8834537685999
1106 0.7898068960611 0.7615877081367
1107 0.7615877081366 0.7898068960611
1108 0.9132844599223 0.6089705321724
1109 1.0000000000000 0.4545454545455
1110 0.4545454545455 1.0000000000000
1111 0.9806248269472 0.4968756192561
1112 0.6143938725488 0.9124049190708
1113 0.9449754796595 0.5677919051624
1114 0.5728189713399 0.9441956506684
1115 0.8543597499290 0.7019224622190
1116 0.7024984560529 0.8551940988369
1117 0.9766664814336 0.5266132881108
1118 0.8776363258881 0.6798869799573
1119 0.6377564282873 0.9098958784607
1120 0.9093261981168 0.6387082551266
1121 0.5321059395351 0.9755664563798
1122 1.0000000000000 0.4848484848485
1123 0.4848484848485 1.0000000000000
1124 0.7863919447598 0.7863919447598
1125 0.9410172152592 0.5975296277713
1126 0.6780913831342 0.8858361538726
1127 0.6024318998865 0.9398796666800
1128 0.9727082312850 0.5563510107870
1129 0.8399046117647 0.7426485217065
1130 0.7413949482635 0.8413048038643
1131 0.5610204377689 0.9717579967096
1132 0.7722060016149 0.8154366996962
1133 0.8154387030961 0.7722039620731
1134 1.0000000000000 0.5151515151515
1135 0.5151515151515 1.0000000000000
1136 0.6671437148146 0.9062238050880
1137 0.9053689310618 0.6684458689814
1138 0.9370589525054 0.6272673489221
1139 0.6288494222609 0.9369826153904
1140 0.7073392892474 0.8811693323387
1141 0.9687499696677 0.5860887219125
1142 0.5913724555420 0.9677467979374
1143 0.8883486875113 0.7051846031505
1144 1.0000000000000 0.5454545454545
1145 0.5454545454545 1.0000000000000
1146 0.6579835608465 0.9315550480408
1147 0.8069273042236 0.8069273042237
1148 0.9331012990893 0.6570041831935
1149 0.7326327285441 0.8769807043607
1150 0.9647917072335 0.6158264446306
1151 0.6184728362367 0.9642570734259
1152 0.8458117391197 0.7738207710203
1153 0.7735704642401 0.8460913768597
1154 0.6903990244723 0.9152904343034
1155 0.8806331931227 0.7341739783726
1156 0.9173669933310 0.6973909531314
1157 1.0000000000000 0.5757575757576
1158 0.5757575757576 1.0000000000000
1159 0.8359783186326 0.7996815340542
1160 0.7996815340542 0.8359783186327
1161 0.9608338047934 0.6455633042660
1162 0.6479438833336 0.9598582346389
1163 0.8711682557571 0.7636489234071
1164 0.7628971452737 0.8728677152029
1165 0.7263316330134 0.9094579348621
1166 0.9095929182399 0.7263646737400
1167 1.0000000000000 0.6060606060606
1168 0.6060606060606 1.0000000000000
1169 0.6774496369506 0.9543922601113
1170 0.9568757230920 0.6753009905422
1171 0.8283798259766 0.8283798259766
1172 0.8648693469022 0.7916726919940
1173 0.7916726919940 0.8648693469022
1174 0.9018903410590 0.7553348994139
1175 0.7553348994139 0.9018903410591
1176 0.7184539532996 0.9383985058101
1177 0.9385683692089 0.7186139215927
1178 1.0000000000000 0.6363636363636
1179 0.6363636363636 1.0000000000000
1180 0.8572944025255 0.8206805061707
1181 0.8206805061707 0.8572944025255
1182 0.8939003025740 0.7842426779353
1183 0.7842426779353 0.8939003025740
1184 0.7474503769033 0.9307289619737
1185 0.9307735208675 0.7475775411359
1186 0.7107896777204 0.9674569700248
1187 0.9676496628375 0.7110566040019
1188 0.8498323477295 0.8498323477295
1189 1.0000000000000 0.6666666666667
1190 0.6666666666667 1.0000000000000
1191 0.8858265617696 0.8131271908004
1192 0.8127409503737 0.8862196807463
1193 0.7762744866446 0.9227915537633
1194 0.9227369724551 0.7763842864036
1195 0.7398340343930 0.9597394051146
1196 0.9647953242496 0.7385098362635
1197 0.8416270803868 0.8781487074596
1198 0.8782093293590 0.8420194378826
1199 0.9147484092879 0.8051851666995
1200 1.0000000000000 0.6969696969697
1201 0.6969696969697 1.0000000000000
1202 0.8052526971871 0.9151456541115
1203 0.7687601065480 0.9518086526816
1204 0.9517803925835 0.7689624660021
1205 0.8712848694824 0.8712848694825
1206 0.9071402784402 0.8341966360814
1207 0.8341484583268 0.9071938331955
1208 0.7976683976192 0.9438133295608
1209 0.9437782372543 0.7977288908149
1210 1.0000000000000 0.7272727272727
1211 0.7272727272727 1.0000000000000
1212 0.8630478892632 0.8991495699732
1213 0.8994563488512 0.8631881216722
1214 0.9357266578467 0.8266209971677
1215 0.8265939670569 0.9362193181800
1216 0.7897097557184 0.9727323089273
1217 0.9728096664403 0.7903085443928
1218 1.0000000000000 0.7575757575758
1219 0.7575757575758 1.0000000000000
1220 0.9276132735836 0.8554990225000
1221 0.8555143189462 0.9282505964612
1222 0.8927373912354 0.8927373912354
1223 0.9647277229726 0.8191902608443
1224 0.8187285021116 0.9651454975895
1225 1.0000000000000 0.7878787878788
1226 0.7878787878788 1.0000000000000
1227 0.8844327386512 0.9202112489838
1228 0.9203790350781 0.8844066245687
1229 0.8477316954593 0.9574994447420
1230 0.9592195868575 0.8491471069924
1231 0.9491996897741 0.8762601051327
1232 1.0000000000000 0.8181818181818
1233 0.8181818181818 1.0000000000000
1234 0.8769323058306 0.9492624113362
1235 0.9141899129883 0.9141899129883
1236 0.9058384012280 0.9412315782219
1237 0.9418562592638 0.9053345442046
1238 0.9780501769682 0.8688274078247
1239 0.8694348794326 0.9783105117368
1240 1.0000000000000 0.8484848484848
1241 0.8484848484848 1.0000000000000
1242 0.9701066607805 0.8977029935456
1243 0.8983400402148 0.9702796201529
1244 0.9356424347412 0.9356424347412
1245 1.0000000000000 0.8787878787879
1246 0.8787878787879 1.0000000000000
1247 0.9627570197144 0.9266004711869
1248 0.9272453650988 0.9622493192354
1249 1.0000000000000 0.9090909090909
1250 0.9090909090909 1.0000000000000
1251 0.9570949564941 0.9570949564942
1252 0.9793651859147 0.9501051347789
1253 1.0000000000000 0.9393939393939
1254 0.9393939393939 1.0000000000000
1255 0.9785474782471 0.9785474782471
1256 1.0000000000000 0.9696969696970
1257 0.9696969696970 1.0000000000000
1258 1.0000000000000 1.0000000000000

