 -0.000000   1.364536   0.592034
  0.012971   0.906451   0.374823
  0.024676   1.927490   0.231671
  0.021128   3.303707   0.629258
  0.036360   2.743839   0.084880
  0.011358   1.859558  -0.075069
  0.042125   1.681602   0.014867
  0.032831   3.146374   0.018140
  0.025969   3.061640  -0.146596
  0.050478   3.850410  -0.032343
  0.010195   1.516136  -0.112307
  0.058994   1.675489  -0.011046
  0.044169   3.209733  -0.101370
  0.035771   3.147249  -0.194182
  0.021586   3.073313  -0.227725
  0.071318   3.380125  -0.061877
  0.076036   1.709502  -0.018983
  0.008971   1.526312  -0.132562
  0.055281   3.261799  -0.195385
  0.067585   3.332980  -0.127052
  0.019869   2.561940  -0.236011
  0.035165   3.129759  -0.274433
  0.050801   3.208568  -0.270337
  0.087591   2.873595  -0.049639
  0.083810   3.428304  -0.133442
  0.093473   1.741670  -0.026781
  0.007477   2.042283  -0.214359
  0.079653   3.373393  -0.208322
  0.066238   3.305329  -0.278434
  0.028677   3.102701  -0.328914
  0.045333   3.170822  -0.335016
  0.100472   4.104754  -0.124356
  0.061254   3.244867  -0.344183
  0.096239   3.480627  -0.215341
  0.091615   3.994639  -0.348019
  0.111336   1.793120  -0.029974
  0.005741   1.526844  -0.187284
  0.077042   3.328776  -0.362980
  0.024460   3.079774  -0.372781
  0.040002   3.133119  -0.383585
  0.055343   3.194114  -0.400794
  0.117515   3.626498  -0.097429
  0.113285   3.581201  -0.203237
  0.094263   2.846923  -0.324385
  0.071447   3.266063  -0.424274
  0.108601   2.945494  -0.242097
  0.033699   3.094938  -0.419293
  0.129701   1.846854  -0.026696
  0.003798   1.015163  -0.133467
  0.018289   3.057510  -0.405519
  0.087590   3.349389  -0.450921
  0.049304   3.143212  -0.441858
  0.065198   3.203531  -0.472805
  0.130805   3.689172  -0.183023
  0.111553   4.128795  -0.453006
  0.124484   3.638280  -0.292188
  0.135012   3.100966  -0.071352
  0.104788   3.460509  -0.479905
  0.081199   3.277252  -0.509568
  0.025683   3.059439  -0.438320
  0.042886   3.093508  -0.465946
  0.058571   3.141721  -0.504079
  0.148683   2.541244  -0.051145
  0.001696   2.027364  -0.283389
  0.097880   3.370774  -0.552700
  0.148826   3.800930  -0.154552
  0.144063   3.761304  -0.281191
  0.074558   3.199798  -0.551968
  0.138467   3.695040  -0.394340
  0.127330   3.604965  -0.504123
  0.090921   3.272587  -0.609767
  0.117370   3.500009  -0.601559
  0.036489   3.047378  -0.478654
  0.021182   3.033221  -0.444513
  0.051963   3.078671  -0.526812
  0.067373   2.611227  -0.472993
  0.168226   1.314686  -0.024913
 -0.000462   1.514270  -0.214699
  0.162619   3.895313  -0.256726
  0.167317   3.926752  -0.122669
  0.156934   3.844169  -0.386917
  0.107778   3.386339  -0.673756
  0.083540   3.170719  -0.635991
  0.151173   3.770344  -0.508830
  0.141173   3.670016  -0.634470
  0.030106   3.504613  -0.544546
  0.014978   2.515363  -0.361148
  0.099262   3.784549  -0.860438
  0.053185   3.015783  -0.537043
  0.068281   3.568140  -0.719402
  0.131719   4.134337  -0.882835
  0.181769   4.027757  -0.211536
  0.176470   3.986035  -0.367601
  0.170166   3.929702  -0.505481
  0.188522   2.707660  -0.067825
 -0.002594   2.010524  -0.273876
  0.116850   3.370730  -0.811120
  0.163825   3.851769  -0.641568
  0.086167   3.089648  -0.731551
  0.015139   2.993859  -0.424084
  0.030201   2.469725  -0.377067
  0.156342   3.751800  -0.777984
  0.045217   2.954531  -0.509444
  0.111516   2.716634  -0.719007
  0.131903   2.905947  -0.742254
  0.195821   4.123511  -0.328856
  0.060195   2.949838  -0.592520
  0.202324   4.168727  -0.165183
  0.189954   4.083373  -0.482119
  0.100002   3.131760  -0.846654
  0.182787   4.024324  -0.635206
  0.124994   3.364330  -0.944926
  0.150369   3.641771  -0.920258
  0.209389   2.109613  -0.042896
 -0.004604   1.002887  -0.124645
  0.075285   2.960576  -0.698541
  0.175747   3.942958  -0.790941
  0.022733   2.945785  -0.407102
  0.007767   3.485819  -0.430169
  0.037528   2.909559  -0.461194
  0.090509   2.986141  -0.827814
  0.142334   3.507323  -1.036661
  0.115573   3.200556  -0.980177
  0.166899   3.832083  -0.948976
  0.052195   2.875719  -0.537079
  0.216152   4.272037  -0.283590
  0.210238   4.237446  -0.440579
  0.221705   4.303225  -0.135895
  0.203193   4.194448  -0.604702
  0.066799   2.854367  -0.644712
  0.132184   3.330552  -1.108260
  0.105975   3.036655  -0.974783
  0.195795   4.130724  -0.781673
  0.160496   3.693189  -1.105735
  0.230999   2.179374  -0.036655
 -0.006371   1.500531  -0.162934
  0.186848   4.033319  -0.962485
  0.082686   2.845904  -0.782302
  0.015568   2.443366  -0.289960
  0.030196   2.877150  -0.387397
  0.044627   2.825621  -0.458886
  0.149505   3.508100  -1.225228
  0.121951   3.135367  -1.134729
  0.177650   3.904911  -1.151432
  0.097559   2.869781  -0.943831
  0.058805   2.764841  -0.555065
  0.231410   4.392290  -0.384398
  0.237200   4.410515  -0.235453
  0.224451   4.368465  -0.554748
  0.240404   3.678948  -0.089705
  0.005765   2.965703  -0.301836
  0.217141   4.329514  -0.744624
  0.138391   3.285526  -1.291289
  0.167833   3.728604  -1.317537
  0.112608   2.939926  -1.121600
  0.208013   4.259699  -0.952165
  0.075242   2.718526  -0.701539
  0.037346   2.328272  -0.311883
  0.253356   2.236122  -0.040907
 -0.007846   1.496166  -0.126109
  0.154935   3.489904  -1.439841
  0.128029   3.054948  -1.307080
  0.198527   4.144883  -1.175447
  0.089310   2.697568  -0.881511
  0.021706   3.818195  -0.383002
  0.253107   4.534692  -0.319869
  0.247055   4.532938  -0.481554
  0.258736   5.291137  -0.179515
  0.187298   3.976725  -1.396003
  0.103590   2.729296  -1.090535
  0.239139   4.523545  -0.673377
  0.143577   3.222191  -1.497248
  0.049570   3.142520  -0.495303
  0.230222   4.493041  -0.895360
  0.004015   2.953538  -0.212922
  0.173451   3.732530  -1.590721
  0.117965   2.792108  -1.313531
  0.068458   2.611825  -0.586526
  0.220644   4.416409  -1.166376
  0.081710   2.536288  -0.769402
  0.159286   3.445751  -1.687020
  0.133070   2.961882  -1.540156
  0.038128   2.726923  -0.291763
  0.276337   2.303386  -0.037592
 -0.008903   1.493610  -0.080736
  0.061196   2.128556  -0.379057
  0.208680   4.261734  -1.474611
  0.096630   2.506402  -1.008054
  0.015551   2.395388  -0.150549
  0.147726   3.148911  -1.733861
  0.269732   4.678364  -0.389427
  0.262109   4.703328  -0.571754
  0.276555   4.656934  -0.245529
  0.193273   3.372205  -1.406390
  0.110393   2.523710  -1.281441
  0.253456   4.712572  -0.792229
  0.282697   4.661870  -0.109563
  0.026816   2.775820  -0.185373
  0.243524   4.706457  -1.088172
  0.050099   2.589354  -0.315365
  0.002178   2.945227  -0.119234
  0.073042   2.803847  -0.685653
  0.139359   2.414917  -1.463827
  0.160749   2.794095  -1.621510
  0.180594   4.987753  -2.733029
  0.150875   3.073063  -1.982188
  0.039285   2.651167  -0.185182
  0.231717   4.624386  -1.473580
  0.090459   2.299082  -0.862222
  0.015642   2.844530  -0.089516
  0.125569   3.012277  -1.908013
  0.299868   2.354281  -0.026642
 -0.009456   1.488934  -0.030567
  0.102848   2.258575  -1.150953
  0.292881   4.800636  -0.282512
  0.061329   2.430446  -0.356604
  0.277537   4.919622  -0.651154
  0.299387   4.758492  -0.164452
  0.287779   4.863480  -0.439850
  0.213223   5.134077  -2.238080
  0.140100   2.718570  -2.010076
  0.165007   2.740396  -1.802495
  0.268060   4.975915  -0.892585
  0.305300   3.952361  -0.059452
  0.028597   2.725597  -0.072974
  0.257003   4.998341  -1.318960
  0.051083   2.495686  -0.183504
  0.004438   2.927331  -0.014402
  0.152906   3.004868  -2.267287
  0.116065   2.208087  -1.545833
  0.085297   2.116809  -0.655802
  0.071588   2.228146  -0.372088
  0.239524   4.965266  -1.765852
  0.096255   1.994440  -0.962407
  0.040989   2.589108  -0.054153
  0.017934   2.809992   0.020777
  0.144199   2.209774  -1.888270
  0.316378   4.875874  -0.173599
  0.292595   4.287081  -0.577260
  0.107617   1.630697  -1.080550
  0.175337   4.615425  -3.504366
  0.323873   3.191364  -0.026443
 -0.009449   1.482384   0.025898
  0.322511   4.817637  -0.085929
  0.062059   1.941862  -0.175036
  0.204907   4.979025  -3.066760
  0.154082   2.862472  -2.596882
  0.265533   4.500278  -1.230377
  0.307274   5.096356  -0.473376
  0.131235   2.978188  -2.811794
  0.317676   5.843651  -0.320047
  0.030914   2.682211   0.053676
  0.143139   2.054408  -2.076548
  0.052741   2.393778  -0.047303
  0.007221   2.907077   0.105972
  0.235911   5.878076  -2.866144
  0.081252   1.930083  -0.406650
  0.295323   6.285103  -1.136959
  0.090997   1.739299  -0.742127
  0.167596   3.086690  -3.041596
  0.154143   3.022519  -3.390891
  0.196139   3.915163  -3.134482
  0.181228   2.920328  -2.667947
  0.100312   1.649142  -1.173782
  0.116362   2.274787  -2.347209
  0.314814   5.386493  -0.564116
  0.339952   4.907722  -0.071129
  0.043313   2.536466   0.088585
  0.020795   2.782373   0.148748
  0.137867   2.138399  -2.653956
  0.210175   3.676533  -2.664456
  0.344470   4.845700  -0.028708
  0.226471   4.821502  -3.025925
  0.340505   4.159640  -0.105922
  0.348132   2.412779  -0.003781
 -0.008843   1.479349   0.087592
  0.129336   1.747710  -2.371931
  0.268924   6.677197  -2.393327
  0.332737   5.273838  -0.297011
  0.176544   1.655531  -1.679665
  0.164348   1.443342  -1.619229
  0.189739   1.877305  -1.687848
  0.241499   4.451754  -2.485902
  0.153148   0.863543  -1.034974
  0.071123   2.815116  -0.107190
  0.203855   2.118993  -1.703685
  0.143223   1.116665  -1.451889
  0.033858   2.652957   0.194421
  0.121224   1.218055  -1.841595
  0.219071   2.355217  -1.663788
  0.087170   1.563289  -0.398790
  0.055012   2.337853   0.151630
  0.260921   5.740622  -2.680943
  0.134043   0.935394  -1.336719
  0.080745   1.482909  -0.144799
  0.115077   1.044019  -1.605112
  0.349520   5.147288  -0.102074
  0.235225   2.613277  -1.624825
  0.108400   1.347511  -1.791141
  0.009314   2.897456   0.234465
  0.125965   0.760820  -1.219734
  0.100053   1.594367  -1.225122
  0.363485   4.897372   0.007019
  0.324943   5.930400  -0.702208
  0.277760   5.199732  -2.073883
  0.252494   2.858150  -1.515751
  0.307718   7.184766  -1.542843
  0.339379   5.646157  -0.318534
  0.046367   2.505639   0.255625
  0.118804   0.626670  -1.103380
  0.362860   5.854031  -0.003360
  0.368944   4.840352   0.010802
  0.023293   2.771709   0.287335
  0.372500   1.605704   0.002513
 -0.007662   1.976238   0.210329
  0.067963   1.778731   0.184469
  0.270656   3.119881  -1.397628
  0.112673   0.529649  -0.950988
  0.104683   0.700808  -1.120565
  0.359092   5.396055  -0.057998
  0.299137   6.548915  -1.959636
  0.077586   1.846196   0.154240
  0.107528   0.422568  -0.770843
  0.289813   3.336621  -1.184812
  0.086419   1.462548  -0.003179
  0.036799   2.646380   0.346465
  0.058266   2.325479   0.340308
  0.101500   0.564342  -0.864640
  0.381590   4.120220   0.072243
  0.013073   2.883131   0.359778
  0.375175   5.192130   0.089911
  0.319735   7.006749  -1.398503
  0.094030   1.147988  -0.337443
  0.355344   6.126918  -0.204280
  0.340739   7.828398  -0.769365
  0.103286   0.308655  -0.632606
  0.309752   3.577317  -0.937291
  0.370046   5.717750   0.071063
  0.098407   0.580673  -0.706599
  0.050258   2.509734   0.429088
  0.028326   2.766964   0.416317
  0.390378   5.029046   0.168753
  0.394933   5.651312   0.096259
  0.072900   2.399206   0.526813
  0.396789   3.197091   0.022878
 -0.005909   0.997229   0.132802
  0.100148   0.224309  -0.466591
  0.341215   6.171966  -0.749460
  0.385863   5.399588   0.225338
  0.330551   3.780451  -0.669751
  0.084672   1.596239   0.413717
  0.005084   2.959005   0.422995
  0.096913   0.383551  -0.279081
  0.041965   2.655982   0.491054
  0.098006   0.166148  -0.276137
  0.062456   2.355044   0.549912
  0.093550   1.300838   0.484486
  0.373655   6.721947   0.116937
  0.400960   5.150540   0.294664
  0.362793   7.417124  -0.243603
  0.385346   6.114208   0.336627
  0.352138   3.915292  -0.303454
  0.019712   2.870148   0.470954
  0.408514   4.899004   0.198199
  0.096232   0.452750   0.047696
  0.398205   5.664583   0.452002
  0.096952   0.129690  -0.083140
  0.055202   2.543110   0.587292
  0.412020   4.152202   0.254416
  0.084031   1.843029   0.733715
  0.033898   2.777297   0.537455
  0.420857   1.572054   0.014085
 -0.003638   1.493136   0.243335
  0.420850   4.733441   0.078716
  0.373984   3.967743   0.070020
  0.075163   2.183033   0.726488
  0.384957   7.431002   0.491756
  0.096925   0.307502   0.377279
  0.412491   5.314408   0.508465
  0.091299   1.433861   0.818998
  0.396405   6.643244   0.696956
  0.097024   0.106205   0.138542
  0.010902   2.952407   0.524179
  0.425620   4.771656   0.192705
  0.408972   6.001459   0.776980
  0.066540   2.436177   0.734758
  0.047872   2.686682   0.626149
  0.096949   0.820090   0.785448
  0.396038   3.950672   0.468427
  0.025633   2.877740   0.573889
  0.098654   0.478076   0.824156
  0.432115   4.831261   0.329814
  0.098286   0.114353   0.336851
  0.429496   5.823111   0.567911
  0.422854   5.524151   0.792155
  0.059188   2.167839   0.590489
  0.407146   7.297434   1.205310
  0.085426   1.724254   0.792864
  0.419067   6.459531   1.244546
  0.092987   1.754415   1.098553
  0.040127   2.809337   0.647824
  0.442360   4.651011   0.149616
  0.079121   2.333092   0.935136
  0.444427   3.084673   0.047530
 -0.000903   1.495020   0.284295
  0.417977   3.837545   0.871284
  0.100704   0.166685   0.563427
  0.438145   5.136645   0.766565
  0.432358   5.798213   1.191294
  0.101789   0.631586   1.302997
  0.017187   2.958177   0.602297
  0.429071   7.002714   1.895904
  0.448554   4.679122   0.295960
  0.102248   1.662472   1.951948
  0.071856   2.564795   0.876148
  0.054432   3.190157   0.891458
  0.441304   6.158569   1.755681
  0.447031   5.299216   1.120267
  0.032113   2.903397   0.656649
  0.104371   0.223327   0.818527
  0.439495   3.630087   1.248188
  0.092929   2.567915   1.423213
  0.455520   4.722929   0.458293
  0.106116   0.580434   1.469034
  0.458913   3.788674   0.085870
  0.102956   1.870285   1.548058
  0.450417   6.555646   2.516551
  0.459360   4.795052   0.684639
  0.455102   5.506297   1.570658
  0.464629   4.544877   0.229595
  0.046808   2.864199   0.735765
  0.085412   2.512472   1.103444
  0.467493   2.249624   0.036033
  0.002178   2.000649   0.424178
  0.109409   0.306456   1.028634
  0.460285   3.338612   1.571606
  0.111705   0.933931   2.126010
  0.023752   2.974250   0.662650
  0.462773   5.755790   2.200606
  0.471081   4.545563   0.388865
  0.468574   5.664965   1.187459
  0.077836   3.195692   1.146640
  0.061593   2.361878   0.698388
  0.470225   5.016520   1.399431
  0.470874   5.981626   3.024337
  0.104195   1.882313   1.285521
  0.115101   1.869802   2.531660
  0.115744   0.440732   1.266197
  0.038867   2.945783   0.717636
  0.477565   4.551709   0.568972
  0.099125   2.527288   1.369540
  0.480061   2.982153   1.820531
  0.481013   4.434272   0.138575
  0.476842   5.109337   1.898890
  0.118678   0.982833   2.160279
  0.115198   2.172051   1.953147
  0.015277   2.509395   0.557527
  0.483164   5.197386   2.589192
  0.486365   4.406828   0.298788
  0.054020   2.936935   0.798016
  0.486387   4.547162   0.793584
  0.490153   5.275119   3.428083
  0.123545   0.623700   1.469671
  0.489840   2.886880   0.053976
  0.005446   1.512055   0.332715
  0.486850   3.910637   1.078468
  0.092659   2.749768   1.215223
  0.498584   2.588878   1.984365
  0.030663   3.001225   0.700039
  0.493019   4.389196   0.465769
  0.127170   1.586732   2.883410
  0.113816   2.562812   1.713633
  0.072450   2.925249   0.930490
  0.495368   4.511944   1.053915
  0.046070   3.002024   0.755403
  0.500181   4.292054   0.191228
  0.499161   4.634704   1.653731
  0.132765   0.864641   1.669687
  0.130308   2.606967   3.062882
  0.499892   4.364376   0.654022
  0.107634   2.803088   1.470842
  0.508055   4.527826   3.685291
  0.515688   2.163790   2.080594
  0.087498   2.944778   1.092158
  0.509041   4.532354   2.931809
  0.137080   1.683717   2.695335
  0.022113   3.028056   0.683915
  0.507172   4.260293   0.361069
  0.506565   4.388536   1.333438
  0.061389   3.025108   0.836406
  0.129801   3.168522   2.501598
  0.511446   5.872095   2.923894
  0.508708   4.313836   0.860025
  0.511478   1.402597   0.018602
  0.008840   1.517479   0.337024
  0.102811   2.984014   1.291732
  0.143611   1.586025   2.407656
  0.531347   1.749814   2.083533
  0.037664   3.040580   0.715567
  0.514136   4.225071   0.529150
  0.123018   2.930540   1.752686
  0.528326   3.748331   3.779926
  0.515657   4.183696   0.107177
  0.145378   2.556785   3.202161
  0.526819   3.909025   3.120520
  0.517742   4.237897   1.096703
  0.143790   2.884158   2.691714
  0.521311   4.180556   1.640887
  0.118624   3.078597   1.517446
  0.053233   3.069593   0.766284
  0.520767   4.175505   0.709655
  0.521593   4.143307   0.251805
  0.082704   3.603146   1.130915
  0.545388   0.990950   1.348833
  0.155709   0.990892   1.349486
  0.026295   3.049144   0.679761
  0.530244   3.903174   2.561511
  0.142818   2.590478   1.957813
  0.543404   3.032128   3.755827
  0.157704   3.031104   3.757281
  0.527786   4.100537   1.335344
  0.527649   4.096198   0.409299
  0.139688   3.188665   2.038624
  0.069103   3.118046   0.835515
  0.103733   3.702972   1.363984
  0.115743   2.653261   1.130121
  0.542980   3.271381   3.174075
  0.158133   3.268965   3.175175
  0.529788   4.101405   0.905057
  0.535018   3.210065   1.823796
  0.557419   1.586678   2.406012
  0.532343   2.038736   0.038774
  0.012209   1.523460   0.329669
  0.169724   1.748507   2.083799
  0.044990   3.088688   0.706710
  0.533619   4.040344   0.573318
  0.536920   3.887076   1.836583
  0.135447   3.274343   1.739211
  0.543921   3.416645   2.685950
  0.157199   3.412640   2.687551
  0.535913   3.997601   1.111572
  0.536393   4.672563   0.163541
  0.555678   2.558049   3.199945
  0.172742   3.744148   3.780219
  0.085297   2.665406   0.751645
  0.546116   3.497911   2.289949
  0.155013   3.493063   2.292713
  0.568207   0.865790   1.668482
  0.541762   3.860788   1.542709
  0.130099   3.345927   1.502766
  0.060915   3.141782   0.748353
  0.541151   3.972311   0.742554
  0.541802   3.969456   0.305301
  0.563915   1.684927   2.693534
  0.185327   2.160021   2.080833
  0.174265   3.903410   3.120991
  0.557287   2.886441   2.689291
  0.549538   3.539735   1.949721
  0.151606   3.534937   1.954083
  0.099939   3.262975   1.002747
  0.032044   3.588936   0.758920
  0.547732   3.825840   1.295804
  0.123676   3.373099   1.302009
  0.546940   3.891732   0.925528
  0.577376   0.625033   1.468495
  0.075535   3.210581   0.802117
  0.558278   2.593346   1.955252
  0.170905   3.896380   2.562028
  0.573771   1.588267   2.881163
  0.554089   3.571170   1.665346
  0.147069   3.566239   1.667709
  0.551337   3.907845   0.456644
  0.192934   4.519106   3.686026
  0.166128   3.203659   1.826215
  0.552440   1.956920   0.033919
  0.015456   1.527291   0.308563
  0.052097   3.142350   0.676282
  0.202354   2.582808   1.984829
  0.116449   3.402350   1.119865
  0.570701   2.607768   3.059811
  0.585136   0.442261   1.265462
  0.555422   3.774882   1.087762
  0.561424   3.192578   2.034654
  0.092227   3.297815   0.875117
  0.582228   0.984353   2.158731
  0.557662   3.220906   0.081635
  0.559704   3.595682   1.423278
  0.141475   3.586628   1.427634
  0.191999   4.523478   2.932444
  0.559062   3.837116   0.611441
  0.027397   2.559677   0.501589
  0.067612   3.216004   0.709490
  0.565685   3.278951   1.734478
  0.591437   0.307347   1.028390
  0.164259   3.886281   1.844693
  0.571259   3.170883   2.496835
  0.210744   5.262631   3.430851
  0.220777   2.974323   1.822156
  0.563191   3.845654   0.223048
  0.109472   3.416156   0.959295
  0.565162   3.096904   0.780168
  0.566357   3.596016   1.213929
  0.134860   3.586575   1.220469
  0.043148   3.127477   0.611180
  0.589153   0.931651   2.123047
  0.566855   4.364417   0.900375
  0.189672   5.866000   2.922787
  0.596459   0.214174   0.817291
  0.084178   3.303733   0.755717
  0.571058   3.351958   1.497332
  0.585848   1.865514   2.527326
  0.159396   3.855050   1.549446
  0.569429   3.792078   0.357680
  0.240431   3.329385   1.575357
  0.594754   0.573031   1.463624
  0.571849   1.895472   0.033247
  0.018454   1.530922   0.285047
  0.059072   3.201481   0.627694
  0.229910   5.966694   3.030683
  0.578095   2.933492   1.747144
  0.600171   0.160997   0.579331
  0.573985   3.586190   1.029974
  0.127280   3.574511   1.037268
  0.101035   3.412114   0.814577
  0.585798   2.171794   1.947094
  0.217711   5.185390   2.593712
  0.577517   3.380533   1.295170
  0.153463   3.814574   1.301648
  0.576165   3.741982   0.126106
  0.576486   3.723727   0.486190
  0.034330   3.095332   0.551863
  0.181260   4.191799   1.660711
  0.602631   0.141922   0.365073
  0.599123   0.591629   1.299333
  0.075429   3.290071   0.653886
  0.261083   3.620603   1.254597
  0.582513   3.082903   1.510877
  0.587255   2.561940   1.709196
  0.250234   6.539379   2.526716
  0.581638   3.695651   0.253553
  0.582535   3.567176   0.869911
  0.118798   3.549546   0.876328
  0.585424   2.657892   1.124090
  0.603887   0.138488   0.124731
  0.145812   3.762536   1.093924
  0.050174   3.172467   0.551984
  0.584795   3.411353   1.111544
  0.584045   3.640568   0.611042
  0.091953   3.389433   0.691433
  0.602243   0.368683   0.755105
  0.598648   1.636637   1.931814
  0.237970   5.742978   2.209256
  0.173370   4.086282   1.344986
  0.282452   3.829465   0.880453
  0.587653   3.637447   0.375009
  0.604010   0.137606  -0.066702
  0.134698   3.081554   0.784404
  0.223998   5.104501   1.898370
  0.271431   6.987264   1.910085
  0.597942   1.877841   1.542634
  0.206281   4.653636   1.647815
  0.066275   3.261100   0.563012
  0.593473   2.806689   1.461972
  0.590561   1.827346   0.036876
  0.021126   1.537398   0.249854
  0.596790   1.887620   1.283433
  0.591834   3.427328   0.949131
  0.592042   3.541363   0.717868
  0.109399   3.521885   0.730196
  0.603018   0.171033  -0.277582
  0.603834   0.915992   0.886465
  0.304241   3.945913   0.480341
  0.604567   0.628500   0.535726
  0.165273   3.986063   1.116576
  0.594285   3.613592   0.140938
  0.604728   0.335539   0.049328
  0.594551   3.570340   0.488565
  0.082545   3.357706   0.584211
  0.259288   6.144528   1.766880
  0.038839   3.120816   0.481185
  0.600937   0.222133  -0.449005
  0.194557   4.394367   1.334762
  0.597466   3.709886   1.352687
  0.598337   2.987729   1.284735
  0.293200   7.286173   1.222332
  0.326150   3.966113   0.089278
  0.598951   3.565427   0.268059
  0.601906   2.526650   1.354076
  0.597815   0.311745  -0.633591
  0.604281   0.493988  -0.304690
  0.245596   5.491936   1.581144
  0.600351   3.424703   0.800938
  0.601333   3.271302   0.991772
  0.056899   3.217921   0.479671
  0.131967   4.324102   0.902604
  0.154289   3.871485   0.926451
  0.602589   0.440499  -0.561691
  0.601872   3.490242   0.592079
  0.099674   3.474833   0.605774
  0.593599   0.419513  -0.772230
  0.347812   3.892030  -0.303061
  0.315240   7.429927   0.508960
  0.281354   6.445713   1.257118
  0.183424   4.225201   1.099955
  0.230603   5.007237   1.406910
  0.607814   1.755688   1.079812
  0.214950   3.904131   1.073198
  0.605258   3.511710   0.379770
  0.072915   3.315630   0.488349
  0.606868   0.862858   0.027294
  0.588495   0.523393  -0.950040
  0.600076   0.694437  -0.985212
  0.608735   1.134952   0.422884
  0.609442   1.417568   0.810079
  0.369159   3.772824  -0.659674
  0.609085   2.590111   1.405468
  0.608475   2.759801   1.204782
  0.582429   0.617776  -1.096756
  0.608604   2.346306   0.055565
  0.023393   2.059448   0.270847
  0.337301   7.379241  -0.247729
  0.609118   3.307502   0.862142
  0.609535   3.402161   0.675935
  0.117438   3.610792   0.620674
  0.596433   0.690896  -1.115620
  0.610175   3.497185   0.163659
  0.268165   5.783182   1.202468
  0.389781   3.569159  -0.935727
  0.171449   4.084162   0.912627
  0.575412   0.752835  -1.211360
  0.303830   6.629967   0.708174
  0.045484   3.156502   0.404352
  0.611978   3.445598   0.479844
  0.089693   3.426274   0.496216
  0.567023   0.930066  -1.329807
  0.361113   6.141020  -0.781772
  0.409778   3.360495  -1.207768
  0.613646   2.950185   1.078334
  0.205737   4.497989   1.056331
  0.605513   1.374213  -0.676539
  0.557461   1.114782  -1.448357
  0.428884   3.125394  -1.377002
  0.253605   5.283397   1.127691
  0.586106   1.037255  -1.594661
  0.616117   3.452988   0.281843
  0.063129   3.262696   0.402426
  0.547516   0.863517  -1.033439
  0.615617   2.533309   1.078560
  0.615981   2.671818   0.740878
  0.447251   2.901639  -1.527917
  0.580118   1.209100  -1.827179
  0.536145   1.443895  -1.616368
  0.617253   3.314383   0.740257
  0.592670   1.337762  -1.797839
  0.379981   6.932987  -1.440591
  0.135872   3.130516   0.522562
  0.326379   6.693901   0.127250
  0.154274   4.576994   0.831186
  0.464522   2.625012  -1.607002
  0.616416   1.731596   0.779491
  0.523785   1.657810  -1.677097
  0.480845   2.380660  -1.664046
  0.510441   1.887520  -1.679425
  0.496127   2.138620  -1.665649
  0.618523   3.610948   1.117134
  0.619060   3.372720   0.566424
  0.291355   5.984952   0.789936
  0.107037   3.550660   0.500061
  0.600342   1.153907  -1.014327
  0.232388   5.648926   1.195069
  0.402349   5.577008  -1.695010
  0.616697   1.834741   0.725345
  0.192465   4.299997   0.861941
  0.571938   1.738967  -2.353534
  0.621899   2.857435   0.078011
  0.622286   3.395402   0.379192
  0.079536   3.371572   0.399198
  0.616486   1.605869   0.412007
  0.563056   2.132508  -2.640159
  0.439502   4.886760  -2.324984
  0.037884   2.593573   0.281281
  0.422927   6.182320  -2.356012
  0.621745   2.346065   0.919807
  0.454491   4.547904  -2.413924
  0.613822   1.669939   0.002102
  0.546514   3.020469  -3.380522
  0.626157   1.703795   0.029126
  0.025258   1.541983   0.156138
  0.277587   5.509921   0.804635
  0.626109   3.301757   0.635862
  0.625838   3.218785   0.787192
  0.519049   2.918704  -2.658547
  0.124571   3.688828   0.501585
  0.314764   6.091685   0.350868
  0.627105   3.392504   0.186672
  0.053264   3.202360   0.323105
  0.532957   3.086391  -3.034289
  0.180435   4.149802   0.707164
  0.366086   8.696588  -0.966383
  0.473237   4.946672  -2.970262
  0.625995   3.215314   1.120798
  0.504038   3.928389  -3.102892
  0.628827   3.333599   0.466738
  0.096464   3.488018   0.394802
  0.488500   4.460262  -3.020585
  0.585160   2.284234  -2.316346
  0.628735   2.932817   0.911448
  0.214725   4.534510   0.797052
  0.557654   2.050485  -2.064030
  0.605933   1.207105  -0.631008
  0.262397   5.128335   0.782919
  0.144592   3.839791   0.520578
  0.632746   3.340184   0.285238
  0.069259   3.309859   0.309985
  0.632183   3.124112   0.821422
  0.629195   2.573373   0.856664
  0.626707   2.556073   0.806879
  0.633845   3.224843   0.692084
  0.342826   6.090122  -0.169538
  0.302027   5.647278   0.468484
  0.409601   8.036745  -2.137316
  0.114096   3.613117   0.387084
  0.447644   7.220737  -3.105938
  0.635391   3.274242   0.541463
  0.570010   3.004354  -2.779687
  0.546585   2.859369  -2.586837
  0.624993   1.956110   0.444688
  0.612852   1.586192  -0.434291
  0.165064   4.026456   0.539026
  0.201261   4.349891   0.656161
  0.600651   1.911818  -1.306175
  0.638184   3.338876   0.100143
  0.043333   3.132901   0.255592
  0.638778   3.284348   0.375195
  0.085763   3.423276   0.297842
  0.241697   4.789068   0.696536
  0.623021   1.848833   0.150455
  0.525526   4.591188  -3.484780
  0.556675   2.210375  -1.871789
  0.640455   3.148120   0.731886
  0.499118   4.094273  -2.562727
  0.634298   2.452439   0.707478
  0.639823   3.028695   0.823182
  0.287876   5.303612   0.518563
  0.366793   4.888487  -0.443507
  0.642491   3.210813   0.607282
  0.643102   1.652386   0.030669
  0.026586   2.060666   0.124870
  0.639474   2.370225   0.684482
  0.131723   3.757342   0.374634
  0.643331   3.284485   0.194314
  0.058907   3.242742   0.225746
  0.330097   5.697892   0.098530
  0.479699   5.401872  -2.788780
  0.187089   4.202898   0.527512
  0.632649   1.840300   0.380848
  0.102973   3.536305   0.279955
  0.644915   3.232593   0.452684
  0.547788   3.007751  -2.262553
  0.610369   1.797325  -0.719581
  0.593444   1.643198  -1.065341
  0.223526   4.536020   0.569829
  0.622875   1.865810  -0.168584
  0.272221   5.822408   0.593455
  0.648847   3.229352   0.286781
  0.074964   3.354301   0.203951
  0.396208   5.730687  -0.930217
  0.648055   3.073734   0.750801
  0.438793   4.416989  -1.405398
  0.642681   2.172029   0.565641
  0.649371   3.148737   0.657195
  0.647114   2.938693   0.783861
  0.633056   2.118361   0.249303
  0.584920   2.226267  -1.533492
  0.314419   5.388587   0.238024
  0.353825   5.648510  -0.236683
  0.119088   3.666004   0.263595
  0.175896   3.416322   0.343152
  0.560798   2.736856  -2.001532
  0.535568   2.736232  -1.802791
  0.155815   4.595990   0.414819
  0.651516   3.182119   0.527366
  0.646562   3.191621   0.877380
  0.208137   4.372099   0.468309
  0.654042   3.765583   0.114240
  0.048513   3.691660   0.151892
  0.461343   4.870500  -1.827781
  0.604878   2.024063  -0.972986
  0.620132   1.963578  -0.443884
  0.091560   3.462631   0.172356
  0.642410   2.395116   0.498248
  0.498218   3.468504  -1.746845
  0.656518   3.171509   0.369128
  0.549854   3.060029  -1.984824
  0.632277   2.105112  -0.003886
  0.245488   4.712795   0.461815
  0.423639   5.319285  -1.234994
  0.656380   3.092932   0.688941
  0.655134   3.004379   0.740426
  0.299377   5.142437   0.308451
  0.381742   5.516661  -0.575531
  0.658424   3.133618   0.588930
  0.659049   3.166968   0.203455
  0.064113   3.288792   0.115422
  0.654246   2.865233   0.721791
  0.659559   1.594858   0.035256
  0.027379   1.022346   0.037780
  0.521629   4.921781  -2.724221
  0.137163   3.807312   0.230936
  0.194045   4.242327   0.366615
  0.642851   2.341551   0.312018
  0.341184   5.391362  -0.042958
  0.573925   3.054219  -1.883224
  0.539907   2.791699  -1.618720
  0.653047   2.253653   0.515661
  0.615994   2.112826  -0.685385
  0.598185   2.269477  -1.154353
  0.485555   4.406848  -1.831309
  0.563725   2.400186  -1.446015
  0.229995   4.528760   0.390423
  0.107316   3.582100   0.148240
  0.663022   3.129172   0.449971
  0.630278   2.144643  -0.238675
  0.664314   2.607698   0.242778
  0.664870   2.655558   0.060459
  0.038113   2.572320   0.077068
  0.080185   2.822943   0.084851
  0.449737   4.954189  -1.406972
  0.408921   5.283050  -0.858718
  0.285155   4.129824   0.256395
  0.177606   4.113442   0.264443
  0.663616   3.043145   0.698936
  0.653022   3.027151   0.603000
  0.662255   2.947643   0.703032
  0.642371   2.304761   0.109978
  0.325123   5.188152   0.079075
  0.368381   5.329124  -0.316354
  0.268871   4.004566   0.290846
  0.125144   3.712349   0.133345
  0.667365   3.100329   0.525391
  0.553014   3.147140  -1.717569
  0.660848   2.809319   0.633960
  0.214771   4.388248   0.299582
  0.610628   2.303867  -0.871558
  0.469278   4.609097  -1.472012
  0.669453   3.592556   0.734974
  0.653470   2.523231   0.350981
  0.627101   2.228694  -0.457548
  0.590537   2.547819  -1.279033
  0.507555   4.044024  -1.725020
  0.640888   2.310238  -0.094540
  0.252444   5.454499   0.324261
  0.159008   4.626781   0.175934
  0.434697   4.991720  -1.042905
  0.670527   3.002886   0.684148
  0.394496   5.199088  -0.560029
  0.309934   5.833210   0.173222
  0.567804   2.967040  -1.516928
  0.541416   3.440736  -1.676326
  0.674167   2.562135   0.482059
  0.668923   2.904340   0.641391
  0.143002   3.194016   0.086142
  0.675291   1.049687   0.041388
  0.027731   1.028042   0.022103
  0.676091   1.072176   0.028975
  0.043290   1.558530   0.035414
  0.653151   2.479166   0.184131
  0.676169   2.117861   0.068486
  0.059381   1.622075   0.037534
  0.675094   3.051068   0.661252
  0.200429   4.269945   0.194011
  0.357038   5.162571  -0.157443
  0.677074   1.553258   0.125658
  0.076054   1.680513   0.032786
  0.666995   3.226445   0.599439
  0.622855   2.359093  -0.644518
  0.604368   2.517473  -1.010029
  0.492294   4.273829  -1.463414
  0.236421   4.528326   0.229296
  0.678682   2.065845   0.243068
  0.093397   2.321517   0.058478
  0.638396   2.355127  -0.288283
  0.557231   3.223707  -1.490008
  0.582943   2.811692  -1.300652
  0.527347   3.719799  -1.578815
  0.459177   4.709893  -1.157065
  0.420169   4.995945  -0.746916
  0.664818   2.672246   0.381429
  0.680760   1.539519   0.234007
  0.111275   1.811927   0.039013
  0.679153   3.029143   0.666730
  0.184160   4.150897   0.112760
  0.652005   2.465771   0.010430
  0.382634   5.087464  -0.341312
  0.678392   2.976305   0.646908
  0.683283   1.532167   0.271992
  0.129847   1.882559   0.035145
  0.675321   2.877778   0.560000
  0.220103   4.416944   0.137929
  0.477837   4.425549  -1.189607
  0.664568   2.630897   0.234692
  0.290175   5.629469   0.210092
  0.572873   3.055972  -1.304916
  0.545841   3.486187  -1.431911
  0.634950   2.434235  -0.461072
  0.597331   2.734547  -1.087572
  0.513639   3.963503  -1.387477
  0.686157   1.528144   0.297147
  0.149130   1.943903   0.035904
  0.350632   5.029645  -0.045475
  0.444349   4.767040  -0.876389
  0.258611   3.853814   0.128131
  0.650000   2.483276  -0.160094
  0.685893   2.510186   0.543579
  0.619282   2.533430  -0.782390
  0.408184   4.955153  -0.503740
  0.675275   2.326372   0.331984
  0.689297   1.524150   0.319712
  0.169175   2.024219   0.038910
  0.683838   2.958817   0.587346
  0.314163   4.071476   0.077762
  0.663641   2.608784   0.086686
  0.562465   3.283934  -1.286237
  0.588310   2.939732  -1.120902
  0.533062   3.719893  -1.309094
  0.681243   2.870996   0.452075
  0.630652   2.550864  -0.607630
  0.242107   3.775352   0.085360
  0.692569   1.517910   0.327974
  0.189930   1.395271   0.021182
  0.375554   4.981326  -0.192746
  0.336647   4.934334   0.012097
  0.647156   2.529669  -0.317774
  0.467681   4.517457  -0.946058
  0.611644   2.704475  -0.886258
  0.502482   4.138591  -1.174197
  0.676545   2.760955   0.278548
  0.432635   4.781774  -0.635628
  0.282020   5.516801   0.122523
  0.661977   2.608399  -0.063580
  0.695876   1.512313   0.324407
  0.211456   2.873409   0.055106
  0.396494   4.898281  -0.320079
  0.578929   3.134382  -1.132893
  0.551377   3.500991  -1.216998
  0.690058   2.951549   0.509679
  0.305578   4.814132   0.068387
  0.675783   2.739887   0.144724
  0.603368   2.870475  -0.945647
  0.523280   3.890357  -1.142082
  0.643540   2.601484  -0.454842
  0.362014   4.907393  -0.096642
  0.454788   4.583990  -0.724510
  0.699065   2.001464   0.414197
  0.233723   2.241667   0.035824
  0.659576   2.630454  -0.206816
  0.420418   4.773398  -0.436245
  0.625769   2.699960  -0.710924
  0.492357   4.267934  -0.951471
  0.568703   3.326738  -1.105612
  0.329453   4.859236   0.019877
  0.689091   3.372761   0.376966
  0.674362   2.728587   0.009718
  0.594899   3.035917  -0.974433
  0.542023   3.679199  -1.092853
  0.386294   4.849029  -0.190297
  0.702068   1.495026   0.276884
  0.256710   3.079104   0.048048
  0.695844   2.960147   0.408009
  0.639255   2.699939  -0.562345
  0.477497   4.377211  -0.763174
  0.353149   4.858487  -0.036935
  0.656476   2.673439  -0.335537
  0.618244   2.839235  -0.786405
  0.513506   4.031433  -0.944491
  0.688414   2.856323   0.196630
  0.443933   4.614117  -0.524226
  0.585309   3.198660  -0.980043
  0.558583   3.496775  -1.029004
  0.672281   2.733520  -0.121405
  0.410216   4.756645  -0.278109
  0.704729   1.493375   0.236083
  0.280257   1.567733   0.016239
  0.687166   2.843547   0.066882
  0.634478   2.809743  -0.639513
  0.652753   2.734552  -0.443436
  0.610359   2.985655  -0.823472
  0.533977   3.814102  -0.923625
  0.376146   4.818352  -0.095745
  0.466629   4.447537  -0.580062
  0.697621   2.459788   0.179831
  0.575905   3.358910  -0.944626
  0.669565   2.754422  -0.242506
  0.346120   4.024473  -0.007189
  0.498269   4.175802  -0.758475
  0.706933   0.997597   0.128943
  0.304217   2.385166   0.020451
  0.432754   4.629508  -0.353034
  0.685321   2.837382  -0.054999
  0.600884   3.131853  -0.847643
  0.552844   3.622568  -0.901584
  0.399706   4.743967  -0.154760
  0.366805   4.803920  -0.034433
  0.648514   2.806949  -0.525844
  0.483511   4.276830  -0.598111
  0.589366   2.713552  -0.720993
  0.569433   2.895246  -0.736110
  0.666266   2.790055  -0.347854
  0.708636   1.981019   0.196790
  0.328463   3.212844   0.010392
  0.700389   2.945022   0.115612
  0.456337   4.487577  -0.410329
  0.682886   2.841876  -0.170245
  0.423068   4.640539  -0.212489
  0.630260   3.438892  -0.782225
  0.523983   4.601663  -0.844921
  0.698729   2.939313  -0.000211
  0.643873   2.401882  -0.485665
  0.473709   4.338584  -0.442554
  0.662466   2.838274  -0.433284
  0.390523   4.746699  -0.062990
  0.709780   1.490689   0.081775
  0.352768   2.404286  -0.005750
  0.584037   3.360239  -0.807749
  0.679902   2.857189  -0.273177
  0.504218   4.117907  -0.579478
  0.445835   4.517425  -0.260357
  0.696503   2.935329  -0.112743
  0.618300   3.608469  -0.821700
  0.550452   4.332752  -0.831501
  0.413233   4.659347  -0.093383
  0.572182   4.096387  -0.867498
  0.601821   3.777551  -0.860752
  0.710300   1.491428   0.025866
  0.376972   2.383478  -0.013661
  0.494880   3.500259  -0.389975
  0.658258   2.893216  -0.507051
  0.676434   2.882452  -0.359182
  0.465576   4.383930  -0.297772
  0.524337   3.302668  -0.460611
  0.693746   2.937491  -0.214894
  0.436584   4.549810  -0.124277
  0.646694   2.958210  -0.559637
  0.710233   1.489458  -0.031111
  0.400887   2.348395  -0.021830
  0.486813   4.234273  -0.330288
  0.593043   3.368100  -0.676823
  0.672573   2.915622  -0.433609
  0.541109   3.821824  -0.555444
  0.690515   2.945851  -0.302716
  0.456927   4.424776  -0.150607
  0.617870   2.652309  -0.535488
  0.569464   2.984329  -0.517763
  0.510204   4.750274  -0.477977
  0.639988   3.038487  -0.598033
  0.661701   2.961277  -0.493243
  0.709610   1.489301  -0.083756
  0.424354   2.298656  -0.030733
  0.609860   3.264634  -0.617346
  0.585804   3.461715  -0.600577
  0.686885   2.959447  -0.373434
  0.478444   4.287650  -0.175266
  0.632205   3.117636  -0.590192
  0.560408   3.671021  -0.538162
  0.534478   3.892590  -0.415127
  0.655335   3.016935  -0.529217
  0.708492   1.490830  -0.129808
  0.447259   2.239045  -0.039177
  0.499321   4.810491  -0.230210
  0.682937   3.482085  -0.505540
  0.602844   3.355845  -0.561558
  0.626205   3.194835  -0.562429
  0.578441   3.549458  -0.512907
  0.648850   3.076858  -0.533675
  0.553443   3.747950  -0.415393
  0.527685   3.956945  -0.276260
  0.670533   3.007617  -0.475633
  0.706957   1.493968  -0.167753
  0.469496   2.172590  -0.046402
  0.619493   3.268438  -0.521453
  0.595949   3.435384  -0.489045
  0.642173   3.136013  -0.517862
  0.571747   3.622408  -0.413982
  0.546765   3.805578  -0.297894
  0.664245   3.046933  -0.490638
  0.521574   3.324928  -0.111343
  0.685693   2.514143  -0.372685
  0.612988   3.338288  -0.463084
  0.705094   1.498529  -0.196785
  0.491029   2.102595  -0.052437
  0.635491   3.195968  -0.486288
  0.589195   3.505355  -0.405260
  0.565154   3.683325  -0.308667
  0.657789   3.091868  -0.482761
  0.540761   3.861688  -0.161566
  0.682177   3.030569  -0.459189
  0.606357   3.401617  -0.392150
  0.629163   3.255370  -0.438376
  0.651378   3.138213  -0.457571
  0.702998   1.505751  -0.216148
  0.511855   2.024939  -0.048606
  0.583053   3.565570  -0.310767
  0.559268   3.732240  -0.183463
  0.673256   3.057459  -0.456260
  0.623381   3.311377  -0.377534
  0.645246   3.186056  -0.417874
  0.600373   3.458211  -0.310480
  0.577271   3.617474  -0.206842
  0.666999   3.091407  -0.437393
  0.700797   1.513371  -0.222031
  0.532010   1.964138  -0.045618
  0.617208   3.361605  -0.306565
  0.639238   3.232683  -0.364966
  0.660798   3.127777  -0.402426
  0.594703   3.505875  -0.219435
  0.571728   3.654357  -0.098807
  0.682394   3.055710  -0.424420
  0.698560   2.027020  -0.294859
  0.551455   2.514991  -0.060314
  0.654712   3.164670  -0.356520
  0.611658   3.408021  -0.227059
  0.633951   3.276992  -0.301501
  0.676287   3.076682  -0.392475
  0.589261   3.542086  -0.116908
  0.696361   1.014840  -0.140075
  0.570340   1.224812  -0.019537
  0.628170   3.316851  -0.229846
  0.649285   3.200880  -0.299145
  0.606310   3.443317  -0.130877
  0.671597   3.100421  -0.350221
  0.664905   3.132451  -0.301064
  0.694316   1.526185  -0.197314
  0.588570   1.786356  -0.031572
  0.623073   3.355038  -0.149827
  0.644646   3.236073  -0.233175
  0.639231   3.267105  -0.160948
  0.659739   3.162406  -0.238030
  0.680191   2.563618  -0.254012
  0.618353   2.817352  -0.059905
  0.692472   2.041974  -0.228516
  0.606245   2.302625  -0.043096
  0.674776   3.091681  -0.252525
  0.634534   3.304139  -0.080034
  0.655417   3.190313  -0.172081
  0.690874   1.530972  -0.142317
  0.623478   1.679211  -0.022402
  0.669944   3.625686  -0.209853
  0.650336   3.221049  -0.090693
  0.689604   1.535685  -0.110058
  0.640205   1.634829  -0.024881
  0.666216   3.663473  -0.111834
  0.677909   2.568116  -0.092777
  0.688673   1.536023  -0.070630
  0.656505   1.593629  -0.026780
  0.677111   2.568382  -0.044880
  0.688123   1.531390  -0.036291
  0.672414   1.553247  -0.023400
  0.687981   1.025118  -0.011673
