1537 1485 1501 1559 1514 1495 1527 1551
1485 1429 1436 1501 1455 1433 1470 1495
1429 1375 1381 1436 1401 1378 1409 1433
1375 1319 1323 1381 1339 1320 1344 1378
1319 1267 1268 1323 1288 1266 1289 1320
1267 1221 1214 1268 1240 1218 1238 1266
1221 1177 1167 1214 1198 1169 1193 1218
1177 1133 1120 1167 1146 1127 1142 1169
1133 1098 1071 1120 1112 1081 1105 1127
1098 1051 1027 1071 1070 1039 1049 1081
1051 1013 976 1027 1032 993 1005 1039
1013 969 931 976 991 951 954 993
969 939 885 931 956 913 912 951
939 905 842 885 920 874 862 913
905 872 807 842 891 840 827 874
872 848 771 807 858 812 785 840
848 826 740 771 833 781 753 812
826 810 712 740 819 758 727 781
810 793 704 712 800 749 707 758
793 788 739 704 791 763 715 749
788 790 723 739 787 756 733 763
790 799 721 723 792 757 722 756
1579 1559 1501 1519 1571 1527 1509 1552
721 657 671 723 690 664 695 722
1615 1579 1519 1544 1594 1552 1530 1573
657 595 608 671 626 603 639 664
1643 1615 1544 1567 1630 1573 1556 1609
595 537 545 608 570 541 577 603
1680 1643 1567 1603 1660 1609 1581 1640
537 473 482 545 502 478 510 541
1718 1680 1603 1635 1698 1640 1623 1677
473 413 422 482 448 417 451 478
1767 1718 1635 1676 1749 1677 1654 1720
413 365 368 422 390 366 397 417
1820 1767 1676 1717 1792 1720 1695 1773
365 309 315 368 336 312 340 366
1879 1820 1717 1769 1844 1773 1750 1826
309 267 270 315 288 268 291 312
1940 1879 1769 1825 1905 1826 1794 1884
267 232 231 270 251 230 250 268
232 205 199 231 217 200 215 230
2019 1940 1825 1885 1977 1884 1848 1946
2932 2829 2749 2772 2881 2787 2758 2859
2106 2019 1885 1945 2060 1946 1908 2023
2829 2713 2644 2749 2770 2678 2697 2787
2644 2593 2772 2749 2623 2690 2758 2697
2209 2106 1945 2010 2149 2023 1974 2101
2713 2601 2484 2644 2658 2547 2566 2678
2593 2644 2484 2386 2623 2566 2436 2491
2338 2209 2010 2080 2268 2101 2044 2188
2601 2474 2292 2484 2543 2381 2391 2547
2386 2484 2292 2168 2436 2391 2223 2269
2474 2338 2080 2292 2405 2188 2174 2381
2168 2292 2080 2003 2223 2174 2039 2081
1 5 12 7 2 8 9 4
1859 2003 2080 1878 1930 2039 1972 1870
5 21 24 12 14 19 17 8
1740 1859 1878 1733 1798 1870 1805 1734
21 36 41 24 28 34 31 19
1598 1740 1733 1585 1663 1734 1658 1589
36 64 63 41 47 56 50 34
1476 1598 1585 1469 1534 1589 1529 1474
64 95 84 63 77 90 72 56
1359 1476 1469 1351 1416 1474 1412 1354
95 120 110 84 104 115 99 90
1257 1359 1351 1252 1306 1354 1295 1254
120 149 142 110 130 144 126 115
1172 1257 1252 1159 1210 1254 1206 1164
149 179 174 142 162 176 159 144
1091 1172 1159 1077 1131 1164 1121 1082
179 203 214 174 190 207 195 176
999 1091 1077 983 1044 1082 1033 987
203 233 247 214 218 240 227 207
896 999 983 879 948 987 935 886
233 272 287 247 253 278 266 240
765 896 879 745 834 886 818 752
272 321 333 287 296 325 306 278
646 765 745 634 699 752 682 640
321 393 387 333 354 389 358 325
556 646 634 542 598 640 587 548
393 461 457 387 425 459 420 389
461 556 542 457 504 548 498 459
205 181 172 199 192 175 187 200
23 7 12 24 16 9 17 20
181 151 143 172 164 145 157 175
38 23 24 41 30 20 31 35
151 122 113 143 132 117 127 145
66 38 41 67 49 35 51 59
122 97 87 113 106 91 101 117
97 66 67 87 79 59 74 91
739 723 671 704 733 695 688 715
1519 1501 1436 1452 1509 1470 1445 1487
1544 1519 1452 1475 1530 1487 1462 1507
1567 1544 1475 1499 1556 1507 1488 1533
1436 1381 1392 1452 1409 1386 1422 1445
1381 1323 1327 1392 1344 1325 1357 1386
1323 1268 1273 1327 1289 1271 1297 1325
1268 1214 1212 1273 1238 1213 1239 1271
1214 1167 1157 1212 1193 1161 1190 1213
1167 1120 1110 1157 1142 1113 1135 1161
1120 1071 1050 1110 1105 1059 1080 1113
1071 1027 992 1050 1049 1011 1024 1059
1027 976 937 992 1005 958 963 1011
976 931 878 937 954 904 909 958
931 885 822 878 912 854 849 904
885 842 764 822 862 806 789 854
671 608 625 704 639 615 663 688
712 704 625 643 707 663 637 677
1603 1567 1499 1524 1581 1533 1515 1561
1635 1603 1524 1555 1623 1561 1541 1590
842 807 719 764 827 759 742 806
807 771 692 719 785 724 706 759
740 712 643 666 727 677 656 702
771 740 666 692 753 702 676 724
608 545 564 625 577 554 593 615
545 482 497 564 510 491 529 554
482 422 442 497 451 431 466 491
422 368 380 442 397 374 406 431
368 315 328 380 340 319 353 374
315 270 279 328 291 275 300 319
1676 1635 1555 1582 1654 1590 1568 1633
270 231 241 279 250 236 257 275
231 199 210 241 215 201 222 236
67 41 63 71 51 50 69 70
87 67 71 88 74 70 80 83
113 87 88 108 101 83 98 109
143 113 108 139 127 109 125 140
199 172 171 210 187 168 188 201
172 143 139 171 157 140 156 168
1717 1676 1582 1626 1695 1633 1605 1671
1769 1717 1626 1657 1750 1671 1639 1710
1825 1769 1657 1699 1794 1710 1679 1759
1885 1825 1699 1755 1848 1759 1729 1815
1945 1885 1755 1812 1908 1815 1784 1881
2010 1945 1812 1851 1974 1881 1833 1925
2080 2010 1851 1878 2044 1925 1856 1972
1733 1878 1851 1719 1805 1856 1786 1724
1585 1733 1719 1591 1658 1724 1656 1588
63 84 88 71 72 81 80 69
88 84 110 108 81 99 107 98
108 110 142 139 107 126 138 125
139 142 174 171 138 159 170 156
171 174 214 210 170 195 211 188
1469 1585 1591 1466 1529 1588 1531 1465
1351 1469 1466 1342 1412 1465 1405 1346
1252 1351 1342 1245 1295 1346 1291 1248
1159 1252 1245 1148 1206 1248 1201 1153
1077 1159 1148 1068 1121 1153 1115 1072
983 1077 1068 973 1033 1072 1026 979
879 983 973 865 935 979 925 869
745 879 865 732 818 869 803 736
634 745 732 622 682 736 674 627
542 634 622 530 587 627 578 535
457 542 530 449 498 535 488 452
387 457 449 382 420 452 410 384
333 387 382 344 358 384 362 338
287 333 344 316 306 338 324 298
247 287 316 281 266 298 295 261
214 247 281 249 227 261 262 229
1452 1392 1407 1475 1422 1399 1439 1462
1392 1327 1338 1407 1357 1334 1377 1399
1327 1273 1280 1338 1297 1277 1311 1334
1499 1475 1407 1430 1488 1439 1419 1460
1524 1499 1430 1451 1515 1460 1441 1492
1555 1524 1451 1481 1541 1492 1464 1516
1273 1212 1220 1280 1239 1216 1249 1277
1212 1157 1150 1220 1190 1152 1188 1216
1157 1110 1102 1150 1135 1107 1126 1152
1110 1050 1031 1102 1080 1041 1060 1107
1050 992 961 1031 1024 977 994 1041
992 937 892 961 963 915 926 977
937 878 814 892 909 844 851 915
625 564 583 643 593 571 611 637
666 643 583 604 656 611 592 635
692 666 604 629 676 635 614 658
719 692 629 653 706 658 641 686
764 719 653 681 742 686 667 716
878 822 731 814 849 776 772 844
822 764 681 731 789 716 705 776
1582 1555 1481 1506 1568 1516 1496 1547
214 249 238 210 229 243 221 211
1851 1812 1712 1719 1833 1765 1714 1786
1626 1582 1506 1528 1605 1547 1517 1572
1812 1755 1621 1712 1784 1687 1668 1765
1755 1699 1574 1621 1729 1638 1595 1687
1657 1626 1528 1553 1639 1572 1539 1606
1699 1657 1553 1574 1679 1606 1563 1638
1591 1719 1712 1621 1656 1714 1668 1610
1466 1591 1621 1471 1531 1610 1543 1467
564 497 517 583 529 506 552 571
497 442 460 517 466 450 493 506
442 380 409 460 406 400 440 450
380 328 364 409 353 345 386 400
328 279 301 364 300 293 332 345
1342 1466 1471 1343 1405 1467 1408 1341
249 281 342 292 262 305 313 269
281 316 367 342 295 339 349 305
316 344 382 367 324 362 372 339
279 241 259 301 257 252 283 293
241 210 238 259 222 221 248 252
238 249 292 259 243 269 277 248
1245 1342 1343 1247 1291 1341 1292 1244
1148 1245 1247 1151 1201 1244 1203 1147
1068 1148 1151 1066 1115 1147 1116 1065
973 1068 1066 970 1026 1065 1025 971
865 973 970 866 925 971 924 864
732 865 866 729 803 864 802 728
622 732 729 619 674 728 672 620
530 622 619 523 578 620 573 525
449 530 523 437 488 525 479 443
382 449 437 367 410 443 402 372
1430 1407 1338 1358 1419 1377 1348 1395
1451 1430 1358 1385 1441 1395 1374 1420
604 583 517 549 592 552 534 579
629 604 549 574 614 579 563 600
653 629 574 588 641 600 581 617
681 653 588 609 667 617 596 642
731 681 609 649 705 642 628 689
1481 1451 1385 1413 1464 1420 1396 1442
1338 1280 1290 1358 1311 1284 1326 1348
1280 1220 1227 1290 1249 1224 1262 1284
1220 1150 1160 1227 1188 1155 1197 1224
1150 1102 1085 1160 1126 1093 1125 1155
1102 1031 1010 1085 1060 1021 1048 1093
1506 1481 1413 1435 1496 1442 1425 1472
1528 1506 1435 1443 1517 1472 1438 1490
1553 1528 1443 1450 1539 1490 1448 1504
1031 961 927 1010 994 943 965 1021
961 892 836 927 926 860 884 943
814 731 649 725 772 689 687 768
892 814 725 836 851 768 779 860
367 437 429 342 402 433 381 349
301 259 292 343 283 277 314 320
1574 1553 1450 1459 1563 1504 1453 1520
1621 1574 1459 1471 1595 1520 1461 1543
517 460 499 549 493 481 522 534
460 409 458 499 440 434 480 481
409 364 414 458 386 388 439 434
364 301 343 414 332 320 376 388
437 523 528 429 479 524 475 433
523 619 632 528 573 623 580 524
619 729 748 632 672 737 683 623
729 866 876 748 802 868 820 737
866 970 981 876 924 974 930 868
970 1066 1074 981 1025 1069 1030 974
1066 1151 1162 1074 1116 1156 1119 1069
1343 1471 1459 1350 1408 1461 1404 1345
1151 1247 1253 1162 1203 1251 1207 1156
1247 1343 1350 1253 1292 1345 1300 1251
292 342 370 343 313 351 352 314
574 549 499 531 563 522 511 553
1385 1358 1290 1321 1374 1326 1305 1349
1413 1385 1321 1353 1396 1349 1335 1384
588 574 531 521 581 553 526 559
609 588 521 516 596 559 518 568
1435 1413 1353 1387 1425 1384 1371 1414
649 609 516 555 628 568 536 597
725 649 555 662 687 597 606 693
836 725 662 780 779 693 710 811
1290 1227 1256 1321 1262 1242 1285 1305
1459 1450 1355 1350 1453 1403 1352 1404
1450 1443 1376 1355 1448 1410 1368 1403
1443 1435 1387 1376 1438 1414 1382 1410
1227 1160 1186 1256 1197 1174 1222 1242
499 458 521 531 480 492 526 511
521 458 414 516 492 439 464 518
343 370 436 414 352 403 424 376
370 342 429 436 351 381 432 403
927 836 780 899 884 811 843 914
1253 1350 1355 1275 1300 1352 1318 1263
1010 927 899 989 965 914 946 1004
1160 1085 1083 1186 1125 1084 1136 1174
1085 1010 989 1083 1048 1004 1040 1084
1162 1253 1275 1186 1207 1263 1226 1176
1162 1186 1083 1074 1176 1136 1078 1119
1074 1083 989 981 1078 1040 985 1030
981 989 899 876 985 946 887 930
876 899 780 748 887 843 761 820
632 748 780 662 683 761 710 644
516 414 436 555 464 424 494 536
632 662 555 528 644 606 540 580
528 555 436 429 540 494 432 475
1353 1321 1256 1315 1335 1285 1282 1330
1256 1186 1275 1315 1222 1226 1287 1282
1275 1355 1376 1315 1318 1368 1337 1287
1353 1315 1376 1387 1330 1337 1382 1371
1480 1538 1558 1494 1510 1550 1521 1484
1418 1480 1494 1426 1446 1484 1457 1421
1363 1418 1426 1362 1389 1421 1393 1361
1309 1363 1362 1301 1333 1361 1328 1303
1260 1309 1301 1250 1283 1303 1278 1255
1219 1260 1250 1204 1235 1255 1225 1208
1181 1219 1204 1149 1199 1208 1183 1166
1140 1181 1149 1117 1154 1166 1138 1129
1109 1140 1117 1075 1122 1129 1103 1094
1067 1109 1075 1036 1087 1094 1055 1053
1035 1067 1036 995 1052 1053 1018 1017
1006 1035 995 959 1020 1017 978 982
964 1006 959 922 984 982 941 945
938 964 922 890 952 945 907 916
911 938 890 855 923 916 870 882
881 911 855 823 893 882 838 852
856 881 823 784 867 852 805 825
799 817 735 721 809 774 726 757
817 832 754 735 824 794 747 774
832 856 784 754 841 825 773 794
1558 1578 1508 1494 1569 1546 1502 1521
657 721 735 668 690 726 697 661
1578 1614 1526 1508 1592 1566 1518 1546
595 657 668 605 626 661 636 601
1614 1642 1554 1526 1629 1593 1540 1566
537 595 605 543 570 601 575 539
1642 1678 1576 1554 1659 1632 1565 1593
473 537 543 476 502 539 507 474
1678 1716 1618 1576 1696 1670 1600 1632
413 473 476 411 448 474 447 412
1716 1766 1655 1618 1747 1708 1634 1670
365 413 411 356 390 412 385 359
1766 1818 1704 1655 1790 1760 1682 1708
309 365 356 302 336 359 331 303
1818 1876 1768 1704 1843 1824 1745 1760
267 309 302 258 288 303 282 263
1876 1939 1834 1768 1904 1890 1803 1824
232 267 258 224 251 263 242 228
205 232 224 196 217 228 212 198
1939 2016 1900 1834 1975 1956 1863 1890
2016 2103 1962 1900 2057 2034 1926 1956
2711 2828 2740 2606 2769 2782 2672 2661
2103 2207 2045 1962 2147 2123 1997 2034
2599 2711 2606 2545 2656 2661 2574 2571
2207 2337 2225 2045 2267 2279 2127 2123
2472 2599 2545 2409 2542 2571 2476 2440
2337 2472 2409 2225 2404 2440 2319 2279
6 1 7 13 3 4 11 10
2594 2387 2398 2606 2492 2392 2503 2600
22 6 13 27 15 10 18 25
2387 2169 2184 2398 2270 2179 2289 2392
37 22 27 42 29 25 32 39
2169 2004 2017 2184 2082 2007 2097 2179
65 37 42 60 48 39 53 55
2004 1860 1866 2017 1931 1858 1936 2007
96 65 60 92 78 55 76 94
1860 1741 1739 1866 1799 1737 1800 1858
121 96 92 123 105 94 103 119
1741 1599 1602 1739 1664 1601 1665 1737
150 121 123 152 131 119 133 148
1599 1477 1482 1602 1535 1479 1536 1601
180 150 152 182 163 148 165 178
1477 1360 1369 1482 1417 1365 1423 1479
204 180 182 206 191 178 193 202
1360 1258 1264 1369 1307 1259 1316 1365
234 204 206 237 219 202 220 235
1258 1173 1175 1264 1211 1171 1217 1259
273 234 237 276 254 235 256 274
1173 1092 1086 1175 1132 1088 1130 1171
322 273 276 326 297 274 299 323
1092 1000 997 1086 1045 996 1042 1088
394 322 326 396 355 323 360 395
1000 897 898 997 949 895 947 996
462 394 396 469 426 395 430 465
897 766 769 898 835 767 837 895
557 462 469 560 505 465 508 558
766 647 650 769 700 648 703 767
647 557 560 650 599 558 602 648
181 205 196 167 192 198 184 173
7 23 27 13 16 26 18 11
151 181 167 141 164 173 155 146
23 38 43 27 30 40 33 26
38 66 58 43 49 57 52 40
122 151 141 114 132 146 128 118
97 122 114 89 106 118 102 93
66 97 89 58 79 93 73 57
735 754 685 668 747 714 675 697
1494 1508 1434 1426 1502 1473 1431 1457
1362 1426 1434 1366 1393 1431 1397 1364
1301 1362 1366 1296 1328 1364 1329 1298
1250 1301 1296 1237 1278 1298 1272 1243
1204 1250 1237 1189 1225 1243 1209 1195
1149 1204 1189 1139 1183 1195 1158 1145
1117 1149 1139 1095 1138 1145 1114 1108
605 668 685 621 636 675 654 612
754 784 708 685 773 750 696 714
784 823 751 708 805 786 734 750
823 855 795 751 838 830 777 786
855 890 828 795 870 857 815 830
890 922 861 828 907 894 847 857
922 959 910 861 941 934 888 894
543 605 621 561 575 612 590 551
1075 1117 1095 1043 1103 1108 1064 1057
1036 1075 1043 1001 1055 1057 1023 1019
959 995 953 910 978 972 932 934
995 1036 1001 953 1018 1019 975 972
476 543 561 489 507 551 520 484
411 476 489 419 447 484 454 415
356 411 419 363 385 415 391 357
1508 1526 1447 1434 1518 1491 1440 1473
1526 1554 1463 1447 1540 1511 1456 1491
1554 1576 1489 1463 1565 1532 1478 1511
1576 1618 1513 1489 1600 1560 1498 1532
2545 2606 2398 2409 2574 2503 2402 2476
2398 2184 2225 2409 2289 2203 2319 2402
2225 2184 2017 2045 2203 2097 2029 2127
2017 1866 1862 2045 1936 1861 1950 2029
1866 1739 1736 1862 1800 1735 1796 1861
302 356 363 311 331 357 337 304
27 43 46 42 33 45 44 32
258 302 311 271 282 304 290 265
43 58 68 46 52 62 54 45
1618 1655 1542 1513 1634 1596 1522 1560
1655 1704 1583 1542 1682 1645 1562 1596
1704 1768 1653 1583 1745 1707 1625 1645
60 42 46 68 53 44 54 61
224 258 271 225 242 265 246 223
196 224 225 189 212 223 209 194
1768 1834 1726 1653 1803 1783 1692 1707
58 89 85 68 73 82 75 62
60 68 85 92 61 75 86 76
89 114 112 85 102 111 100 82
114 141 136 112 128 137 124 111
167 196 189 161 184 194 177 166
141 167 161 136 155 166 153 137
1962 2045 1862 1832 1997 1950 1845 1899
1900 1962 1832 1785 1926 1899 1808 1840
1834 1900 1785 1726 1863 1840 1757 1783
1739 1602 1608 1736 1665 1604 1669 1735
1602 1482 1493 1608 1536 1486 1548 1604
1482 1369 1380 1493 1423 1373 1432 1486
1369 1264 1276 1380 1316 1270 1324 1373
1264 1175 1182 1276 1217 1179 1223 1270
1175 1086 1096 1182 1130 1089 1137 1179
1086 997 1008 1096 1042 1002 1047 1089
997 898 908 1008 947 902 957 1002
898 769 778 908 837 775 850 902
769 650 659 778 703 655 709 775
650 560 569 659 602 562 610 655
560 469 477 569 508 471 515 562
469 396 404 477 430 399 441 471
396 326 341 404 360 334 371 399
326 276 286 341 299 280 310 334
276 237 245 286 256 239 260 280
237 206 213 245 220 208 226 239
206 182 185 213 193 183 197 208
182 152 158 185 165 154 169 183
152 123 135 158 133 129 147 154
92 85 112 123 86 100 116 103
123 112 136 135 116 124 134 129
135 136 161 158 134 153 160 147
158 161 189 185 160 177 186 169
185 189 225 213 186 209 216 197
685 708 652 621 696 678 638 654
708 751 694 652 734 718 673 678
751 795 743 694 777 770 711 718
795 828 746 743 815 783 744 770
828 861 782 746 847 829 762 783
861 910 845 782 888 877 821 829
910 953 906 845 932 929 875 877
953 1001 960 906 975 980 933 929
1001 1043 1012 960 1023 1029 986 980
1043 1095 1061 1012 1064 1076 1038 1029
1366 1434 1447 1372 1397 1440 1411 1370
1296 1366 1372 1294 1329 1370 1332 1293
1237 1296 1294 1231 1272 1293 1265 1234
1189 1237 1231 1178 1209 1234 1205 1184
1095 1139 1118 1061 1114 1128 1097 1076
1139 1189 1178 1118 1158 1184 1144 1128
1447 1463 1383 1372 1456 1424 1379 1411
1463 1489 1394 1383 1478 1437 1388 1424
1489 1513 1406 1394 1498 1458 1400 1437
1862 1736 1711 1832 1796 1721 1780 1845
1785 1832 1711 1686 1808 1780 1697 1743
1736 1608 1613 1711 1669 1612 1662 1721
1608 1493 1512 1613 1548 1503 1557 1612
1513 1542 1427 1406 1522 1483 1415 1458
1542 1583 1468 1427 1562 1523 1444 1483
1493 1380 1402 1512 1432 1390 1454 1503
561 621 652 589 590 638 618 576
489 561 589 509 520 576 550 501
419 489 509 435 454 501 470 428
363 419 435 373 391 428 405 369
311 363 373 327 337 369 348 318
1380 1276 1286 1402 1324 1281 1340 1390
1276 1182 1187 1286 1223 1185 1233 1281
245 213 225 264 226 216 244 255
286 245 264 307 260 255 284 294
1182 1096 1104 1187 1137 1099 1141 1185
1096 1008 1016 1104 1047 1009 1056 1099
1008 908 928 1016 957 918 968 1009
908 778 816 928 850 797 873 918
778 659 680 816 709 670 741 797
659 569 582 680 610 572 630 670
569 477 496 582 515 486 538 572
477 404 421 496 441 408 456 486
404 341 361 421 371 347 392 408
341 286 307 361 310 294 335 347
1726 1785 1686 1628 1757 1743 1651 1675
1653 1726 1628 1545 1692 1675 1577 1597
1583 1653 1545 1468 1625 1597 1505 1523
271 311 327 308 290 318 317 289
225 271 308 264 246 289 285 244
652 694 645 589 673 669 616 618
694 743 746 645 711 744 691 669
1294 1372 1383 1302 1332 1379 1336 1299
1383 1394 1310 1302 1388 1347 1304 1336
1394 1406 1317 1310 1400 1356 1313 1347
1231 1294 1302 1228 1265 1299 1269 1229
1406 1427 1308 1317 1415 1367 1312 1356
1427 1468 1331 1308 1444 1398 1322 1367
1686 1711 1613 1617 1697 1662 1616 1647
1178 1231 1228 1168 1205 1229 1200 1170
1118 1178 1168 1106 1144 1170 1134 1111
1061 1118 1106 1034 1097 1111 1063 1046
1012 1061 1034 966 1038 1046 1007 988
960 1012 966 919 986 988 944 940
906 960 919 853 933 940 889 880
845 906 853 760 875 880 813 808
746 782 684 645 762 730 665 691
782 845 760 684 821 808 717 730
1628 1686 1617 1549 1651 1647 1575 1580
1617 1613 1512 1549 1616 1557 1525 1575
509 589 645 547 550 616 594 527
435 509 547 455 470 527 500 445
1468 1545 1449 1331 1505 1497 1391 1398
1545 1628 1549 1449 1577 1580 1500 1497
1549 1512 1402 1449 1525 1454 1428 1500
1449 1402 1286 1331 1428 1340 1314 1391
1286 1187 1196 1331 1233 1192 1261 1314
373 435 455 383 405 445 416 377
327 373 383 308 348 377 346 317
307 264 308 350 284 285 330 329
361 307 350 401 335 329 375 378
421 361 401 453 392 378 423 438
496 421 453 519 456 438 487 503
582 496 519 607 538 503 567 591
680 582 607 720 630 591 660 698
816 680 720 863 741 698 796 839
928 816 863 967 873 839 921 950
1016 928 967 1028 968 950 1003 1022
1104 1016 1028 1100 1056 1022 1058 1101
1228 1302 1310 1232 1269 1304 1274 1230
1168 1228 1232 1163 1200 1230 1202 1165
1106 1168 1163 1079 1134 1165 1123 1090
1034 1106 1079 990 1063 1090 1037 1014
966 1034 990 917 1007 1014 955 942
919 966 917 883 944 942 900 903
853 919 883 804 889 903 846 831
760 853 804 679 813 831 738 713
645 684 584 547 665 633 565 594
684 760 679 584 717 713 631 633
1028 967 1054 1100 1003 1015 1073 1058
1104 1100 1196 1187 1101 1143 1192 1141
967 863 936 1054 921 901 998 1015
1310 1317 1241 1232 1313 1279 1236 1274
1317 1308 1191 1241 1312 1246 1215 1279
1331 1196 1191 1308 1261 1194 1246 1322
350 308 383 407 330 346 398 379
1196 1100 1054 1191 1143 1073 1124 1194
1232 1241 1191 1163 1236 1215 1180 1202
1163 1191 1054 1079 1180 1124 1062 1123
401 350 407 444 375 379 427 418
383 455 483 407 416 467 446 398
453 401 444 495 423 418 468 472
519 453 495 544 487 472 514 533
607 519 544 624 567 533 586 613
455 547 584 483 500 565 532 467
863 720 798 936 796 755 871 901
1079 1054 936 990 1062 998 962 1037
720 607 624 798 660 613 701 755
990 936 798 917 962 871 859 955
407 483 490 444 446 485 463 427
495 444 490 546 468 463 512 513
584 546 490 483 566 512 485 532
804 883 917 798 846 900 859 801
804 798 624 679 801 701 651 738
544 495 546 624 514 513 585 586
546 584 679 624 566 631 651 585
2773 2594 2606 2740 2691 2600 2672 2753
2773 2740 2828 2931 2753 2782 2880 2860
1558 1538 1607 1631 1550 1570 1619 1587
1607 1673 1693 1631 1636 1683 1661 1619
2271 2258 2380 2390 2263 2321 2382 2333
1673 1744 1761 1693 1702 1753 1738 1683
2284 2271 2390 2397 2278 2333 2394 2339
1744 1804 1835 1761 1772 1816 1802 1753
2294 2284 2397 2419 2288 2339 2407 2352
1804 1854 1902 1835 1831 1888 1871 1816
2298 2294 2419 2425 2296 2352 2423 2358
2293 2298 2425 2421 2295 2358 2424 2353
1854 1916 1969 1902 1891 1942 1934 1888
2282 2293 2421 2438 2285 2353 2431 2362
1916 1970 2035 1969 1943 1996 1995 1942
2264 2282 2438 2426 2274 2362 2434 2343
1970 2024 2089 2035 1994 2056 2061 1996
2245 2264 2426 2399 2259 2343 2412 2325
2024 2073 2145 2089 2052 2109 2122 2056
2218 2245 2399 2363 2236 2325 2374 2291
2073 2118 2198 2145 2092 2158 2177 2109
2187 2218 2363 2314 2204 2291 2336 2247
2153 2187 2314 2260 2172 2247 2286 2201
2118 2153 2260 2198 2135 2201 2233 2158
1578 1558 1631 1649 1569 1587 1641 1620
2380 2505 2496 2390 2446 2498 2447 2382
1614 1578 1649 1681 1592 1620 1667 1644
2505 2630 2605 2496 2569 2617 2557 2498
1642 1614 1681 1727 1629 1644 1701 1685
2630 2745 2728 2605 2689 2735 2667 2617
1678 1642 1727 1781 1659 1685 1754 1732
2745 2862 2849 2728 2799 2855 2784 2735
1716 1678 1781 1817 1696 1732 1795 1771
2862 2982 2966 2849 2920 2976 2902 2855
1766 1716 1817 1857 1747 1771 1839 1813
2982 3088 3078 2966 3033 3085 3025 2976
1818 1766 1857 1915 1790 1813 1892 1867
3088 3180 3171 3078 3134 3176 3123 3085
1876 1818 1915 1976 1843 1867 1944 1922
3180 3269 3259 3171 3222 3268 3217 3176
1939 1876 1976 2054 1904 1922 2012 1993
3269 3350 3340 3259 3307 3344 3301 3268
3350 3420 3406 3340 3384 3412 3372 3344
2016 1939 2054 2143 1975 1993 2096 2079
2931 2828 2868 2937 2880 2850 2900 2933
2103 2016 2143 2272 2057 2079 2199 2181
2828 2711 2830 2868 2769 2771 2851 2850
2830 2949 2937 2868 2886 2943 2900 2851
2207 2103 2272 2455 2147 2181 2365 2330
2711 2599 2783 2830 2656 2695 2803 2771
2949 2830 2783 2960 2886 2803 2874 2956
2337 2207 2455 2682 2267 2330 2575 2525
2599 2472 2738 2783 2542 2614 2756 2695
2960 2783 2738 2978 2874 2756 2861 2967
2472 2337 2682 2738 2404 2525 2705 2614
2978 2738 2682 2997 2861 2705 2846 2990
3699 3694 3685 3691 3697 3692 3687 3696
3019 2997 2682 2798 3007 2846 2743 2911
3694 3683 3673 3685 3689 3678 3679 3692
3043 3019 2798 2877 3031 2911 2839 2965
3683 3669 3664 3673 3676 3666 3668 3678
3076 3043 2877 2926 3059 2965 2898 3006
3669 3656 3653 3664 3662 3654 3658 3666
3103 3076 2926 2975 3095 3006 2954 3039
3656 3643 3635 3653 3647 3638 3644 3654
3137 3103 2975 3014 3119 3039 2995 3084
3643 3629 3620 3635 3636 3624 3625 3638
3172 3137 3014 3056 3147 3084 3034 3116
3629 3617 3602 3620 3623 3611 3612 3624
3206 3172 3056 3099 3189 3116 3082 3148
3617 3601 3583 3602 3610 3591 3592 3611
3242 3206 3099 3141 3219 3148 3118 3194
3601 3586 3559 3583 3594 3575 3573 3591
3283 3242 3141 3186 3261 3194 3161 3231
3586 3564 3535 3559 3576 3550 3547 3575
3315 3283 3186 3227 3297 3231 3209 3274
3564 3541 3506 3535 3554 3522 3520 3550
3353 3315 3227 3272 3335 3274 3250 3311
3541 3513 3471 3506 3527 3495 3489 3522
3383 3353 3272 3312 3369 3311 3294 3354
3513 3483 3432 3471 3498 3459 3450 3495
3419 3383 3312 3356 3401 3354 3337 3386
3483 3452 3392 3432 3468 3425 3413 3459
3452 3419 3356 3392 3436 3386 3375 3425
3420 3484 3470 3406 3454 3476 3437 3412
3672 3691 3685 3673 3681 3687 3679 3671
3484 3537 3528 3470 3511 3533 3500 3476
3649 3672 3673 3651 3660 3671 3661 3650
3537 3581 3572 3528 3558 3578 3552 3533
3628 3649 3651 3632 3640 3650 3641 3631
3581 3607 3605 3572 3596 3606 3590 3578
3607 3628 3632 3605 3621 3631 3619 3606
2397 2390 2496 2483 2394 2447 2489 2441
1649 1631 1693 1713 1641 1661 1703 1689
1681 1649 1713 1742 1667 1689 1728 1706
2496 2605 2559 2483 2557 2581 2523 2489
2419 2397 2483 2559 2407 2441 2523 2487
2425 2419 2559 2548 2423 2487 2552 2485
1727 1681 1742 1807 1701 1706 1776 1764
1693 1761 1789 1713 1738 1782 1756 1703
1761 1835 1872 1789 1802 1849 1830 1782
1835 1902 1964 1872 1871 1932 1914 1849
1902 1969 2043 1964 1934 2005 1999 1932
1969 2035 2111 2043 1995 2071 2077 2005
2035 2089 2178 2111 2061 2132 2140 2071
2089 2145 2248 2178 2122 2193 2212 2132
2145 2198 2326 2248 2177 2261 2287 2193
2198 2260 2395 2326 2233 2329 2361 2261
2260 2314 2457 2395 2286 2385 2427 2329
2314 2363 2508 2457 2336 2437 2481 2385
2363 2399 2555 2508 2374 2477 2530 2437
2399 2426 2584 2555 2412 2504 2567 2477
2426 2438 2602 2584 2434 2526 2590 2504
2438 2421 2529 2602 2431 2473 2564 2526
2421 2425 2548 2529 2424 2485 2537 2473
1781 1727 1807 1883 1754 1764 1841 1829
1742 1713 1789 1807 1728 1756 1797 1776
1817 1781 1883 1911 1795 1829 1898 1865
1857 1817 1911 1960 1839 1865 1933 1907
1915 1857 1960 2020 1892 1907 1986 1965
3673 3664 3653 3651 3668 3658 3652 3661
3632 3651 3653 3635 3641 3652 3644 3633
3632 3635 3620 3605 3633 3625 3614 3619
2605 2728 2696 2559 2667 2707 2631 2581
2728 2849 2825 2696 2784 2835 2759 2707
2849 2966 2955 2825 2902 2959 2887 2835
2966 3078 3067 2955 3025 3069 3009 2959
3078 3171 3162 3067 3123 3167 3115 3069
3171 3259 3251 3162 3217 3256 3211 3167
3259 3340 3325 3251 3301 3331 3290 3256
3340 3406 3381 3325 3372 3394 3358 3331
1976 1915 2020 2085 1944 1965 2053 2031
3406 3470 3447 3381 3437 3460 3415 3394
3470 3528 3519 3447 3500 3523 3486 3460
3528 3572 3561 3519 3552 3565 3543 3523
2682 2455 2613 2798 2575 2536 2706 2743
2455 2272 2444 2613 2365 2360 2532 2536
2272 2143 2300 2444 2199 2216 2368 2360
2054 1976 2085 2173 2012 2031 2126 2113
2143 2054 2173 2300 2096 2113 2231 2216
2877 2798 2613 2709 2839 2706 2662 2794
3572 3605 3584 3561 3590 3597 3574 3565
3605 3620 3602 3584 3614 3612 3593 3597
3602 3583 3557 3584 3592 3570 3571 3593
3561 3584 3557 3519 3574 3571 3539 3543
3559 3535 3503 3531 3547 3518 3515 3545
3535 3506 3466 3503 3520 3487 3485 3518
3583 3559 3531 3557 3573 3545 3544 3570
3506 3471 3423 3466 3489 3444 3442 3487
3471 3432 3374 3423 3450 3405 3398 3444
3432 3392 3327 3374 3413 3363 3351 3405
3392 3356 3280 3327 3375 3320 3304 3363
3356 3312 3226 3280 3337 3273 3253 3320
3312 3272 3182 3226 3294 3225 3205 3273
3272 3227 3130 3182 3250 3183 3149 3225
3227 3186 3079 3130 3209 3132 3100 3183
3186 3141 3023 3079 3161 3089 3046 3132
3141 3099 2970 3023 3118 3036 2999 3089
3099 3056 2914 2970 3082 2994 2942 3036
3056 3014 2865 2914 3034 2939 2885 2994
3014 2975 2811 2865 2995 2889 2836 2939
2975 2926 2778 2811 2954 2857 2793 2889
2926 2877 2709 2778 2898 2794 2746 2857
2548 2559 2696 2664 2552 2631 2679 2607
2529 2548 2664 2602 2537 2607 2634 2564
3503 3475 3488 3531 3492 3480 3509 3515
3557 3531 3488 3519 3544 3509 3504 3539
3447 3519 3488 3409 3486 3504 3449 3429
3488 3475 3431 3409 3480 3456 3422 3449
3475 3503 3466 3431 3492 3485 3448 3456
3381 3447 3409 3347 3415 3429 3379 3366
2709 2613 2444 2572 2662 2532 2510 2645
2444 2300 2456 2572 2368 2373 2519 2510
3325 3381 3347 3306 3358 3366 3328 3314
3251 3325 3306 3246 3290 3314 3281 3249
3162 3251 3246 3154 3211 3249 3204 3157
3067 3162 3154 3055 3115 3157 3108 3062
2955 3067 3055 2928 3009 3062 3000 2940
2825 2955 2928 2796 2887 2940 2869 2810
2696 2825 2796 2664 2759 2810 2731 2679
2778 2709 2572 2655 2746 2645 2620 2720
2300 2173 2317 2456 2231 2241 2384 2373
2811 2778 2655 2624 2793 2720 2640 2716
2865 2811 2624 2693 2836 2716 2652 2777
2914 2865 2693 2754 2885 2777 2724 2837
2970 2914 2754 2809 2942 2837 2781 2888
3023 2970 2809 2864 2999 2888 2833 2946
3079 3023 2864 2936 3046 2946 2895 3011
3130 3079 2936 3012 3100 3011 2981 3074
3182 3130 3012 3077 3149 3074 3040 3129
3226 3182 3077 3131 3205 3129 3101 3184
3280 3226 3131 3187 3253 3184 3152 3229
3327 3280 3187 3239 3304 3229 3215 3288
3374 3327 3239 3303 3351 3288 3271 3343
3423 3374 3303 3371 3398 3343 3339 3396
3466 3423 3371 3431 3442 3396 3403 3448
2173 2085 2197 2317 2126 2138 2257 2241
2085 2020 2134 2197 2053 2075 2165 2138
2020 1960 2059 2134 1986 2006 2094 2075
1960 1911 1998 2059 1933 1957 2032 2006
1911 1883 1963 1998 1898 1920 1982 1957
1807 1789 1872 1894 1797 1830 1886 1847
1883 1807 1894 1948 1841 1847 1919 1910
1872 1964 1955 1894 1914 1959 1921 1886
2326 2395 2538 2461 2361 2466 2494 2396
2395 2457 2598 2538 2427 2531 2568 2466
2457 2508 2650 2598 2481 2585 2629 2531
2248 2326 2461 2377 2287 2396 2422 2316
2508 2555 2699 2650 2530 2632 2674 2585
2555 2584 2737 2699 2567 2660 2715 2632
2584 2602 2763 2737 2590 2686 2750 2660
2602 2664 2796 2763 2634 2731 2780 2686
2178 2248 2377 2290 2212 2316 2334 2227
2111 2178 2290 2200 2140 2227 2244 2151
2043 2111 2200 2144 2077 2151 2176 2091
1964 2043 2144 2067 1999 2091 2107 2013
1964 2067 2008 1955 2013 2038 1981 1959
1894 1955 2008 1948 1921 1981 1978 1919
1883 1948 2014 1963 1910 1979 1987 1920
2572 2456 2624 2655 2519 2544 2640 2620
2456 2317 2445 2624 2384 2378 2539 2544
1998 1963 2014 2074 1982 1987 2048 2037
2317 2197 2313 2445 2257 2255 2376 2378
2197 2134 2303 2313 2165 2213 2309 2255
2059 1998 2074 2160 2032 2037 2121 2110
2134 2059 2160 2303 2094 2110 2224 2213
2796 2928 2907 2763 2869 2921 2840 2780
2928 3055 3047 2907 3000 3051 2987 2921
3055 3154 3174 3047 3108 3163 3112 3051
3154 3246 3275 3174 3204 3262 3221 3163
3246 3306 3347 3275 3281 3328 3308 3262
3275 3347 3409 3321 3308 3379 3367 3295
3409 3431 3371 3321 3422 3403 3346 3367
2737 2763 2907 2884 2750 2840 2894 2812
2699 2737 2884 2852 2715 2812 2871 2774
2650 2699 2852 2795 2674 2774 2818 2729
2598 2650 2795 2739 2629 2729 2764 2669
2538 2598 2739 2671 2568 2669 2703 2608
2461 2538 2671 2597 2494 2608 2638 2534
2377 2461 2597 2514 2422 2534 2561 2450
2290 2377 2514 2410 2334 2450 2463 2347
2200 2290 2410 2308 2244 2347 2357 2254
2144 2200 2308 2312 2176 2254 2310 2220
2067 2144 2312 2166 2107 2220 2235 2120
2693 2624 2445 2516 2652 2539 2479 2610
2445 2313 2303 2516 2376 2309 2413 2479
2754 2693 2516 2589 2724 2610 2556 2673
2809 2754 2589 2646 2781 2673 2622 2730
2864 2809 2646 2653 2833 2730 2647 2757
2936 2864 2653 2779 2895 2757 2717 2863
3012 2936 2779 2873 2981 2863 2826 2945
3077 3012 2873 2951 3040 2945 2904 3015
3131 3077 2951 3017 3101 3015 2985 3080
3187 3131 3017 3081 3152 3080 3044 3133
3239 3187 3081 3136 3215 3133 3105 3191
3303 3239 3136 3198 3271 3191 3166 3252
2067 2166 2078 2008 2120 2124 2046 2038
2166 2312 2439 2256 2235 2372 2344 2208
1948 2008 2078 2014 1978 2046 2051 1979
2308 2410 2515 2312 2357 2462 2417 2310
2074 2014 2078 2129 2048 2051 2102 2100
2129 2078 2166 2256 2102 2124 2208 2186
2160 2074 2129 2256 2121 2100 2186 2202
2516 2303 2418 2589 2413 2359 2506 2556
2303 2160 2256 2418 2224 2202 2335 2359
2884 2907 3047 3038 2894 2987 3041 2969
2852 2884 3038 3002 2871 2969 3021 2923
2795 2852 3002 2941 2818 2923 2973 2872
2739 2795 2941 2878 2764 2872 2905 2805
3017 2878 2941 3081 2952 2905 3013 3044
3081 2941 3002 3136 3013 2973 3070 3105
3371 3303 3198 3321 3339 3252 3263 3346
3275 3321 3198 3174 3295 3263 3185 3221
3017 2951 2807 2878 2985 2879 2845 2952
2739 2878 2807 2671 2805 2845 2744 2703
2597 2671 2807 2732 2638 2744 2768 2668
2646 2589 2418 2500 2622 2506 2460 2577
2439 2500 2418 2256 2470 2460 2335 2344
2646 2500 2439 2653 2577 2470 2558 2647
2439 2312 2515 2653 2372 2417 2587 2558
2779 2653 2515 2641 2717 2587 2579 2708
2410 2514 2641 2515 2463 2578 2579 2462
2873 2779 2641 2732 2826 2708 2688 2800
2807 2951 2873 2732 2879 2904 2800 2768
2514 2597 2732 2641 2561 2668 2688 2578
3198 3136 3002 3038 3166 3070 3021 3125
3198 3038 3047 3174 3125 3041 3112 3185
1586 1537 1559 1627 1564 1551 1584 1611
1646 1586 1627 1684 1624 1611 1650 1666
1694 1646 1684 1746 1674 1666 1709 1715
1751 1694 1746 1801 1722 1715 1777 1779
1791 1751 1801 1846 1775 1779 1827 1822
1836 1791 1846 1896 1810 1822 1874 1864
1877 1836 1896 1937 1853 1864 1917 1903
1912 1877 1937 1983 1895 1903 1961 1947
1951 1912 1983 2026 1928 1947 2002 1985
1984 1951 2026 2065 1967 1985 2050 2027
2022 1984 2065 2104 2000 2027 2084 2062
2055 2022 2104 2139 2036 2062 2125 2093
2258 2240 2366 2380 2246 2305 2370 2321
2083 2055 2139 2180 2069 2093 2159 2131
2240 2217 2340 2366 2228 2277 2351 2305
2117 2083 2180 2215 2099 2131 2194 2161
2217 2192 2315 2340 2206 2251 2327 2277
2142 2117 2215 2249 2128 2161 2232 2189
2192 2167 2280 2315 2182 2219 2301 2251
2167 2142 2249 2280 2156 2189 2262 2219
1559 1579 1652 1627 1571 1622 1637 1584
2505 2380 2366 2490 2446 2370 2435 2495
1579 1615 1691 1652 1594 1648 1672 1622
2630 2505 2490 2619 2569 2495 2560 2626
1615 1643 1731 1691 1630 1688 1705 1648
2745 2630 2619 2736 2689 2626 2676 2741
1643 1680 1778 1731 1660 1725 1752 1688
2862 2745 2736 2854 2799 2741 2792 2858
1680 1718 1819 1778 1698 1774 1793 1725
2982 2862 2854 2974 2920 2858 2909 2977
1718 1767 1873 1819 1749 1821 1842 1774
3088 2982 2974 3083 3033 2977 3026 3087
1767 1820 1929 1873 1792 1875 1901 1821
3180 3088 3083 3175 3134 3087 3127 3177
1820 1879 2001 1929 1844 1935 1966 1875
3269 3180 3175 3258 3222 3177 3218 3267
1879 1940 2086 2001 1905 2009 2047 1935
3350 3269 3258 3342 3307 3267 3302 3345
1940 2019 2183 2086 1977 2095 2133 2009
3420 3350 3342 3408 3384 3345 3377 3414
2822 2867 2938 2950 2842 2899 2944 2882
2019 2106 2304 2183 2060 2191 2239 2095
2106 2209 2414 2304 2149 2311 2354 2191
2601 2713 2822 2760 2658 2767 2789 2683
2209 2338 2509 2414 2268 2429 2459 2311
2474 2601 2760 2616 2543 2683 2692 2551
2338 2474 2616 2509 2405 2551 2563 2429
3695 3699 3691 3686 3698 3696 3688 3693
2950 2961 2760 2822 2957 2866 2789 2882
3684 3695 3686 3675 3690 3693 3682 3680
3672 3675 3686 3691 3674 3682 3688 3681
2961 2979 2823 2760 2968 2897 2790 2866
3670 3684 3675 3659 3677 3680 3667 3665
3675 3672 3649 3659 3674 3660 3655 3667
2979 2998 2827 2823 2989 2910 2824 2897
3657 3670 3659 3639 3663 3665 3646 3645
3659 3649 3628 3639 3655 3640 3634 3646
2998 3020 2813 2827 3008 2922 2819 2910
3642 3657 3639 3615 3648 3645 3626 3627
3639 3628 3607 3615 3634 3621 3613 3626
3020 3042 2788 2813 3032 2924 2802 2922
3630 3642 3615 3603 3637 3627 3608 3618
3042 3075 2891 2788 3060 2993 2841 2924
3616 3630 3603 3589 3622 3618 3598 3604
3075 3104 2935 2891 3094 3027 2913 2993
3600 3616 3589 3569 3609 3604 3582 3588
3104 3138 3004 2935 3120 3072 2971 3027
3585 3600 3569 3549 3595 3588 3560 3566
3138 3173 3054 3004 3146 3114 3028 3072
3563 3585 3549 3524 3577 3566 3536 3546
3173 3207 3102 3054 3190 3150 3086 3114
3540 3563 3524 3496 3553 3546 3510 3517
3207 3241 3144 3102 3220 3196 3126 3150
3512 3540 3496 3463 3526 3517 3479 3491
3241 3282 3193 3144 3260 3232 3169 3196
3482 3512 3463 3428 3497 3491 3443 3457
3282 3316 3228 3193 3298 3277 3214 3232
3453 3482 3428 3393 3467 3457 3410 3427
3316 3352 3276 3228 3334 3313 3255 3277
3418 3453 3393 3360 3435 3427 3378 3388
3352 3382 3319 3276 3370 3355 3296 3313
3382 3418 3360 3319 3402 3388 3338 3355
3484 3420 3408 3472 3454 3414 3439 3477
3607 3581 3579 3615 3596 3580 3599 3613
3537 3484 3472 3530 3511 3477 3502 3534
3581 3537 3530 3579 3558 3534 3555 3580
1627 1652 1723 1684 1637 1690 1700 1650
1746 1684 1723 1788 1709 1700 1758 1763
1801 1746 1788 1850 1777 1763 1823 1828
1846 1801 1850 1909 1827 1828 1887 1882
1896 1846 1909 1968 1874 1882 1938 1927
1937 1896 1968 2015 1917 1927 1990 1973
1983 1937 2015 2066 1961 1973 2040 2025
2026 1983 2066 2119 2002 2025 2090 2068
2065 2026 2119 2163 2050 2068 2137 2115
2104 2065 2163 2214 2084 2115 2185 2154
2139 2104 2214 2253 2125 2154 2234 2190
2180 2139 2253 2306 2159 2190 2276 2238
2215 2180 2306 2349 2194 2238 2328 2281
2249 2215 2349 2383 2232 2281 2367 2318
2280 2249 2383 2416 2262 2318 2400 2345
2315 2280 2416 2448 2301 2345 2432 2379
2340 2315 2448 2468 2327 2379 2458 2406
2366 2340 2468 2490 2351 2406 2482 2435
2619 2490 2468 2596 2560 2482 2540 2609
2736 2619 2596 2712 2676 2609 2654 2726
3615 3579 3562 3603 3599 3567 3587 3608
1652 1691 1762 1723 1672 1730 1748 1690
1691 1731 1809 1762 1705 1770 1787 1730
1731 1778 1855 1809 1752 1814 1837 1770
1778 1819 1918 1855 1793 1869 1893 1814
2616 2760 2823 2701 2692 2790 2762 2657
3589 3603 3562 3548 3598 3587 3556 3568
3579 3530 3514 3562 3555 3521 3542 3567
2854 2736 2712 2834 2792 2726 2776 2843
2974 2854 2834 2958 2909 2843 2893 2962
3083 2974 2958 3068 3026 2962 3016 3073
2509 2616 2701 2665 2563 2657 2685 2588
2414 2509 2665 2618 2459 2588 2642 2522
2304 2414 2618 2546 2354 2522 2580 2428
2183 2304 2546 2411 2239 2428 2475 2297
2086 2183 2411 2273 2133 2297 2341 2170
2001 2086 2273 2148 2047 2170 2211 2076
1929 2001 2148 2058 1966 2076 2105 1991
1819 1873 1980 1918 1842 1923 1949 1869
1873 1929 2058 1980 1901 1991 2021 1923
3175 3083 3068 3160 3127 3073 3117 3168
3258 3175 3160 3248 3218 3168 3208 3254
3342 3258 3248 3330 3302 3254 3292 3333
3408 3342 3330 3397 3377 3333 3365 3404
2823 2827 2665 2701 2824 2747 2685 2762
2665 2827 2813 2618 2747 2819 2718 2642
2618 2813 2788 2546 2718 2802 2670 2580
3472 3408 3397 3461 3439 3404 3430 3464
3569 3589 3548 3532 3582 3568 3538 3551
3549 3569 3532 3505 3560 3551 3516 3529
3524 3549 3505 3473 3536 3529 3493 3501
3496 3524 3473 3438 3510 3501 3458 3469
3463 3496 3438 3407 3479 3469 3426 3434
3428 3463 3407 3368 3443 3434 3385 3399
3393 3428 3368 3329 3410 3399 3349 3364
3360 3393 3329 3286 3378 3364 3305 3323
3319 3360 3286 3237 3338 3323 3264 3284
3276 3319 3237 3192 3296 3284 3216 3230
3228 3276 3192 3139 3255 3230 3164 3188
3193 3228 3139 3092 3214 3188 3113 3142
3144 3193 3092 3035 3169 3142 3066 3098
3102 3144 3035 2986 3126 3098 3010 3045
3054 3102 2986 2916 3086 3045 2953 2992
3004 3054 2916 2832 3028 2992 2875 2917
2935 3004 2832 2722 2971 2917 2775 2831
2891 2935 2722 2748 2913 2831 2734 2820
2788 2891 2748 2627 2841 2820 2687 2704
2546 2788 2627 2411 2670 2704 2524 2475
2468 2448 2573 2596 2458 2513 2586 2540
2448 2416 2549 2573 2432 2480 2562 2513
2416 2383 2520 2549 2400 2454 2533 2480
2383 2349 2502 2520 2367 2433 2512 2454
2349 2306 2452 2502 2328 2375 2478 2433
2306 2253 2389 2452 2276 2324 2420 2375
2253 2214 2356 2389 2234 2283 2371 2324
2214 2163 2307 2356 2185 2230 2332 2283
2163 2119 2237 2307 2137 2171 2266 2230
2119 2066 2164 2237 2090 2116 2195 2171
2066 2015 2112 2164 2040 2063 2136 2116
2015 1968 2070 2112 1990 2018 2088 2063
1968 1909 1992 2070 1938 1953 2033 2018
1909 1850 1913 1992 1887 1889 1954 1953
1850 1788 1838 1913 1823 1811 1880 1889
1788 1723 1762 1838 1758 1748 1806 1811
2712 2596 2573 2694 2654 2586 2636 2702
1762 1809 1897 1838 1787 1852 1868 1806
1809 1855 1958 1897 1837 1906 1924 1852
1855 1918 2028 1958 1893 1971 1989 1906
1918 1980 2108 2028 1949 2041 2064 1971
2834 2712 2694 2808 2776 2702 2751 2821
2958 2834 2808 2929 2893 2821 2876 2948
3068 2958 2929 3057 3016 2948 3005 3065
3160 3068 3057 3151 3117 3065 3109 3156
3248 3160 3151 3240 3208 3156 3200 3243
1980 2058 2210 2108 2021 2130 2152 2041
3472 3461 3514 3530 3464 3490 3521 3502
2058 2148 2348 2210 2105 2243 2275 2130
2148 2273 2499 2348 2211 2393 2430 2243
2273 2411 2627 2499 2341 2524 2565 2393
2627 2748 2722 2499 2687 2734 2621 2565
3548 3562 3514 3499 3556 3542 3508 3525
3514 3461 3446 3499 3490 3455 3474 3508
3461 3397 3389 3446 3430 3395 3421 3455
3532 3548 3499 3481 3538 3525 3494 3507
3505 3532 3481 3451 3516 3507 3465 3478
3473 3505 3451 3417 3493 3478 3433 3445
3438 3473 3417 3380 3458 3445 3400 3411
3407 3438 3380 3341 3426 3411 3362 3373
3368 3407 3341 3293 3385 3373 3317 3332
3329 3368 3293 3247 3349 3332 3270 3291
3286 3329 3247 3202 3305 3291 3223 3244
3237 3286 3202 3145 3264 3244 3179 3197
3192 3237 3145 3097 3216 3197 3122 3143
3139 3192 3097 3030 3164 3143 3064 3091
3092 3139 3030 2963 3113 3091 3001 3029
3035 3092 2963 2892 3066 3029 2927 2972
2986 3035 2892 2838 3010 2972 2870 2908
2916 2986 2838 2765 2953 2908 2801 2844
2832 2916 2765 2677 2875 2844 2723 2752
2722 2832 2677 2550 2775 2752 2615 2637
2499 2722 2550 2348 2621 2637 2453 2430
2573 2549 2659 2694 2562 2604 2675 2636
2549 2520 2625 2659 2533 2570 2643 2604
2520 2502 2681 2625 2512 2595 2648 2570
2502 2452 2591 2681 2478 2528 2639 2595
1913 1838 1897 1988 1880 1868 1941 1952
1992 1913 1988 2098 1954 1952 2042 2049
2070 1992 2098 2242 2033 2049 2162 2146
2112 2070 2242 2205 2088 2146 2222 2155
2164 2112 2205 2302 2136 2155 2250 2226
2237 2164 2302 2403 2195 2226 2350 2323
2307 2237 2403 2488 2266 2323 2451 2401
2356 2307 2488 2527 2332 2401 2507 2443
2452 2389 2501 2591 2420 2449 2553 2528
2389 2356 2527 2501 2371 2443 2518 2449
1897 1958 2072 1988 1924 2011 2030 1941
1958 2028 2150 2072 1989 2087 2114 2011
3481 3499 3446 3440 3494 3474 3441 3462
3451 3481 3440 3391 3465 3462 3416 3424
3417 3451 3391 3359 3433 3424 3376 3387
3248 3240 3322 3330 3243 3285 3326 3292
2808 2694 2659 2766 2751 2675 2710 2786
2929 2808 2766 2919 2876 2786 2847 2925
3057 2929 2919 3061 3005 2925 2996 3058
3151 3057 3061 3158 3109 3058 3111 3155
3240 3151 3158 3235 3200 3155 3199 3238
3397 3330 3322 3389 3365 3326 3361 3395
3380 3417 3359 3309 3400 3387 3336 3348
2210 2348 2550 2388 2275 2453 2467 2299
2028 2108 2252 2150 2064 2175 2196 2087
2108 2210 2388 2252 2152 2299 2322 2175
3446 3389 3391 3440 3421 3390 3416 3441
3341 3380 3309 3257 3362 3348 3287 3299
3293 3341 3257 3195 3317 3299 3224 3245
3247 3293 3195 3153 3270 3245 3178 3203
3202 3247 3153 3121 3223 3203 3140 3165
3145 3202 3121 3063 3179 3165 3096 3107
3097 3145 3063 2984 3122 3107 3024 3037
3030 3097 2984 2890 3064 3037 2930 2964
2963 3030 2890 2804 3001 2964 2853 2883
2892 2963 2804 2721 2927 2883 2761 2806
2838 2892 2721 2680 2870 2806 2698 2755
2765 2838 2680 2633 2801 2755 2651 2700
2550 2677 2535 2388 2615 2611 2464 2467
2677 2765 2633 2535 2723 2700 2582 2611
2659 2625 2681 2766 2643 2648 2727 2710
2681 2591 2733 2896 2639 2666 2814 2791
2591 2501 2527 2733 2553 2518 2635 2666
3389 3322 3310 3391 3361 3318 3357 3390
3322 3240 3235 3310 3285 3238 3279 3318
1988 2072 2221 2098 2030 2141 2157 2042
2919 2766 2681 2896 2847 2727 2791 2903
2527 2488 2719 2733 2507 2612 2725 2635
3061 2919 2896 3090 2996 2903 3003 3071
3158 3061 3090 3181 3111 3071 3135 3170
3359 3391 3310 3289 3376 3357 3300 3324
3235 3158 3181 3233 3199 3170 3210 3234
3310 3235 3233 3289 3279 3234 3265 3300
3309 3359 3289 3236 3336 3324 3266 3278
3257 3309 3236 3159 3287 3278 3201 3213
3195 3257 3159 3053 3224 3213 3110 3128
3153 3195 3053 3048 3178 3128 3050 3106
2072 2150 2320 2221 2114 2229 2265 2141
2150 2252 2408 2320 2196 2331 2364 2229
2252 2388 2535 2408 2322 2464 2469 2331
2535 2633 2521 2408 2582 2576 2465 2469
2633 2680 2497 2521 2651 2592 2511 2576
2320 2408 2521 2497 2364 2465 2511 2415
2680 2721 2471 2497 2698 2603 2486 2592
2242 2098 2221 2471 2162 2157 2346 2355
2221 2320 2497 2471 2265 2415 2486 2346
2302 2205 2242 2442 2250 2222 2342 2369
2721 2804 2628 2471 2761 2714 2554 2603
2804 2890 2742 2628 2853 2815 2684 2714
2242 2471 2628 2442 2355 2554 2541 2342
2890 2984 2856 2742 2930 2918 2797 2815
2488 2403 2583 2719 2451 2493 2649 2612
2403 2302 2442 2583 2350 2369 2517 2493
2442 2628 2742 2583 2541 2684 2663 2517
2984 3063 2980 2856 3024 3022 2915 2918
3063 3121 3052 2980 3096 3093 3018 3022
3121 3153 3048 3052 3140 3106 3049 3093
2742 2856 2719 2583 2797 2785 2649 2663
2856 2980 2912 2719 2915 2947 2816 2785
2733 2719 2912 2901 2725 2816 2906 2817
2980 3052 3048 2912 3018 3049 2991 2947
2912 3048 3053 2901 2991 3050 2988 2906
2896 3053 3159 3090 2983 3110 3124 3003
3090 3159 3236 3181 3124 3201 3212 3135
3181 3236 3289 3233 3212 3266 3265 3210
2896 2733 2901 3053 2814 2817 2988 2983
2829 2932 2938 2867 2881 2934 2899 2848
2829 2867 2822 2713 2848 2842 2767 2770

