1939 1957 1999 1989
3228 3242 3317 3305
3242 3252 3327 3317
3252 3265 3338 3327
3265 3271 3345 3338
3271 3276 3355 3345
3276 3274 3357 3355
3274 3268 3349 3357
3268 3264 3340 3349
3264 3249 3330 3340
3249 3237 3315 3330
3237 3222 3293 3315
3222 3205 3273 3293
3205 3183 3243 3273
3183 3159 3217 3243
3159 3137 3193 3217
3137 3105 3161 3193
3105 3084 3134 3161
3084 3052 3098 3134
3052 3019 3070 3098
3019 2990 3038 3070
2990 2953 2997 3038
2953 2919 2960 2997
2919 2881 2922 2960
2881 2845 2882 2922
2845 2809 2841 2882
2809 2769 2801 2841
2769 2728 2756 2801
2728 2694 2711 2756
2694 2651 2673 2711
2651 2610 2631 2673
2610 2568 2595 2631
2568 2522 2551 2595
2522 2486 2506 2551
2486 2441 2465 2506
2441 2405 2423 2465
2405 2359 2374 2423
2359 2328 2323 2374
2328 2280 2272 2323
2280 2242 2237 2272
2242 2199 2194 2237
2199 2164 2159 2194
2164 2114 2115 2159
2114 2074 2078 2115
2074 2028 2039 2078
2028 1989 1999 2039
1957 1973 2011 1999
1973 1982 2023 2011
3374 3305 3317 3383
1982 1994 2045 2023
3448 3374 3383 3457
1994 2006 2063 2045
3521 3448 3457 3511
2006 2020 2088 2063
3585 3521 3511 3568
2020 2041 2102 2088
3662 3585 3568 3642
2041 2060 2121 2102
2060 2076 2138 2121
3729 3662 3642 3721
2076 2099 2163 2138
3814 3729 3721 3812
2099 2122 2184 2163
3883 3814 3812 3887
2122 2141 2207 2184
3952 3883 3887 3955
2141 2169 2232 2207
4012 3952 3955 4018
2169 2192 2262 2232
4069 4012 4018 4073
2192 2219 2287 2262
4128 4069 4073 4131
2219 2248 2320 2287
4184 4128 4131 4185
2248 2273 2345 2320
4236 4184 4185 4243
2273 2305 2379 2345
2305 2338 2413 2379
4290 4236 4243 4298
2338 2376 2447 2413
4347 4290 4298 4355
2376 2414 2490 2447
4400 4347 4355 4406
2414 2455 2524 2490
4446 4400 4406 4451
2455 2500 2579 2524
4483 4446 4451 4492
3674 3744 3746 3692
2500 2543 2617 2579
3590 3674 3692 3672
3752 3672 3692 3746
2543 2593 2666 2617
3516 3590 3672 3633
3672 3752 3759 3633
2593 2639 2712 2666
3438 3516 3633 3598
3633 3759 3764 3598
2639 2697 2774 2712
3353 3438 3598 3552
3598 3764 3771 3552
2697 2747 2833 2774
3262 3353 3552 3409
2747 2797 2883 2833
3177 3262 3409 3286
2797 2863 2944 2883
3103 3177 3286 3194
2863 2916 2998 2944
3043 3103 3194 3117
2916 2980 3057 2998
2980 3043 3117 3057
4524 4483 4492 4529
4825 4826 4823 4822
3771 3777 3619 3552
4820 4825 4822 4818
3777 3787 3659 3619
4815 4820 4818 4813
3787 3801 3682 3659
4810 4815 4813 4808
3801 3817 3701 3682
4807 4810 4808 4801
3817 3832 3715 3701
4802 4807 4801 4793
3832 3848 3730 3715
4798 4802 4793 4791
3848 3860 3756 3730
4794 4798 4791 4784
3860 3881 3775 3756
4787 4794 4784 4779
3881 3902 3794 3775
4781 4787 4779 4769
3902 3919 3828 3794
4770 4781 4769 4758
3919 3940 3850 3828
4761 4770 4758 4744
3940 3966 3868 3850
4746 4761 4744 4726
3966 3982 3900 3868
4731 4746 4726 4712
3982 4004 3922 3900
4718 4731 4712 4696
4004 4032 3948 3922
4698 4718 4696 4675
4032 4045 3974 3948
4679 4698 4675 4658
4045 4074 4000 3974
4666 4679 4658 4643
4074 4098 4026 4000
4647 4666 4643 4624
4098 4115 4049 4026
4630 4647 4624 4611
4115 4145 4081 4049
4616 4630 4611 4590
4145 4168 4105 4081
4598 4616 4590 4573
4168 4199 4134 4105
4582 4598 4573 4553
4199 4217 4159 4134
4560 4582 4553 4530
4217 4251 4182 4159
4546 4560 4530 4513
4251 4273 4212 4182
4525 4546 4513 4491
4273 4292 4235 4212
4507 4525 4491 4474
4292 4326 4270 4235
4484 4507 4474 4448
4326 4343 4296 4270
4470 4484 4448 4430
4343 4377 4329 4296
4444 4470 4430 4405
4377 4397 4351 4329
4425 4444 4405 4383
4425 4383 4351 4397
4557 4524 4529 4562
4823 4816 4818 4822
4593 4557 4562 4597
4818 4816 4809 4813
4813 4809 4804 4808
4808 4804 4797 4801
4801 4797 4789 4793
4623 4593 4597 4627
4789 4777 4778 4793
4652 4623 4627 4654
4777 4759 4760 4778
4678 4652 4654 4682
4759 4738 4739 4760
4707 4678 4682 4710
4738 4707 4710 4739
1999 2011 2055 2039
2011 2023 2072 2055
2078 2039 2055 2086
2023 2045 2094 2072
3383 3317 3327 3404
3457 3383 3404 3461
3327 3338 3416 3404
3338 3345 3424 3416
3345 3355 3432 3424
2115 2078 2086 2112
2159 2115 2112 2154
2194 2159 2154 2182
2237 2194 2182 2228
2045 2063 2101 2094
2063 2088 2145 2101
2088 2102 2171 2145
2102 2121 2178 2171
2121 2138 2197 2178
2138 2163 2224 2197
2163 2184 2245 2224
3355 3357 3435 3432
3357 3349 3429 3435
3349 3340 3421 3429
3340 3330 3413 3421
3330 3315 3395 3413
3315 3293 3367 3395
3293 3273 3346 3367
3273 3243 3324 3346
3243 3217 3292 3324
3217 3193 3256 3292
3193 3161 3226 3256
3161 3134 3199 3226
3134 3098 3158 3199
3098 3070 3122 3158
3070 3038 3088 3122
3038 2997 3046 3088
2997 2960 3002 3046
2960 2922 2963 3002
2922 2882 2923 2963
2882 2841 2878 2923
2841 2801 2836 2878
2801 2756 2789 2836
2756 2711 2750 2789
2711 2673 2706 2750
2673 2631 2662 2706
2631 2595 2618 2662
2595 2551 2580 2618
2551 2506 2528 2580
2506 2465 2491 2528
2465 2423 2443 2491
2423 2374 2403 2443
2374 2323 2346 2403
2272 2237 2228 2260
2323 2272 2260 2270
3511 3457 3461 3499
2184 2207 2269 2245
2207 2232 2300 2269
2232 2262 2330 2300
3568 3511 3499 3541
3642 3568 3541 3604
3721 3642 3604 3709
3812 3721 3709 3809
3887 3812 3809 3889
3955 3887 3889 3962
4018 3955 3962 4019
4073 4018 4019 4068
2262 2287 2354 2330
4131 4073 4068 4125
4185 4131 4125 4183
4243 4185 4183 4245
2287 2320 2390 2354
4298 4243 4245 4303
4355 4298 4303 4361
4406 4355 4361 4409
4451 4406 4409 4458
3409 3552 3619 3482
4492 4451 4458 4496
2320 2345 2417 2390
2345 2379 2450 2417
4529 4492 4496 4534
2379 2413 2487 2450
2413 2447 2519 2487
2447 2490 2565 2519
2490 2524 2606 2565
2524 2579 2653 2606
4562 4529 4534 4571
2579 2617 2700 2653
2617 2666 2744 2700
2666 2712 2794 2744
4597 4562 4571 4602
4627 4597 4602 4632
4654 4627 4632 4659
4682 4654 4659 4685
4710 4682 4685 4714
4739 4710 4714 4737
4760 4739 4737 4757
4778 4760 4757 4776
4793 4778 4776 4791
4296 4329 4277 4247
4329 4351 4312 4277
4351 4383 4334 4312
4270 4296 4247 4214
4383 4405 4362 4334
4235 4270 4214 4179
4212 4235 4179 4152
4182 4212 4152 4121
4405 4430 4386 4362
4430 4448 4408 4386
4448 4474 4434 4408
4474 4491 4457 4434
4491 4513 4478 4457
4513 4530 4500 4478
4530 4553 4520 4500
4553 4573 4541 4520
4573 4590 4559 4541
4590 4611 4584 4559
4611 4624 4601 4584
4624 4643 4619 4601
4643 4658 4639 4619
4159 4182 4121 4093
4134 4159 4093 4064
4105 4134 4064 4037
4081 4105 4037 4002
4049 4081 4002 3977
4026 4049 3977 3947
4000 4026 3947 3914
3974 4000 3914 3886
3948 3974 3886 3856
3922 3948 3856 3829
3900 3922 3829 3793
3868 3900 3793 3769
3850 3868 3769 3735
3828 3850 3735 3707
3794 3828 3707 3678
3775 3794 3678 3656
3756 3775 3656 3639
3730 3756 3639 3622
3715 3730 3622 3609
3701 3715 3609 3596
3682 3701 3596 3571
3659 3682 3571 3540
4658 4675 4653 4639
4675 4696 4672 4653
4696 4712 4691 4672
4712 4726 4704 4691
4726 4744 4724 4704
4744 4758 4745 4724
4758 4769 4763 4745
4769 4779 4765 4763
3619 3659 3540 3482
3286 3409 3482 3371
4779 4784 4772 4765
3194 3286 3371 3277
3117 3194 3277 3198
3057 3117 3198 3135
2998 3057 3135 3083
2944 2998 3083 3029
2883 2944 3029 2977
2833 2883 2977 2920
2774 2833 2920 2861
2712 2774 2861 2794
2323 2270 2295 2346
2270 2260 2228 2223
2055 2072 2112 2086
2072 2094 2156 2112
3404 3416 3478 3461
3416 3424 3504 3478
3424 3432 3520 3504
3499 3461 3478 3541
4757 4737 4734 4752
4784 4791 4776 4772
4763 4765 4749 4745
4737 4714 4708 4734
4714 4685 4688 4708
2094 2101 2145 2156
2182 2156 2223 2228
2230 2223 2156 2145
2270 2223 2230 2295
2794 2861 2947 2872
2861 2920 3025 2947
2744 2794 2872 2820
2145 2171 2250 2230
2171 2178 2227 2250
2178 2197 2252 2227
2197 2224 2279 2252
2224 2245 2308 2279
2245 2269 2335 2308
2920 2977 3082 3025
2977 3029 3125 3082
2269 2300 2361 2335
2300 2330 2396 2361
2330 2354 2425 2396
2354 2390 2458 2425
2390 2417 2495 2458
2417 2450 2521 2495
2450 2487 2563 2521
2487 2519 2601 2563
2519 2565 2641 2601
2565 2606 2686 2641
2606 2653 2727 2686
2700 2744 2820 2778
2653 2700 2778 2727
3029 3083 3168 3125
3083 3135 3213 3168
3135 3198 3266 3213
3198 3277 3342 3266
3277 3371 3436 3342
3371 3482 3540 3436
4765 4772 4752 4749
4772 4776 4757 4752
3540 3571 3469 3436
3571 3596 3487 3469
3596 3609 3497 3487
3609 3622 3505 3497
3622 3639 3512 3505
3639 3656 3532 3512
3656 3678 3558 3532
3678 3707 3589 3558
3707 3735 3624 3589
3735 3769 3661 3624
3769 3793 3689 3661
3793 3829 3717 3689
3829 3856 3755 3717
3856 3886 3784 3755
3886 3914 3826 3784
3914 3947 3858 3826
3947 3977 3897 3858
3977 4002 3929 3897
4002 4037 3965 3929
4037 4064 3994 3965
4064 4093 4030 3994
4093 4121 4057 4030
4121 4152 4091 4057
4152 4179 4122 4091
4179 4214 4156 4122
4214 4247 4194 4156
4247 4277 4220 4194
4277 4312 4258 4220
4312 4334 4279 4258
4334 4362 4318 4279
4685 4659 4662 4688
4659 4632 4637 4662
4632 4602 4606 4637
4602 4571 4576 4606
4571 4534 4537 4576
4362 4386 4336 4318
4386 4408 4367 4336
4534 4496 4499 4537
4408 4434 4390 4367
4434 4457 4421 4390
4457 4478 4440 4421
4478 4500 4467 4440
4500 4520 4489 4467
4520 4541 4512 4489
4541 4559 4531 4512
4559 4584 4555 4531
4584 4601 4578 4555
4601 4619 4594 4578
4619 4639 4615 4594
4639 4653 4633 4615
4653 4672 4649 4633
4672 4691 4668 4649
4691 4704 4689 4668
4704 4724 4702 4689
4724 4745 4721 4702
4496 4458 4460 4499
4458 4409 4413 4460
4409 4361 4365 4413
4361 4303 4306 4365
4303 4245 4240 4306
4245 4183 4175 4240
4183 4125 4113 4175
4125 4068 4062 4113
4068 4019 4015 4062
4019 3962 3964 4015
3962 3889 3894 3964
3889 3809 3807 3894
3809 3709 3704 3807
3709 3604 3607 3704
3478 3504 3604 3541
2750 2706 2742 2779
2789 2750 2779 2818
2706 2662 2702 2742
2836 2789 2818 2870
2878 2836 2870 2915
2923 2878 2915 2964
2662 2618 2652 2702
2618 2580 2600 2652
2580 2528 2555 2600
2528 2491 2512 2555
2491 2443 2477 2512
2443 2403 2433 2477
2963 2923 2964 3007
3002 2963 3007 3053
3046 3002 3053 3093
3088 3046 3093 3143
3122 3088 3143 3185
3158 3122 3185 3225
3199 3158 3225 3267
3226 3199 3267 3303
3256 3226 3303 3332
3292 3256 3332 3368
3324 3292 3368 3410
3346 3324 3410 3430
3367 3346 3430 3453
3395 3367 3453 3473
3413 3395 3473 3491
3421 3413 3491 3501
3429 3421 3501 3513
3435 3429 3513 3522
3432 3435 3522 3520
2403 2346 2384 2433
3504 3520 3607 3604
3520 3522 3608 3607
3522 3513 3606 3608
3513 3501 3600 3606
3501 3491 3577 3600
3491 3473 3560 3577
3473 3453 3542 3560
3453 3430 3515 3542
3430 3410 3490 3515
3342 3436 3469 3379
3266 3342 3379 3318
3213 3266 3318 3301
3469 3487 3393 3379
3393 3301 3318 3379
3168 3213 3301 3272
2346 2295 2326 2384
2295 2230 2250 2326
2227 2252 2303 2250
4721 4745 4749 4729
4749 4752 4734 4729
4734 4708 4703 4729
4708 4688 4686 4703
4688 4662 4663 4686
4662 4637 4638 4663
4637 4606 4609 4638
4606 4576 4577 4609
4576 4537 4538 4577
3487 3497 3382 3393
3301 3393 3382 3272
3125 3168 3272 3238
3082 3125 3238 3208
3497 3505 3376 3382
3272 3382 3376 3238
3505 3512 3369 3376
3238 3376 3369 3208
3512 3532 3375 3369
3532 3558 3419 3375
3558 3589 3467 3419
3589 3624 3508 3467
3624 3661 3549 3508
3661 3689 3578 3549
3689 3717 3612 3578
3717 3755 3649 3612
3755 3784 3679 3649
3784 3826 3714 3679
3826 3858 3763 3714
3858 3897 3796 3763
3897 3929 3843 3796
3929 3965 3878 3843
3965 3994 3918 3878
3994 4030 3959 3918
4030 4057 3987 3959
4057 4091 4028 3987
4091 4122 4061 4028
4122 4156 4096 4061
4156 4194 4135 4096
4194 4220 4165 4135
4220 4258 4202 4165
4258 4279 4225 4202
4279 4318 4261 4225
4318 4336 4283 4261
4336 4367 4319 4283
4367 4390 4342 4319
4390 4421 4376 4342
4421 4440 4399 4376
4440 4467 4431 4399
4467 4489 4456 4431
4489 4512 4479 4456
4512 4531 4501 4479
4531 4555 4521 4501
4555 4578 4548 4521
4578 4594 4568 4548
4594 4615 4591 4568
4615 4633 4612 4591
4633 4649 4628 4612
4649 4668 4645 4628
4668 4689 4665 4645
4689 4702 4683 4665
4702 4721 4701 4683
4721 4729 4703 4701
3025 3082 3208 3167
2947 3025 3167 3032
3208 3369 3375 3167
2872 2947 3032 2934
2820 2872 2934 2895
2778 2820 2895 2858
2727 2778 2858 2812
2686 2727 2812 2768
2641 2686 2768 2720
2601 2641 2720 2681
2563 2601 2681 2637
2521 2563 2637 2602
2495 2521 2602 2566
2458 2495 2566 2525
2425 2458 2525 2497
2396 2425 2497 2463
2361 2396 2463 2432
2335 2361 2432 2404
2308 2335 2404 2370
2279 2308 2370 2342
2252 2279 2342 2303
3704 3607 3608 3706
3807 3704 3706 3811
3894 3807 3811 3901
3964 3894 3901 3971
4015 3964 3971 4009
4062 4015 4009 4042
4113 4062 4042 4100
4175 4113 4100 4171
4240 4175 4171 4232
4306 4240 4232 4308
4365 4306 4308 4366
4413 4365 4366 4420
4460 4413 4420 4462
4537 4499 4502 4538
4499 4460 4462 4502
2512 2477 2515 2531
2555 2512 2531 2572
2574 2572 2531 2515
2600 2555 2572 2621
2652 2600 2621 2683
2702 2652 2683 2738
2742 2702 2738 2785
2779 2742 2785 2799
2477 2433 2484 2515
2818 2779 2799 2843
2870 2818 2843 2900
2915 2870 2900 2959
2964 2915 2959 3010
3007 2964 3010 3062
3053 3007 3062 3100
3093 3053 3100 3151
3143 3093 3151 3206
3185 3143 3206 3255
3225 3185 3255 3309
3267 3225 3309 3350
3303 3267 3350 3372
3332 3303 3372 3387
2433 2384 2426 2484
3490 3410 3368 3460
3387 3460 3368 3332
2574 2515 2484 2557
3608 3606 3705 3706
2621 2572 2574 2648
2683 2621 2648 2716
3811 3706 3705 3820
3901 3811 3820 3915
3606 3600 3698 3705
3600 3577 3680 3698
3577 3560 3657 3680
3560 3542 3630 3657
3542 3515 3610 3630
3515 3490 3583 3610
3387 3372 3459 3460
3372 3350 3434 3459
3350 3309 3399 3434
2738 2683 2716 2786
2785 2738 2786 2857
2799 2785 2857 2843
2900 2843 2857 2938
2959 2900 2938 3001
4703 4686 4684 4701
4686 4663 4669 4684
4683 4701 4684 4669
4665 4683 4669 4641
4669 4663 4638 4641
3010 2959 3001 3064
3062 3010 3064 3111
3100 3062 3111 3162
3151 3100 3162 3221
3206 3151 3221 3285
3309 3255 3344 3399
3255 3206 3285 3344
2484 2426 2485 2557
4638 4609 4603 4641
4609 4577 4574 4603
2326 2250 2303 2362
2384 2326 2362 2426
4645 4665 4641 4621
4628 4645 4621 4610
4577 4538 4539 4574
4538 4502 4506 4539
4502 4462 4469 4506
4462 4420 4424 4469
4420 4366 4368 4424
4366 4308 4311 4368
4308 4232 4229 4311
4232 4171 4157 4229
4171 4100 4054 4157
4100 4042 3999 4054
4042 4009 3971 3999
4612 4628 4610 4587
4591 4612 4587 4563
4568 4591 4563 4540
3375 3419 3261 3167
3419 3467 3339 3261
2895 2934 3032 2983
2858 2895 2983 2937
2812 2858 2937 2889
2303 2342 2424 2362
2426 2362 2424 2485
2342 2370 2442 2424
2370 2404 2472 2442
2404 2432 2504 2472
2432 2463 2533 2504
2463 2497 2569 2533
2497 2525 2604 2569
2525 2566 2638 2604
2566 2602 2679 2638
2602 2637 2718 2679
2637 2681 2765 2718
2681 2720 2808 2765
2768 2812 2889 2852
2720 2768 2852 2808
3467 3508 3401 3339
3508 3549 3441 3401
4548 4568 4540 4517
4521 4548 4517 4487
4501 4521 4487 4466
4479 4501 4466 4441
3549 3578 3470 3441
3578 3612 3503 3470
3612 3649 3543 3503
3649 3679 3574 3543
3679 3714 3617 3574
3714 3763 3658 3617
3763 3796 3696 3658
3796 3843 3739 3696
3843 3878 3785 3739
3878 3918 3836 3785
3918 3959 3874 3836
3959 3987 3916 3874
3987 4028 3961 3916
4028 4061 3995 3961
4061 4096 4035 3995
4096 4135 4071 4035
4135 4165 4107 4071
4165 4202 4143 4107
4202 4225 4172 4143
4225 4261 4205 4172
4261 4283 4228 4205
4283 4319 4266 4228
4319 4342 4287 4266
4342 4376 4325 4287
4376 4399 4354 4325
4399 4431 4387 4354
4456 4479 4441 4417
4431 4456 4417 4387
3032 3167 3261 3141
2983 3032 3141 3067
3583 3490 3460 3564
3901 3915 3999 3971
2648 2574 2557 2670
2716 2648 2670 2772
2786 2716 2772 2842
2857 2786 2842 2911
3460 3459 3551 3564
3459 3434 3527 3551
3434 3399 3484 3527
3399 3344 3437 3484
3344 3285 3370 3437
3285 3221 3308 3370
3221 3162 3234 3308
3162 3111 3172 3234
3111 3064 3114 3172
3064 3001 3055 3114
2938 2857 2911 2988
3001 2938 2988 3055
2937 2983 3067 3017
3705 3698 3823 3820
3915 3820 3823 3937
3999 3915 3937 4054
2889 2937 3017 2971
2852 2889 2971 2936
2808 2852 2936 2893
3698 3680 3805 3823
3680 3657 3768 3805
3657 3630 3726 3768
3630 3610 3708 3726
3610 3583 3687 3708
2765 2808 2893 2848
2718 2765 2848 2803
2679 2718 2803 2760
2638 2679 2760 2714
2604 2638 2714 2682
2569 2604 2682 2644
2533 2569 2644 2607
2504 2533 2607 2578
2472 2504 2578 2536
2442 2472 2536 2511
2424 2442 2511 2489
4621 4641 4603 4595
4603 4574 4570 4595
4610 4621 4595 4585
4574 4539 4542 4570
4587 4610 4585 4565
4563 4587 4565 4543
4540 4563 4543 4515
4517 4540 4515 4480
4487 4517 4480 4439
4466 4487 4439 4427
4441 4466 4427 4395
4539 4506 4511 4542
4417 4441 4395 4372
4387 4417 4372 4335
4354 4387 4335 4309
4325 4354 4309 4272
4287 4325 4272 4237
4266 4287 4237 4213
4228 4266 4213 4178
4205 4228 4178 4148
4172 4205 4148 4111
4143 4172 4111 4083
4107 4143 4083 4043
4071 4107 4043 4008
4035 4071 4008 3970
3995 4035 3970 3924
3141 3261 3339 3216
3339 3401 3282 3216
3401 3441 3325 3282
3441 3470 3359 3325
3470 3503 3390 3359
3503 3543 3431 3390
3543 3574 3471 3431
3574 3617 3514 3471
3617 3658 3556 3514
3658 3696 3601 3556
3696 3739 3645 3601
3739 3785 3690 3645
3785 3836 3733 3690
3836 3874 3783 3733
3874 3916 3834 3783
3961 3995 3924 3877
3916 3961 3877 3834
4506 4469 4476 4511
4469 4424 4429 4476
4424 4368 4373 4429
4368 4311 4315 4373
4311 4229 4233 4315
4229 4157 4161 4233
4157 4054 4063 4161
2485 2424 2489 2526
2557 2485 2526 2583
2557 2583 2646 2670
3583 3564 3671 3687
3564 3551 3648 3671
4595 4570 4567 4585
3551 3527 3620 3648
3067 3141 3216 3136
3216 3282 3190 3136
3282 3325 3214 3190
2583 2526 2576 2646
2526 2489 2511 2576
2511 2536 2609 2576
2536 2578 2645 2609
2578 2607 2685 2645
2607 2644 2719 2685
2644 2682 2762 2719
2682 2714 2800 2762
2714 2760 2840 2800
2760 2803 2885 2840
2803 2848 2941 2885
3017 3067 3136 3086
2971 3017 3086 3051
3823 3805 3939 3937
3805 3768 3865 3939
2936 2971 3051 3024
2893 2936 3024 2992
2848 2893 2992 2941
3768 3726 3837 3865
3726 3708 3819 3837
3708 3687 3789 3819
3325 3359 3231 3214
3527 3484 3576 3620
3484 3437 3530 3576
3437 3370 3464 3530
3370 3308 3394 3464
3308 3234 3321 3394
3234 3172 3245 3321
3172 3114 3181 3245
3114 3055 3113 3181
3055 2988 3050 3113
2988 2911 2975 3050
2911 2842 2905 2975
4570 4542 4551 4567
4542 4511 4523 4551
4511 4476 4488 4523
4476 4429 4436 4488
4429 4373 4374 4436
4373 4315 4317 4374
4315 4233 4249 4317
4565 4585 4567 4551
4233 4161 4170 4249
4054 3937 3939 4063
2842 2772 2844 2905
2772 2670 2767 2844
3359 3390 3253 3231
3390 3431 3310 3253
3431 3471 3361 3310
3471 3514 3414 3361
3514 3556 3455 3414
4543 4565 4551 4523
4543 4523 4488 4515
4515 4488 4436 4480
3556 3601 3495 3455
3601 3645 3544 3495
3645 3690 3587 3544
3690 3733 3640 3587
3733 3783 3685 3640
3783 3834 3732 3685
3834 3877 3788 3732
3877 3924 3844 3788
3924 3970 3895 3844
3970 4008 3935 3895
4008 4043 3979 3935
4043 4083 4022 3979
4083 4111 4051 4022
4111 4148 4092 4051
4148 4178 4132 4092
4178 4213 4164 4132
4213 4237 4188 4164
4237 4272 4216 4188
4272 4309 4254 4216
4309 4335 4282 4254
4335 4372 4322 4282
4372 4395 4349 4322
4395 4427 4382 4349
4427 4439 4393 4382
4439 4480 4436 4401
4161 4063 4086 4170
3136 3190 3131 3086
3687 3671 3774 3789
3671 3648 3751 3774
3648 3620 3718 3751
2576 2609 2675 2646
2670 2646 2713 2767
3190 3214 3128 3131
3128 3051 3086 3131
3214 3231 3118 3128
3051 3128 3118 3024
3231 3253 3110 3118
3024 3118 3110 2992
3253 3310 3186 3110
3310 3361 3246 3186
4393 4439 4401 4371
2609 2645 2709 2675
2645 2685 2763 2709
2685 2719 2810 2763
3361 3414 3294 3246
2719 2762 2849 2810
2762 2800 2888 2849
2800 2840 2931 2888
2840 2885 2970 2931
4401 4436 4374 4353
4374 4317 4313 4353
4317 4249 4255 4313
4382 4393 4371 4337
4249 4170 4181 4255
4086 4063 3939 3989
4170 4086 4102 4181
4349 4382 4337 4305
4322 4349 4305 4265
4282 4322 4265 4223
4254 4282 4223 4193
4216 4254 4193 4155
4188 4216 4155 4130
4164 4188 4130 4123
4132 4164 4123 4087
4092 4132 4087 4031
4051 4092 4031 3978
4022 4051 3978 3950
3979 4022 3950 3908
3935 3979 3908 3857
3895 3935 3857 3810
3844 3895 3810 3754
3788 3844 3754 3694
3732 3788 3694 3641
3685 3732 3641 3581
3640 3685 3581 3539
3587 3640 3539 3489
3544 3587 3489 3443
3495 3544 3443 3397
3414 3455 3343 3294
3455 3495 3397 3343
2941 2992 3110 3033
2885 2941 3033 2970
3620 3576 3681 3718
3576 3530 3625 3681
3530 3464 3557 3625
3464 3394 3477 3557
3394 3321 3407 3477
3321 3245 3326 3407
3245 3181 3258 3326
3181 3113 3187 3258
3113 3050 3106 3187
3050 2975 3028 3106
2975 2905 2958 3028
3939 3865 3931 3989
3865 3837 3925 3931
3837 3819 3911 3925
3819 3789 3899 3911
2905 2844 2940 2958
3899 3789 3774 3873
3028 2958 2940 3074
3106 3028 3074 3184
3187 3106 3184 3284
3258 3187 3284 3360
3326 3258 3360 3380
3407 3326 3380 3462
3477 3407 3462 3559
3557 3477 3559 3652
3625 3557 3652 3734
3681 3625 3734 3806
3718 3681 3806 3835
3774 3751 3854 3873
3751 3718 3835 3854
4401 4353 4332 4371
4337 4371 4332 4294
4353 4313 4301 4332
4313 4255 4267 4301
4267 4294 4332 4301
4255 4181 4207 4267
2844 2767 2825 2940
4181 4102 4119 4207
4102 4086 3989 4010
3989 3931 3925 4010
4305 4337 4294 4259
4265 4305 4259 4204
4223 4265 4204 4160
4193 4223 4160 4120
4155 4193 4120 4088
4130 4155 4088 4052
4123 4130 4052 4087
2767 2713 2749 2825
2713 2646 2675 2749
2675 2709 2770 2749
2709 2763 2851 2770
2749 2770 2851 2825
2763 2810 2902 2851
2810 2849 2949 2902
2849 2888 2986 2949
2888 2931 3015 2986
2931 2970 3049 3015
3033 3110 3186 3097
2970 3033 3097 3049
3186 3246 3154 3097
3246 3294 3189 3154
3294 3343 3220 3189
3343 3397 3287 3220
3397 3443 3348 3287
3443 3489 3385 3348
3489 3539 3428 3385
3539 3581 3475 3428
3581 3641 3537 3475
3641 3694 3602 3537
3694 3754 3666 3602
3754 3810 3716 3666
3810 3857 3766 3716
3857 3908 3830 3766
3908 3950 3884 3830
3950 3978 3862 3884
3978 4031 3944 3862
3925 3911 4011 4010
3911 3899 3988 4011
4102 4010 4011 4119
3899 3873 3972 3988
4011 3988 4084 4119
3873 3854 3949 3972
3854 3835 3933 3949
3835 3806 3944 3933
3944 3806 3734 3862
3830 3884 3862 3749
3862 3734 3652 3749
3652 3559 3646 3749
3830 3749 3646 3766
3559 3462 3486 3646
3766 3646 3647 3716
3462 3380 3360 3486
3097 3154 3095 3049
3015 3049 3095 3094
3154 3189 3094 3095
3189 3220 3102 3094
3220 3287 3203 3102
3015 3094 3102 2986
3944 4052 4003 3933
3287 3348 3275 3203
3348 3385 3281 3275
3385 3428 3300 3281
3428 3475 3341 3300
3475 3537 3423 3341
4052 4088 4027 4003
4027 3949 3933 4003
4088 4120 4047 4027
3949 4027 4047 3972
3988 3972 4047 4084
4047 4120 4160 4084
4084 4160 4204 4119
4119 4204 4259 4207
4207 4259 4294 4267
3666 3716 3647 3573
3537 3602 3498 3423
3602 3666 3573 3498
2949 2986 3102 3056
2902 2949 3056 3022
2851 2902 3022 2991
2825 2851 2991 2940
3074 2940 2991 3157
3184 3074 3157 3289
3284 3184 3289 3406
3498 3573 3486 3406
3486 3360 3284 3406
3498 3406 3289 3423
3341 3423 3289 3157
3300 3341 3157 3152
3157 2991 3022 3152
3281 3300 3152 3163
3152 3022 3056 3163
3056 3102 3203 3163
3163 3203 3275 3281
2156 2182 2154 2112
3486 3573 3647 3646
3944 4031 4087 4052
1957 1939 1904 1906
922 908 865 872
939 922 872 881
948 939 881 902
965 948 902 926
980 965 926 945
1003 980 945 968
1022 1003 968 994
1040 1022 994 1018
1067 1040 1018 1035
1088 1067 1035 1064
1104 1088 1064 1085
1131 1104 1085 1102
1149 1131 1102 1129
1173 1149 1129 1150
1973 1957 1906 1924
1195 1173 1150 1182
1214 1195 1182 1202
1245 1214 1202 1230
1266 1245 1230 1253
1296 1266 1253 1275
1315 1296 1275 1304
1347 1315 1304 1320
1369 1347 1320 1356
1396 1369 1356 1374
1424 1396 1374 1410
1451 1424 1410 1432
1480 1451 1432 1467
1511 1480 1467 1494
1535 1511 1494 1530
1573 1535 1530 1565
1596 1573 1565 1592
1635 1596 1592 1633
1655 1635 1633 1657
1904 1854 1852 1906
1696 1655 1657 1698
1718 1696 1698 1721
1854 1822 1821 1852
1755 1718 1721 1757
1982 1973 1924 1936
1822 1783 1782 1821
1783 1755 1757 1782
865 818 828 872
1994 1982 1936 1949
818 788 792 828
2006 1994 1949 1960
788 749 750 792
2020 2006 1960 1972
749 722 719 750
2041 2020 1972 1986
722 693 686 719
2060 2041 1986 2000
2076 2060 2000 2015
693 657 651 686
2099 2076 2015 2036
657 628 623 651
2122 2099 2036 2059
628 595 592 623
2141 2122 2059 2080
595 562 556 592
2169 2141 2080 2104
562 527 521 556
2192 2169 2104 2133
527 493 488 521
2219 2192 2133 2162
493 457 452 488
2248 2219 2162 2188
457 424 420 452
2273 2248 2188 2217
424 389 386 420
2305 2273 2217 2247
2338 2305 2247 2276
389 355 350 386
2376 2338 2276 2314
355 326 323 350
2414 2376 2314 2348
326 299 293 323
2455 2414 2348 2395
299 273 268 293
2500 2455 2395 2435
273 245 242 268
3744 3674 3615 3636
2543 2500 2435 2482
3674 3590 3545 3615
3545 3525 3636 3615
2593 2543 2482 2530
3590 3516 3450 3545
3525 3545 3450 3403
2639 2593 2530 2586
3516 3438 3335 3450
3403 3450 3335 3260
2697 2639 2586 2629
3438 3353 3188 3335
3260 3335 3188 3139
2747 2697 2629 2689
3353 3262 3129 3188
2797 2747 2689 2740
3262 3177 3076 3129
2863 2797 2740 2792
3177 3103 3023 3076
2916 2863 2792 2855
3103 3043 2965 3023
2980 2916 2855 2906
3043 2980 2906 2965
245 219 212 242
1 3 5 4
3030 3139 3188 3039
3 10 7 5
2928 3030 3039 2926
10 15 12 7
2828 2928 2926 2822
15 20 17 12
2729 2828 2822 2725
20 24 22 17
2633 2729 2725 2630
24 30 28 22
2540 2633 2630 2539
30 35 36 28
2451 2540 2539 2454
35 44 45 36
2363 2451 2454 2365
44 56 58 45
2283 2363 2365 2286
56 75 72 58
2201 2283 2286 2203
75 94 92 72
2116 2201 2203 2113
94 116 112 92
2031 2116 2113 2027
116 137 134 112
1945 2031 2027 1937
137 158 153 134
1865 1945 1937 1857
158 181 176 153
1798 1865 1857 1790
181 205 204 176
1735 1798 1790 1728
205 231 230 204
1673 1735 1728 1670
231 257 259 230
1613 1673 1670 1610
257 286 290 259
1554 1613 1610 1548
286 320 327 290
1497 1554 1548 1492
320 360 365 327
1439 1497 1492 1435
360 400 405 365
1385 1439 1435 1379
400 440 444 405
1332 1385 1379 1328
440 479 485 444
1281 1332 1328 1277
479 524 532 485
1222 1281 1277 1220
524 571 575 532
1170 1222 1220 1169
571 612 617 575
1116 1170 1169 1111
612 663 666 617
663 709 713 666
1052 1116 1111 1047
709 766 765 713
988 1052 1047 982
766 832 827 765
910 988 982 907
910 907 827 832
219 192 184 212
11 4 5 7
11 7 12 16
16 12 17 21
21 17 22 26
26 22 28 31
192 165 161 184
37 31 28 38
165 144 139 161
46 37 38 47
144 121 119 139
61 46 47 59
121 99 96 119
79 61 59 76
99 79 76 96
881 872 828 842
902 881 842 854
828 792 796 842
792 750 753 796
750 719 721 753
719 686 688 721
926 902 854 874
945 926 874 905
968 945 905 937
994 968 937 957
1018 994 957 986
1035 1018 986 1014
1064 1035 1014 1034
1085 1064 1034 1061
1102 1085 1061 1081
1129 1102 1081 1095
1150 1129 1095 1134
1182 1150 1134 1159
1202 1182 1159 1191
1230 1202 1191 1212
1253 1230 1212 1243
1275 1253 1243 1262
1304 1275 1262 1293
1320 1304 1293 1311
686 651 654 688
651 623 632 654
623 592 594 632
592 556 558 594
556 521 523 558
521 488 490 523
488 452 454 490
452 420 421 454
420 386 387 421
386 350 352 387
350 323 322 352
323 293 292 322
293 268 264 292
268 242 234 264
242 212 209 234
3188 3129 3014 3039
3129 3076 2982 3014
3076 3023 2942 2982
3023 2965 2887 2942
2965 2906 2835 2887
2926 3039 3014 2909
2822 2926 2909 2817
2725 2822 2817 2726
2630 2725 2726 2635
2539 2630 2635 2549
2906 2855 2783 2835
2855 2792 2731 2783
2792 2740 2672 2731
2740 2689 2622 2672
2689 2629 2577 2622
2629 2586 2517 2577
2586 2530 2469 2517
2530 2482 2421 2469
2482 2435 2367 2421
2435 2395 2332 2367
2395 2348 2289 2332
2348 2314 2251 2289
2314 2276 2216 2251
2276 2247 2185 2216
2247 2217 2158 2185
2217 2188 2129 2158
2188 2162 2096 2129
2162 2133 2066 2096
2133 2104 2038 2066
2104 2080 2012 2038
2080 2059 1996 2012
2059 2036 1977 1996
2036 2015 1959 1977
2015 2000 1933 1959
2000 1986 1921 1933
1986 1972 1905 1921
1972 1960 1907 1905
1960 1949 1912 1907
1949 1936 1909 1912
1936 1924 1899 1909
1924 1906 1886 1899
1906 1852 1851 1886
1852 1821 1825 1851
1821 1782 1780 1825
1782 1757 1760 1780
1757 1721 1732 1760
1721 1698 1703 1732
1698 1657 1663 1703
1657 1633 1639 1663
1633 1592 1593 1639
1592 1565 1553 1593
1565 1530 1527 1553
1530 1494 1484 1527
1494 1467 1455 1484
1467 1432 1423 1455
1432 1410 1395 1423
1356 1320 1311 1341
1374 1356 1341 1366
1410 1374 1366 1395
2454 2539 2549 2460
2365 2454 2460 2366
2286 2365 2366 2293
2203 2286 2293 2209
2113 2203 2209 2126
2027 2113 2126 2030
1937 2027 2030 1938
1857 1937 1938 1855
212 184 180 209
1790 1857 1855 1786
1728 1790 1786 1724
1670 1728 1724 1666
1610 1670 1666 1607
1548 1610 1607 1546
1492 1548 1546 1491
1435 1492 1491 1434
1379 1435 1434 1378
1328 1379 1378 1326
1277 1328 1326 1276
1220 1277 1276 1219
1169 1220 1219 1168
1111 1169 1168 1112
1047 1111 1112 1045
982 1047 1045 981
907 982 981 906
184 161 155 180
161 139 135 155
139 119 114 135
119 96 98 114
96 76 80 98
76 59 63 80
59 47 51 63
47 38 40 51
38 28 36 40
36 45 49 40
45 58 62 49
58 72 77 62
72 92 95 77
92 112 118 95
112 134 136 118
134 153 157 136
153 176 179 157
176 204 207 179
204 230 236 207
230 259 271 236
259 290 300 271
290 327 332 300
327 365 370 332
365 405 411 370
405 444 449 411
444 485 495 449
485 532 539 495
532 575 580 539
575 617 626 580
617 666 672 626
666 713 720 672
713 765 772 720
765 827 830 772
827 907 906 830
1899 1886 1851 1873
1909 1899 1873 1882
1851 1825 1841 1873
1912 1909 1882 1875
1841 1875 1882 1873
1907 1912 1875 1847
1905 1907 1847 1827
1921 1905 1827 1845
1933 1921 1845 1877
1959 1933 1877 1894
1977 1959 1894 1917
1825 1780 1815 1841
1875 1841 1815 1847
1760 1732 1753 1780
1732 1703 1714 1753
854 842 796 804
796 753 764 804
753 721 726 764
721 688 691 726
1703 1663 1679 1714
1663 1639 1642 1679
1639 1593 1598 1642
1593 1553 1551 1598
1553 1527 1517 1551
1527 1484 1470 1517
1484 1455 1433 1470
1455 1423 1412 1433
1423 1395 1377 1412
1395 1366 1355 1377
1366 1341 1316 1355
1341 1311 1299 1316
1311 1293 1271 1299
1293 1262 1254 1271
1262 1243 1234 1254
1243 1212 1204 1234
1212 1191 1179 1204
1191 1159 1144 1179
688 654 658 691
1996 1977 1917 1928
2012 1996 1928 1950
2038 2012 1950 1976
874 854 804 826
905 874 826 861
937 905 861 888
957 937 888 920
986 957 920 950
1014 986 950 983
1034 1014 983 1017
1061 1034 1017 1036
1081 1061 1036 1057
1095 1081 1057 1055
1159 1134 1110 1144
1134 1095 1084 1110
654 632 641 658
632 594 603 641
594 558 563 603
558 523 530 563
523 490 494 530
490 454 458 494
454 421 427 458
421 387 391 427
387 352 359 391
352 322 328 359
40 49 55 51
49 62 66 55
62 77 83 66
77 95 103 83
95 118 123 103
118 136 145 123
63 51 55 67
80 63 67 86
98 80 86 100
114 98 100 111
135 114 111 129
155 135 129 154
180 155 154 183
136 157 163 145
2909 3014 2982 2891
2982 2942 2868 2891
2942 2887 2816 2868
2887 2835 2754 2816
2835 2783 2707 2754
2783 2731 2661 2707
2731 2672 2612 2661
2672 2622 2559 2612
2622 2577 2510 2559
2577 2517 2453 2510
2517 2469 2406 2453
2469 2421 2353 2406
2421 2367 2307 2353
2367 2332 2265 2307
2817 2909 2891 2814
2066 2038 1976 2003
2096 2066 2003 2026
2129 2096 2026 2062
2158 2129 2062 2091
2185 2158 2091 2118
2216 2185 2118 2153
2251 2216 2153 2187
2289 2251 2187 2226
2332 2289 2226 2265
157 179 188 163
322 292 296 328
2726 2817 2814 2737
2635 2726 2737 2649
179 207 217 188
207 236 247 217
236 271 275 247
271 300 304 275
292 264 270 296
2549 2635 2649 2554
2460 2549 2554 2464
2366 2460 2464 2381
2293 2366 2381 2302
2209 2293 2302 2222
2126 2209 2222 2134
2030 2126 2134 2037
1938 2030 2037 1944
1855 1938 1944 1856
1786 1855 1856 1785
1724 1786 1785 1723
1666 1724 1723 1665
1607 1666 1665 1606
1546 1607 1606 1547
1491 1546 1547 1493
1434 1491 1493 1436
1378 1434 1436 1382
1326 1378 1382 1331
1276 1326 1331 1286
1219 1276 1286 1229
1168 1219 1229 1177
1112 1168 1177 1119
1045 1112 1119 1050
981 1045 1050 985
830 906 904 835
772 830 835 779
720 772 779 730
672 720 730 677
626 672 677 638
580 626 638 589
539 580 589 543
495 539 543 501
449 495 501 460
411 449 460 413
370 411 413 377
300 332 338 304
332 370 377 338
264 234 240 270
209 180 183 210
234 209 210 240
1780 1753 1779 1815
1847 1815 1779 1827
1753 1714 1744 1779
1084 1095 1055 1044
1057 1036 1024 1055
1036 1017 992 1024
1017 983 955 992
983 950 912 955
981 985 904 906
985 1050 1063 987
826 804 764 780
764 726 729 780
726 691 683 729
691 658 641 683
950 920 862 912
920 888 857 862
888 861 823 857
861 826 780 823
55 66 71 67
86 67 71 87
2891 2868 2813 2814
2868 2816 2755 2813
2737 2814 2813 2755
66 83 87 71
2649 2737 2755 2668
2816 2754 2668 2755
2754 2707 2627 2668
2707 2661 2598 2627
2661 2612 2548 2598
2612 2559 2496 2548
2559 2510 2438 2496
2510 2453 2386 2438
83 103 108 87
2453 2406 2333 2386
1714 1679 1700 1744
1679 1642 1652 1700
1642 1598 1603 1652
1598 1551 1556 1603
1551 1517 1512 1556
1517 1470 1452 1512
1470 1433 1415 1452
1433 1412 1402 1415
1412 1377 1370 1402
1377 1355 1342 1370
1355 1316 1305 1342
1316 1299 1273 1305
1299 1271 1257 1273
1271 1254 1247 1257
1254 1234 1228 1247
1234 1204 1198 1228
1204 1179 1163 1198
1179 1144 1136 1163
1144 1110 1097 1136
1110 1084 1078 1097
2554 2649 2668 2558
2406 2353 2282 2333
2464 2554 2558 2470
2353 2307 2240 2282
2307 2265 2196 2240
2381 2464 2470 2393
2302 2381 2393 2317
1050 1119 1127 1063
1119 1177 1183 1127
2222 2302 2317 2238
2134 2222 2238 2152
2037 2134 2152 2054
1944 2037 2054 1953
1856 1944 1953 1859
1785 1856 1859 1788
1723 1785 1788 1726
1665 1723 1726 1668
1606 1665 1668 1609
1547 1606 1609 1550
1493 1547 1550 1496
1436 1493 1496 1442
1382 1436 1442 1393
1331 1382 1393 1344
1286 1331 1344 1292
1229 1286 1292 1238
1177 1229 1238 1183
103 123 126 108
123 145 148 126
145 163 171 148
163 188 195 171
188 217 222 195
217 247 251 222
247 275 280 251
275 304 312 280
304 338 345 312
338 377 384 345
377 413 428 384
413 460 468 428
460 501 508 468
501 543 553 508
543 589 601 553
589 638 643 601
638 677 694 643
677 730 740 694
730 779 793 740
779 835 838 793
835 904 890 838
2265 2226 2157 2196
2226 2187 2111 2157
2187 2153 2085 2111
2153 2118 2052 2085
2118 2091 2016 2052
2091 2062 1992 2016
2062 2026 1966 1992
2026 2003 1929 1966
2003 1976 1913 1929
1976 1950 1887 1913
1950 1928 1868 1887
1928 1917 1846 1868
1917 1894 1834 1846
1894 1877 1812 1834
1877 1845 1789 1812
1845 1827 1768 1789
1827 1779 1744 1768
494 458 465 498
458 427 433 465
427 391 403 433
530 494 498 535
563 530 535 570
603 563 570 605
641 603 605 646
391 359 368 403
359 328 334 368
328 296 302 334
296 270 274 302
270 240 248 274
240 210 220 248
210 183 190 220
183 154 162 190
154 129 132 162
111 100 86 106
86 87 108 106
129 111 106 132
1247 1228 1237 1257
1044 1055 1024 1011
1084 1044 1041 1078
1024 992 967 1011
823 780 768 806
857 823 806 862
992 955 925 967
955 912 870 925
912 862 817 870
1097 1078 1041 1070
1136 1097 1070 1120
1228 1198 1199 1237
1273 1257 1237 1249
1744 1700 1713 1768
641 646 689 683
1198 1163 1160 1199
1163 1136 1120 1160
1305 1273 1249 1274
1342 1305 1274 1321
1370 1342 1321 1373
1402 1370 1373 1415
1452 1415 1373 1404
1700 1652 1660 1713
729 683 689 731
780 729 731 768
1789 1768 1713 1741
1812 1789 1741 1764
1834 1812 1764 1781
1846 1834 1781 1803
1868 1846 1803 1811
1887 1868 1811 1826
132 106 108 140
1652 1603 1612 1660
1603 1556 1571 1612
1556 1512 1515 1571
1512 1452 1462 1515
985 987 890 904
793 838 890 812
740 793 812 754
694 740 754 702
108 126 143 140
126 148 156 143
643 694 702 652
148 171 175 156
601 643 652 606
553 601 606 565
508 553 565 515
468 508 515 476
428 468 476 438
162 132 140 168
190 162 168 199
2558 2668 2627 2553
2627 2598 2537 2553
2598 2548 2483 2537
2548 2496 2430 2483
2496 2438 2369 2430
2438 2386 2316 2369
2386 2333 2253 2316
2333 2282 2208 2253
2282 2240 2168 2208
2240 2196 2127 2168
2470 2558 2553 2476
171 195 200 175
2393 2470 2476 2408
2553 2537 2483 2476
2317 2393 2408 2336
2238 2317 2336 2267
2152 2238 2267 2179
2054 2152 2179 2071
1953 2054 2071 1961
1859 1953 1961 1864
1788 1859 1864 1792
1726 1788 1792 1729
1668 1726 1729 1671
1609 1668 1671 1615
1550 1609 1615 1563
1496 1550 1563 1508
1442 1496 1508 1454
1393 1442 1454 1400
1344 1393 1400 1349
1292 1344 1349 1297
1238 1292 1297 1242
1183 1238 1242 1189
1127 1183 1189 1137
1063 1127 1137 1073
384 428 438 402
345 384 402 364
2196 2157 2081 2127
2157 2111 2044 2081
2111 2085 2008 2044
2085 2052 1984 2008
2052 2016 1954 1984
2016 1992 1923 1954
1992 1966 1898 1923
1966 1929 1870 1898
1913 1887 1826 1843
1929 1913 1843 1870
987 1063 1073 1002
195 222 227 200
312 345 364 330
222 251 267 227
280 312 330 298
251 280 298 267
220 190 199 226
248 220 226 252
274 248 252 279
302 274 279 309
334 302 309 342
368 334 342 376
403 368 376 410
433 403 410 443
465 433 443 471
498 465 471 505
535 498 505 542
570 535 542 578
605 570 578 610
646 605 610 650
1044 1011 997 1041
1011 967 946 997
967 925 884 946
925 870 836 884
817 862 806 784
870 817 785 836
1249 1237 1199 1207
1199 1160 1157 1207
1160 1120 1108 1157
1274 1249 1207 1226
1321 1274 1226 1291
890 987 1002 931
227 267 250 223
200 227 223 201
175 200 201 193
140 143 156 168
2408 2476 2483 2420
812 890 931 851
1462 1452 1404 1420
2483 2430 2371 2420
1515 1462 1461 1523
1571 1515 1523 1577
1612 1571 1577 1636
1404 1373 1321 1365
1660 1612 1636 1690
1713 1660 1690 1741
1764 1741 1690 1707
1781 1764 1707 1752
1803 1781 1752 1756
1811 1803 1756 1765
1826 1811 1765 1772
1843 1826 1772 1784
1870 1843 1784 1809
2430 2369 2313 2371
2408 2420 2371 2336
2336 2371 2313 2267
1898 1870 1809 1829
1923 1898 1829 1848
1954 1923 1848 1885
1984 1954 1885 1916
2008 1984 1916 1934
2044 2008 1934 1968
2081 2044 1968 2002
754 812 851 782
702 754 782 723
652 702 723 670
606 652 670 616
565 606 616 574
515 565 574 533
476 515 533 486
438 476 486 447
2369 2316 2239 2313
806 768 760 784
768 731 735 760
731 689 699 735
646 650 699 689
2127 2081 2002 2047
2168 2127 2047 2092
2208 2168 2092 2132
2316 2253 2147 2239
2253 2208 2132 2147
402 438 447 409
364 402 409 373
330 364 373 339
298 330 339 311
156 175 193 168
1120 1070 1059 1108
1070 1041 997 1010
443 410 419 450
410 376 385 419
471 443 450 484
505 471 484 512
542 505 512 548
578 542 548 585
610 578 585 620
650 610 620 668
376 342 351 385
342 309 325 351
309 279 295 325
279 252 269 295
252 226 238 269
226 199 211 238
199 168 193 211
193 201 223 211
1508 1563 1576 1520
1563 1615 1630 1576
1454 1508 1520 1464
1400 1454 1464 1411
1349 1400 1411 1357
1297 1349 1357 1307
1242 1297 1307 1250
1189 1242 1250 1194
1137 1189 1194 1142
1073 1137 1142 1080
1002 1073 1080 1015
1615 1671 1680 1630
1671 1729 1731 1680
1729 1792 1794 1731
1792 1864 1869 1794
1864 1961 1955 1869
1961 2071 2018 1955
2267 2313 2239 2179
2179 2239 2147 2071
1070 1010 1006 1059
1010 997 962 963
817 784 747 785
784 760 735 747
298 311 306 267
650 668 708 699
1420 1404 1365 1403
735 699 708 747
668 620 633 676
1523 1461 1466 1528
1577 1523 1528 1586
1707 1690 1636 1643
1636 1577 1586 1643
1756 1752 1707 1706
1461 1462 1420 1403
1765 1756 1706 1709
311 339 344 306
339 373 378 344
373 409 414 378
1015 1080 1086 1012
1080 1142 1145 1086
1002 1015 954 931
409 447 456 414
851 931 954 913
1226 1207 1157 1156
1321 1291 1319 1365
1772 1765 1709 1717
1784 1772 1717 1739
1809 1784 1739 1758
1829 1809 1758 1773
1848 1829 1773 1801
1885 1848 1801 1823
1916 1885 1823 1844
1934 1916 1844 1871
1968 1934 1871 1884
250 267 306 281
211 223 250 238
238 250 281 269
295 269 281 310
325 295 310 341
351 325 341 371
385 351 371 406
419 385 406 437
450 419 437 469
484 450 469 500
512 484 500 528
548 512 528 554
620 585 590 633
585 548 554 590
447 486 497 456
486 533 541 497
533 574 586 541
574 616 636 586
616 670 680 636
2002 1968 1884 1920
2047 2002 1920 1967
997 946 927 962
946 884 867 927
884 836 802 867
836 785 741 802
2018 2071 2147 2053
2147 2132 2067 2053
2132 2092 2019 2067
2092 2047 1967 2019
1142 1194 1201 1145
1194 1250 1258 1201
782 851 913 805
670 723 738 680
723 782 805 738
1250 1307 1312 1258
1307 1357 1367 1312
1357 1411 1419 1367
1411 1464 1472 1419
1464 1520 1529 1472
1520 1576 1585 1529
1576 1630 1641 1585
1630 1680 1686 1641
1680 1731 1727 1686
1731 1794 1787 1727
1794 1869 1883 1787
1869 1955 1979 1883
1955 2018 2053 1979
1157 1108 1099 1156
1108 1059 1043 1099
1006 1010 963 951
963 962 927 919
802 741 742 800
785 747 708 741
708 668 676 741
867 802 800 864
927 867 864 919
1059 1006 990 1043
281 306 335 310
1706 1707 1643 1649
1709 1706 1649 1654
1717 1709 1654 1664
1466 1461 1403 1407
1365 1319 1358 1403
1015 1012 913 954
1012 1086 1092 1021
1739 1717 1664 1687
1758 1739 1687 1702
1773 1758 1702 1720
1801 1773 1720 1749
1823 1801 1749 1769
1844 1823 1769 1793
1871 1844 1793 1820
1884 1871 1820 1802
1920 1884 1802 1835
1967 1920 1835 1883
2067 2019 1979 2053
2019 1967 1883 1979
1787 1883 1835 1766
341 310 335 356
371 341 356 379
406 371 379 415
437 406 415 455
469 437 455 499
500 469 499 517
528 500 517 537
554 528 537 557
590 554 557 591
633 590 591 635
676 633 635 678
741 676 678 742
1643 1586 1590 1649
1586 1528 1532 1590
1528 1466 1469 1532
1086 1145 1153 1092
1145 1201 1208 1153
1201 1258 1265 1208
1258 1312 1317 1265
1312 1367 1372 1317
1367 1419 1428 1372
1419 1472 1485 1428
1472 1529 1540 1485
1529 1585 1599 1540
1585 1641 1647 1599
1641 1686 1685 1647
1686 1727 1711 1685
306 344 363 335
344 378 390 363
378 414 429 390
414 456 467 429
456 497 507 467
497 541 550 507
541 586 598 550
586 636 645 598
636 680 697 645
680 738 751 697
738 805 837 751
805 913 938 837
913 1012 1021 938
1319 1291 1263 1303
1291 1226 1209 1263
1226 1156 1143 1209
1156 1099 1087 1143
1099 1043 1031 1087
1006 951 918 990
951 963 919 917
1711 1727 1787 1766
1685 1711 1678 1647
1043 990 978 1031
1649 1590 1600 1654
1590 1532 1539 1600
919 864 876 917
864 800 808 876
1469 1466 1407 1406
1358 1319 1303 1353
1403 1358 1353 1407
335 363 372 356
1532 1469 1474 1539
1303 1263 1209 1268
1599 1647 1678 1626
1664 1654 1600 1608
1540 1599 1626 1549
1485 1540 1549 1495
1428 1485 1495 1443
1372 1428 1443 1388
1317 1372 1388 1327
1687 1664 1608 1632
1702 1687 1632 1646
1720 1702 1646 1667
1749 1720 1667 1699
1769 1749 1699 1715
1793 1769 1715 1748
1820 1793 1748 1802
1265 1317 1327 1272
1208 1265 1272 1213
363 390 399 372
379 356 372 399
415 379 399 442
399 390 429 442
429 467 481 442
467 507 518 481
507 550 566 518
550 598 607 566
598 645 655 607
455 415 442 474
557 537 517 551
591 557 551 588
635 591 588 621
678 635 621 649
1153 1208 1213 1158
645 697 703 655
800 742 752 808
742 678 701 752
1092 1153 1158 1098
1021 1092 1098 1030
697 751 759 703
751 837 821 759
938 1021 1030 959
1835 1802 1725 1766
1711 1766 1725 1678
837 938 959 892
1143 1087 1049 1106
1087 1031 1009 1049
1209 1143 1106 1165
990 918 923 978
701 678 649 661
918 951 917 876
876 808 840 918
551 517 499 544
588 551 544 584
621 588 584 622
649 621 622 661
1031 978 964 1009
1539 1474 1487 1544
1600 1539 1544 1608
1474 1469 1406 1408
808 752 776 840
1632 1608 1544 1574
455 474 506 499
1353 1303 1268 1340
474 442 481 502
752 701 728 776
1646 1632 1574 1591
1667 1646 1591 1619
1699 1667 1619 1645
1715 1699 1645 1662
1626 1678 1725 1676
1715 1662 1676 1748
1676 1725 1802 1748
1406 1407 1353 1340
481 518 538 502
518 566 577 538
566 607 619 577
607 655 673 619
655 703 725 673
703 759 775 725
759 821 831 775
821 837 892 896
1495 1549 1562 1519
1549 1626 1602 1562
1443 1495 1519 1465
1388 1443 1465 1409
1327 1388 1409 1346
1272 1327 1346 1280
1213 1272 1280 1218
1158 1213 1218 1167
1098 1158 1167 1105
1030 1098 1105 1039
959 1030 1039 973
892 959 973 896
1049 1009 976 1016
1106 1049 1016 1058
1209 1165 1239 1268
1165 1106 1058 1115
923 918 840 856
978 923 928 964
1408 1406 1340 1322
544 499 506 546
506 474 502 513
502 538 545 513
545 546 506 513
584 544 546 583
622 584 583 631
701 661 674 728
661 622 631 674
1009 964 936 976
831 821 896 899
1016 976 944 956
896 973 979 899
1574 1544 1487 1509
1058 1016 956 995
1165 1115 1161 1239
1115 1058 995 1075
538 577 581 545
546 545 581 583
1591 1574 1509 1538
1619 1591 1538 1580
1487 1474 1408 1414
840 776 799 856
1645 1619 1580 1604
1662 1645 1604 1638
1676 1662 1638 1625
1626 1676 1625 1602
776 728 745 799
1602 1625 1582 1562
1268 1239 1322 1340
577 619 634 581
583 581 634 631
619 673 696 634
631 634 696 674
728 674 696 745
775 831 841 798
973 1039 1046 979
1039 1105 1113 1046
1465 1519 1536 1490
1519 1562 1582 1536
1625 1638 1604 1582
1409 1465 1490 1429
1582 1604 1580 1536
1536 1580 1538 1490
1346 1409 1429 1350
1280 1346 1350 1278
1218 1280 1278 1232
1167 1218 1232 1188
1105 1167 1188 1113
673 725 744 696
944 976 936 885
923 856 882 928
936 964 928 882
956 944 885 860
831 899 897 841
696 744 794 745
744 725 775 798
1414 1408 1322 1339
1538 1509 1429 1490
1509 1487 1414 1429
1429 1414 1339 1350
1161 1115 1075 1118
799 745 794 844
899 979 995 897
979 1046 1075 995
1075 1046 1113 1118
1118 1113 1188 1161
1278 1350 1339 1259
1161 1188 1259 1239
1339 1322 1239 1259
856 799 844 882
885 844 794 860
794 744 798 860
897 860 798 841
897 995 956 860
882 844 885 936
1259 1188 1232 1278
1940 1958 1919 1908
908 900 858 865
900 893 855 858
893 886 853 855
886 887 849 853
887 894 850 849
894 901 859 850
901 909 863 859
909 924 871 863
924 942 883 871
942 953 915 883
953 972 940 915
972 991 949 940
991 1013 975 949
1013 1033 1004 975
1033 1054 1028 1004
1054 1082 1051 1028
1082 1101 1083 1051
1101 1132 1107 1083
1132 1152 1138 1107
1152 1181 1155 1138
1181 1200 1187 1155
1200 1227 1210 1187
1227 1252 1246 1210
1252 1279 1270 1246
1279 1310 1306 1270
1310 1329 1325 1306
1329 1364 1362 1325
1364 1384 1383 1362
1384 1416 1418 1383
1416 1441 1447 1418
1441 1473 1477 1447
1473 1500 1506 1477
1500 1533 1534 1506
1533 1564 1567 1534
1564 1589 1588 1567
1589 1624 1627 1588
1624 1651 1653 1627
1651 1683 1695 1653
1683 1708 1719 1695
1708 1743 1754 1719
1743 1771 1778 1754
1771 1804 1813 1778
1804 1831 1840 1813
1831 1867 1880 1840
1867 1908 1919 1880
1958 1974 1926 1919
1974 1983 1932 1926
818 865 858 813
1983 1995 1941 1932
788 818 813 787
1995 2007 1951 1941
749 788 787 746
2007 2021 1964 1951
722 749 746 717
2021 2042 1978 1964
693 722 717 685
2042 2061 1997 1978
2061 2077 2013 1997
657 693 685 653
2077 2100 2040 2013
628 657 653 624
2100 2123 2064 2040
595 628 624 593
2123 2142 2089 2064
562 595 593 559
2142 2170 2108 2089
527 562 559 522
2170 2193 2136 2108
493 527 522 489
2193 2220 2160 2136
457 493 489 451
2220 2249 2186 2160
424 457 451 416
2249 2274 2214 2186
389 424 416 382
2274 2306 2246 2214
2306 2339 2277 2246
355 389 382 348
2339 2377 2318 2277
326 355 348 318
2377 2415 2351 2318
299 326 318 289
2415 2456 2398 2351
273 299 289 266
2456 2501 2436 2398
245 273 266 241
3675 3743 3635 3616
2501 2544 2481 2436
3591 3675 3616 3546
3524 3546 3616 3635
2544 2594 2523 2481
3517 3591 3546 3451
3546 3524 3402 3451
2594 2640 2584 2523
3439 3517 3451 3336
3451 3402 3259 3336
2640 2698 2624 2584
3354 3439 3336 3192
3336 3259 3138 3192
2698 2748 2677 2624
3263 3354 3192 3132
2748 2798 2735 2677
3178 3263 3132 3080
2798 2864 2790 2735
3104 3178 3080 3026
2864 2917 2850 2790
3044 3104 3026 2969
2917 2981 2907 2850
2981 3044 2969 2907
219 245 241 214
2 1 4 6
3138 3031 3040 3192
9 2 6 8
3031 2927 2930 3040
14 9 8 13
2927 2829 2830 2930
19 14 13 18
2829 2730 2736 2830
23 19 18 25
2730 2632 2642 2736
29 23 25 27
2632 2541 2552 2642
34 29 27 33
2541 2452 2461 2552
43 34 33 41
2452 2364 2368 2461
57 43 41 52
2364 2284 2290 2368
74 57 52 70
2284 2202 2206 2290
93 74 70 89
2202 2117 2119 2206
117 93 89 110
2117 2032 2029 2119
138 117 110 131
2032 1946 1942 2029
159 138 131 151
1946 1866 1861 1942
182 159 151 177
1866 1799 1795 1861
206 182 177 203
1799 1736 1733 1795
232 206 203 229
1736 1674 1672 1733
258 232 229 255
1674 1614 1616 1672
287 258 255 282
1614 1555 1559 1616
321 287 282 315
1555 1498 1501 1559
361 321 315 353
1498 1440 1445 1501
401 361 353 396
1440 1386 1389 1445
441 401 396 434
1386 1333 1335 1389
480 441 434 475
1333 1282 1284 1335
525 480 475 519
1282 1223 1224 1284
572 525 519 568
1223 1171 1174 1224
613 572 568 611
1171 1117 1121 1174
664 613 611 662
1117 1053 1056 1121
710 664 662 711
1053 989 993 1056
767 710 711 770
989 911 916 993
833 767 770 834
911 833 834 916
192 219 214 186
4 11 8 6
165 192 186 164
8 11 16 13
13 16 21 18
18 21 26 25
25 26 31 32
144 165 164 142
31 37 39 32
121 144 142 122
37 46 50 39
99 121 122 101
46 61 64 50
79 99 101 81
61 79 81 64
1919 1926 1890 1880
1926 1932 1901 1890
1840 1880 1890 1849
1813 1840 1849 1833
1778 1813 1833 1807
1932 1941 1902 1901
813 858 855 815
787 813 815 791
855 853 822 815
853 849 801 822
746 787 791 748
849 850 807 801
850 859 825 807
859 863 811 825
863 871 816 811
871 883 843 816
1754 1778 1807 1775
1719 1754 1775 1742
883 915 868 843
915 940 898 868
940 949 880 898
1695 1719 1742 1704
1653 1695 1704 1661
1627 1653 1661 1629
1588 1627 1629 1587
1567 1588 1587 1570
1941 1951 1897 1902
1951 1964 1893 1897
1964 1978 1910 1893
1978 1997 1927 1910
1997 2013 1952 1927
2013 2040 1980 1952
2040 2064 2001 1980
2064 2089 2024 2001
2089 2108 2051 2024
2108 2136 2073 2051
2136 2160 2095 2073
1534 1567 1570 1542
1506 1534 1542 1513
1477 1506 1513 1481
1447 1477 1481 1458
2160 2186 2120 2095
1418 1447 1458 1422
1383 1418 1422 1381
1362 1383 1381 1361
1325 1362 1361 1323
1306 1325 1323 1302
1270 1306 1302 1264
1246 1270 1264 1235
1210 1246 1235 1197
1187 1210 1197 1166
1155 1187 1166 1141
1138 1155 1141 1109
1107 1138 1109 1090
1083 1107 1090 1062
1051 1083 1062 1029
1028 1051 1029 1001
1004 1028 1001 966
949 975 934 880
975 1004 966 934
3132 3192 3040 3018
2186 2214 2148 2120
2214 2246 2180 2148
2246 2277 2218 2180
2277 2318 2256 2218
2318 2351 2297 2256
2351 2398 2334 2297
2398 2436 2375 2334
2436 2481 2419 2375
2481 2523 2466 2419
2523 2584 2513 2466
41 33 32 42
52 41 42 53
70 52 53 69
89 70 69 88
110 89 88 107
131 110 107 128
151 131 128 152
177 151 152 178
203 177 178 208
229 203 208 233
255 229 233 261
282 255 261 285
315 282 285 319
353 315 319 354
396 353 354 392
434 396 392 432
475 434 432 472
519 475 472 516
568 519 516 569
611 568 569 615
662 611 615 667
711 662 667 714
770 711 714 773
834 770 773 839
916 834 839 921
993 916 921 996
1056 993 996 1060
1121 1056 1060 1123
1174 1121 1123 1175
1224 1174 1175 1221
1284 1224 1221 1283
1335 1284 1283 1336
1389 1335 1336 1390
1445 1389 1390 1448
1501 1445 1448 1503
1559 1501 1503 1560
1616 1559 1560 1617
1672 1616 1617 1675
1733 1672 1675 1734
1795 1733 1734 1796
1861 1795 1796 1862
1942 1861 1862 1947
2029 1942 1947 2035
2119 2029 2035 2128
2206 2119 2128 2210
2290 2206 2210 2298
2368 2290 2298 2380
2461 2368 2380 2468
2552 2461 2468 2560
2642 2552 2560 2657
2736 2642 2657 2741
2830 2736 2741 2831
2930 2830 2831 2918
3040 2930 2918 3018
3080 3132 3018 2985
3026 3080 2985 2948
2969 3026 2948 2892
2907 2969 2892 2837
2850 2907 2837 2780
2790 2850 2780 2722
2735 2790 2722 2667
2677 2735 2667 2614
2624 2677 2614 2562
2584 2624 2562 2513
32 39 48 42
39 50 54 48
50 64 68 54
64 81 84 68
81 101 104 84
101 122 124 104
122 142 146 124
142 164 166 146
164 186 189 166
186 214 213 189
214 241 235 213
241 266 260 235
266 289 284 260
289 318 314 284
318 348 347 314
348 382 381 347
382 416 417 381
416 451 453 417
451 489 492 453
489 522 526 492
522 559 564 526
559 593 599 564
593 624 630 599
624 653 656 630
653 685 687 656
717 746 748 715
685 717 715 687
791 815 822 801
1849 1890 1901 1874
1833 1849 1874 1850
1807 1833 1850 1838
1775 1807 1838 1818
1742 1775 1818 1761
1704 1742 1761 1712
1661 1704 1712 1694
748 791 801 755
801 807 771 755
807 825 811 771
811 816 762 771
816 843 789 762
715 748 755 716
687 715 716 690
656 687 690 665
1629 1661 1694 1622
1587 1629 1622 1578
1570 1587 1578 1542
843 868 824 789
868 898 880 824
630 656 665 637
599 630 637 608
564 599 608 576
2513 2562 2498 2446
2466 2513 2446 2407
2419 2466 2407 2358
2562 2614 2547 2498
526 564 576 536
492 526 536 496
453 492 496 461
417 453 461 422
381 417 422 388
347 381 388 349
314 347 349 317
2375 2419 2358 2319
2334 2375 2319 2271
2297 2334 2271 2231
2256 2297 2231 2190
2218 2256 2190 2151
2180 2218 2151 2109
2148 2180 2109 2084
2120 2148 2084 2057
2095 2120 2057 2025
2073 2095 2025 2009
2051 2073 2009 1991
2024 2051 1991 1970
2001 2024 1970 1935
1980 2001 1935 1915
1952 1980 1915 1888
1927 1952 1888 1863
1910 1927 1863 1836
1893 1910 1836 1818
42 48 60 53
48 54 65 60
69 53 60 73
54 68 78 65
68 84 90 78
84 104 105 90
104 124 125 105
124 146 147 125
146 166 170 147
166 189 194 170
189 213 216 194
213 235 239 216
235 260 263 239
284 314 317 288
260 284 288 263
2985 3018 2918 2899
2948 2985 2899 2874
2892 2948 2874 2826
2837 2892 2826 2766
2780 2837 2766 2708
2722 2780 2708 2660
2667 2722 2660 2603
2614 2667 2603 2547
2918 2831 2827 2899
2831 2741 2751 2827
2741 2657 2663 2751
2657 2560 2575 2663
2560 2468 2479 2575
2468 2380 2389 2479
2380 2298 2304 2389
2298 2210 2225 2304
2210 2128 2137 2225
2128 2035 2046 2137
2035 1947 1956 2046
1947 1862 1872 1956
1862 1796 1800 1872
1796 1734 1737 1800
1734 1675 1677 1737
1675 1617 1618 1677
1617 1560 1561 1618
1560 1503 1502 1561
1503 1448 1446 1502
1448 1390 1391 1446
88 69 73 91
107 88 91 109
128 107 109 130
152 128 130 160
178 152 160 187
208 178 187 218
233 208 218 244
261 233 244 272
285 261 272 297
319 285 297 329
354 319 329 362
392 354 362 393
432 392 393 431
472 432 431 473
516 472 473 520
569 516 520 573
1390 1336 1337 1391
1336 1283 1285 1337
1283 1221 1225 1285
1221 1175 1178 1225
1175 1123 1124 1178
1123 1060 1068 1124
1060 996 1000 1068
996 921 929 1000
921 839 846 929
839 773 778 846
773 714 724 778
714 667 671 724
667 615 618 671
615 569 573 618
1264 1302 1300 1260
1302 1323 1330 1300
1235 1264 1260 1215
1323 1361 1359 1330
1361 1381 1376 1359
1197 1235 1215 1186
1381 1422 1427 1376
1422 1458 1478 1427
1458 1481 1513 1478
1166 1197 1186 1148
1141 1166 1148 1122
1109 1141 1122 1093
1090 1109 1093 1076
1062 1090 1076 1038
1029 1062 1038 1005
1001 1029 1005 970
966 1001 970 935
934 966 935 877
880 934 877 829
1513 1542 1578 1543
1076 1093 1066 1038
1893 1818 1838 1897
1897 1838 1850 1902
1093 1122 1094 1066
880 829 777 824
1122 1148 1133 1094
1148 1186 1164 1133
1186 1215 1206 1164
1215 1260 1251 1206
1260 1300 1298 1251
1300 1330 1351 1298
1330 1359 1376 1351
1376 1427 1399 1351
2899 2827 2823 2874
1478 1513 1543 1514
2826 2874 2823 2773
2766 2826 2773 2690
716 755 771 704
690 716 704 665
771 762 695 704
789 824 777 734
762 789 734 695
2827 2751 2773 2823
2773 2751 2663 2690
2708 2766 2690 2647
1818 1836 1770 1761
1836 1863 1816 1770
1863 1888 1824 1816
1888 1915 1839 1824
1915 1935 1876 1839
1935 1970 1911 1876
1970 1991 1930 1911
1991 2009 1948 1930
2009 2025 1969 1948
2025 2057 1987 1969
2057 2084 2010 1987
2084 2109 2043 2010
1543 1578 1622 1597
1712 1761 1770 1694
2109 2151 2079 2043
2151 2190 2125 2079
2190 2231 2167 2125
2231 2271 2211 2167
2271 2319 2258 2211
2319 2358 2301 2258
2358 2407 2337 2301
2407 2446 2385 2337
2446 2498 2427 2385
2498 2547 2474 2427
2547 2603 2534 2474
2660 2708 2647 2597
2603 2660 2597 2534
1427 1478 1514 1475
60 65 82 73
65 78 85 82
78 90 102 85
90 105 120 102
105 125 141 120
125 147 150 141
147 170 172 150
170 194 196 172
194 216 221 196
216 239 243 221
239 263 265 243
263 288 291 265
288 317 324 291
317 349 358 324
349 388 395 358
388 422 430 395
422 461 464 430
461 496 504 464
496 536 547 504
536 576 597 547
576 608 640 597
608 637 665 640
665 704 695 640
91 73 82 97
109 91 97 113
82 85 102 97
130 109 113 133
160 130 133 167
187 160 167 198
218 187 198 224
244 218 224 249
272 244 249 276
297 272 276 305
329 297 305 337
362 329 337 369
393 362 369 397
431 393 397 426
473 431 426 477
520 473 477 531
573 520 531 579
618 573 579 629
671 618 629 675
724 671 675 732
778 724 732 786
846 778 786 852
929 846 852 941
1000 929 941 1007
1068 1000 1007 1072
1124 1068 1072 1128
1178 1124 1128 1180
1225 1178 1180 1231
1285 1225 1231 1288
1337 1285 1288 1338
1391 1337 1338 1392
1446 1391 1392 1449
1502 1446 1449 1504
1561 1502 1504 1568
1618 1561 1568 1621
1677 1618 1621 1681
1737 1677 1681 1740
1800 1737 1740 1805
1872 1800 1805 1878
1956 1872 1878 1965
2046 1956 1965 2058
2137 2046 2058 2149
2225 2137 2149 2243
2304 2225 2243 2310
2389 2304 2310 2392
2479 2389 2392 2499
2575 2479 2499 2588
2663 2575 2588 2690
1622 1694 1669 1597
877 935 895 845
935 970 943 895
970 1005 969 943
1005 1038 999 969
829 877 845 790
999 1038 1066 1027
1669 1694 1770 1762
1066 1094 1065 1027
1351 1399 1371 1324
1094 1133 1100 1065
1133 1164 1146 1100
1164 1206 1193 1146
2647 2690 2588 2591
777 829 790 736
734 777 736 682
1206 1251 1240 1193
1514 1543 1597 1552
2597 2647 2591 2535
2534 2597 2535 2462
97 102 115 113
102 120 127 115
120 141 149 127
113 115 127 133
133 127 149 167
141 150 169 149
150 172 174 169
172 196 197 174
196 221 225 197
221 243 246 225
1427 1475 1438 1399
1475 1514 1552 1522
1298 1351 1324 1289
1251 1298 1289 1240
1597 1669 1605 1552
2588 2499 2535 2591
2535 2499 2392 2462
2474 2534 2462 2397
243 265 262 246
265 291 294 262
291 324 331 294
324 358 367 331
358 395 404 367
395 430 436 404
430 464 470 436
464 504 509 470
504 547 561 509
547 597 625 561
597 640 695 625
695 734 682 625
2392 2310 2243 2294
2462 2392 2294 2397
2427 2474 2397 2347
2385 2427 2347 2312
2337 2385 2312 2268
2301 2337 2268 2233
2258 2301 2233 2191
2211 2258 2191 2146
2167 2211 2146 2098
2125 2167 2098 2048
2079 2125 2048 2005
2043 2079 2005 1971
2010 2043 1971 1931
1987 2010 1931 1918
1969 1987 1918 1900
1948 1969 1900 1892
1930 1948 1892 1895
1911 1930 1895 1853
1876 1911 1853 1814
1839 1876 1814 1776
1824 1839 1776 1762
943 969 932 914
969 999 952 932
895 943 914 873
845 895 873 814
790 845 814 761
1128 1072 1079 1135
1180 1128 1135 1185
1231 1180 1185 1236
1288 1231 1236 1290
1338 1288 1290 1343
1072 1007 1019 1079
1007 941 947 1019
941 852 866 947
852 786 795 866
786 732 737 795
732 675 684 737
675 629 639 684
1392 1338 1343 1394
1449 1392 1394 1450
1504 1449 1450 1507
1568 1504 1507 1569
1621 1568 1569 1623
1681 1621 1623 1682
1740 1681 1682 1745
1805 1740 1745 1806
1878 1805 1806 1881
1965 1878 1881 1975
2058 1965 1975 2070
2243 2149 2172 2294
2149 2058 2070 2172
629 579 587 639
579 531 540 587
531 477 491 540
477 426 445 491
337 305 313 346
305 276 283 313
369 337 346 383
397 369 383 426
276 249 256 283
249 224 237 256
224 198 215 237
198 167 191 215
1895 1892 1830 1853
932 875 873 914
873 875 809 814
932 952 889 875
167 149 173 191
149 169 185 173
169 174 197 185
999 1027 984 952
1027 1065 1023 984
1065 1100 1074 1023
1892 1900 1832 1830
197 225 202 185
173 185 202 191
426 383 408 445
1100 1146 1125 1074
1900 1918 1842 1832
790 761 700 736
1475 1522 1482 1438
1522 1552 1605 1558
1371 1399 1438 1417
1770 1816 1824 1762
1814 1853 1830 1763
1762 1776 1710 1669
1605 1669 1710 1650
561 625 604 555
1146 1193 1172 1125
1193 1240 1216 1172
1240 1289 1267 1216
1289 1324 1314 1267
1324 1371 1363 1314
383 346 374 408
2347 2397 2294 2263
509 561 555 511
470 509 511 478
436 470 478 446
404 436 446 412
1776 1814 1763 1710
761 814 809 757
2312 2347 2263 2236
2268 2312 2236 2195
2233 2268 2195 2161
2191 2233 2161 2124
2146 2191 2124 2083
2098 2146 2083 2033
2048 2098 2033 1963
2005 2048 1963 1922
1971 2005 1922 1889
1918 1931 1860 1842
1931 1971 1889 1860
625 682 648 604
682 736 700 648
367 404 412 375
215 191 202 228
237 215 228 253
256 237 253 278
283 256 278 307
313 283 307 340
346 313 340 374
331 367 375 336
294 331 336 301
262 294 301 254
246 262 254 225
202 225 254 228
2294 2172 2174 2263
1135 1079 1089 1140
1079 1019 1025 1089
1185 1135 1140 1190
1236 1185 1190 1241
1290 1236 1241 1294
1343 1290 1294 1348
1019 947 961 1025
947 866 879 961
866 795 803 879
1394 1343 1348 1397
1450 1394 1397 1456
1507 1450 1456 1510
1569 1507 1510 1572
1623 1569 1572 1628
1682 1623 1628 1684
1745 1682 1684 1747
1806 1745 1747 1810
795 737 743 803
737 684 698 743
684 639 647 698
639 587 602 647
587 540 549 602
540 491 503 549
491 445 459 503
1881 1806 1810 1891
1975 1881 1891 1985
2070 1975 1985 2082
2172 2070 2082 2174
952 984 930 889
984 1023 974 930
1023 1074 1026 974
1438 1482 1457 1417
1363 1371 1417 1401
2236 2263 2174 2173
2195 2236 2173 2103
2161 2195 2103 2075
1314 1363 1352 1308
1267 1314 1308 1256
875 889 819 809
2124 2161 2075 2050
2083 2124 2050 2017
459 445 408 423
503 459 466 510
1830 1832 1767 1763
1216 1267 1256 1205
1172 1216 1205 1151
1074 1125 1091 1026
1125 1172 1151 1091
1558 1605 1650 1595
1710 1763 1688 1650
1522 1558 1524 1482
761 757 706 700
757 809 819 763
2033 2083 2017 1998
2174 2082 2103 2173
2082 1985 1993 2103
1985 1891 1903 1993
1891 1810 1819 1903
1810 1747 1750 1819
1747 1684 1689 1750
1684 1628 1631 1689
1628 1572 1575 1631
1572 1510 1516 1575
1510 1456 1460 1516
1456 1397 1405 1460
1397 1348 1354 1405
1348 1294 1301 1354
1294 1241 1248 1301
1241 1190 1196 1248
1190 1140 1147 1196
1140 1089 1096 1147
1089 1025 1037 1096
1025 961 977 1037
961 879 903 977
408 374 398 423
374 340 366 398
879 803 820 903
253 228 254 277
278 253 277 303
340 307 333 366
307 278 303 333
1832 1842 1777 1767
1842 1860 1797 1777
1860 1889 1817 1797
1889 1922 1837 1817
1922 1963 1858 1837
1963 2033 1998 1943
254 301 308 277
803 743 758 820
743 698 705 758
698 647 660 705
647 602 614 660
602 549 567 614
549 503 510 567
301 336 343 308
336 375 380 343
375 412 425 380
412 446 462 425
446 478 483 462
478 511 514 483
511 555 552 514
555 604 582 552
604 648 627 582
648 700 659 627
1401 1417 1457 1430
1363 1401 1387 1352
303 277 308 316
514 552 582 560
1457 1482 1524 1486
1763 1767 1705 1688
819 889 930 848
763 819 848 769
757 763 718 706
466 459 423 439
333 303 316 357
366 333 357 394
316 308 343 357
398 366 394 418
1858 1963 1943 1879
1943 1962 1896 1879
1767 1777 1716 1705
1777 1797 1730 1716
1797 1817 1759 1730
1817 1837 1774 1759
1558 1595 1545 1524
1837 1858 1791 1774
1595 1650 1688 1634
700 706 669 659
2103 1993 1990 2075
2050 2075 1990 1981
2017 2050 1981 1962
1990 1993 1903 1914
1998 2017 1962 1943
930 974 891 848
974 1026 971 891
1026 1091 1042 971
1091 1151 1139 1042
1151 1205 1192 1139
1205 1256 1244 1192
1256 1308 1295 1244
1308 1352 1345 1295
343 380 407 357
380 425 448 407
425 462 487 448
462 483 514 487
820 758 774 847
758 705 727 774
705 660 681 727
660 614 642 681
614 567 596 642
567 510 529 596
510 466 463 529
903 820 847 933
977 903 933 998
1037 977 998 1048
1096 1037 1048 1103
1147 1096 1103 1154
1196 1147 1154 1203
1248 1196 1203 1255
1301 1248 1255 1309
1354 1301 1309 1360
1405 1354 1360 1413
1460 1405 1413 1468
1516 1460 1468 1526
1575 1516 1526 1579
1631 1575 1579 1637
1689 1631 1637 1692
1750 1689 1692 1751
1819 1750 1751 1828
1903 1819 1828 1914
1990 1914 1925 1981
1352 1387 1380 1345
1962 1981 1925 1896
1925 1914 1828 1896
1387 1401 1430 1425
1430 1457 1486 1463
1486 1524 1545 1518
423 398 418 439
1545 1595 1634 1581
659 669 609 627
669 706 718 692
718 763 769 692
514 560 534 487
448 487 534 482
582 627 609 560
418 394 435 463
394 357 407 435
407 448 482 435
1791 1858 1879 1808
1879 1896 1828 1808
463 466 439 418
769 848 891 797
891 971 878 797
971 1042 958 878
1634 1688 1705 1648
1828 1751 1746 1808
1751 1692 1691 1746
1692 1637 1640 1691
1637 1579 1583 1640
1579 1526 1531 1583
1526 1468 1479 1531
1468 1413 1421 1479
1413 1360 1368 1421
1360 1309 1313 1368
1309 1255 1261 1313
1255 1203 1211 1261
1203 1154 1162 1211
1154 1103 1114 1162
1103 1048 1071 1114
1048 998 1020 1071
998 933 960 1020
933 847 869 960
1705 1716 1658 1648
1716 1730 1656 1658
1730 1759 1701 1656
847 774 783 869
774 727 739 783
727 681 712 739
681 642 679 712
642 596 644 679
596 529 600 644
463 435 482 529
529 482 534 600
534 560 609 600
1759 1774 1722 1701
1774 1791 1738 1722
1192 1244 1233 1184
1139 1192 1184 1130
1244 1295 1287 1233
1295 1345 1334 1287
1042 1139 1130 1069
1387 1425 1426 1380
1425 1430 1463 1444
1345 1380 1398 1334
1463 1486 1518 1483
1518 1545 1581 1537
609 669 692 600
733 679 644 707
1808 1746 1738 1791
1746 1691 1693 1738
1691 1640 1644 1693
1640 1583 1594 1644
1583 1531 1541 1594
1531 1479 1489 1541
1479 1421 1431 1489
1421 1368 1375 1431
1368 1313 1318 1375
1313 1261 1269 1318
1261 1211 1217 1269
1211 1162 1176 1217
1162 1114 1126 1176
1114 1071 1077 1126
1042 1069 1008 958
1069 1130 1126 1077
1126 1130 1184 1176
1176 1184 1233 1217
1217 1233 1287 1269
1269 1287 1334 1318
1318 1334 1398 1375
1071 1020 1032 1077
1634 1648 1601 1581
1648 1658 1611 1601
1069 1077 1032 1008
1658 1656 1584 1611
1656 1701 1659 1620
1701 1722 1697 1659
1697 1693 1644 1659
1697 1722 1738 1693
1020 960 1008 1032
1008 960 869 958
644 600 692 707
692 769 797 707
878 958 869 810
797 878 810 781
869 783 756 810
783 739 712 756
1426 1425 1444 1459
1444 1463 1483 1459
1483 1518 1537 1499
1380 1426 1437 1398
756 712 679 733
810 756 733 781
797 781 733 707
1659 1644 1594 1620
1594 1541 1566 1620
1541 1489 1505 1566
1537 1581 1601 1557
1557 1601 1611 1584
1375 1398 1453 1431
1489 1431 1453 1505
1426 1459 1471 1437
1459 1483 1499 1471
1453 1398 1437 1476
1505 1453 1476 1525
1566 1505 1525 1584
1557 1584 1525 1521
1499 1521 1488 1471
1537 1557 1521 1499
1437 1471 1488 1476
1476 1488 1521 1525
1874 1901 1902 1850
32 33 27 25
1584 1656 1620 1566
1958 1940 1988 2004
3212 3228 3305 3288
3200 3212 3288 3269
1988 2022 2049 2004
3175 3200 3269 3247
2022 2065 2093 2049
3153 3175 3247 3223
2065 2105 2135 2093
3133 3153 3223 3201
2105 2143 2175 2135
3107 3133 3201 3169
2143 2181 2212 2175
3089 3107 3169 3146
1974 1958 2004 2014
2181 2221 2254 2212
3063 3089 3146 3115
2221 2257 2288 2254
3036 3063 3115 3090
2257 2296 2327 2288
3003 3036 3090 3054
2296 2331 2355 2327
2978 3003 3054 3020
2331 2360 2394 2355
2950 2978 3020 2987
2360 2402 2429 2394
2914 2950 2987 2954
2402 2434 2467 2429
2884 2914 2954 2925
2434 2471 2508 2467
2859 2884 2925 2890
2471 2509 2550 2508
2821 2859 2890 2865
2509 2542 2590 2550
2787 2821 2865 2832
2542 2585 2619 2590
2753 2787 2832 2793
2585 2615 2654 2619
2715 2753 2793 2761
2615 2655 2687 2654
2688 2715 2761 2721
2655 2688 2721 2687
1983 1974 2014 2034
3305 3374 3364 3288
1995 1983 2034 2056
3374 3448 3442 3364
2007 1995 2056 2069
3448 3521 3518 3442
2021 2007 2069 2087
3521 3585 3586 3518
2042 2021 2087 2097
3585 3662 3667 3586
2061 2042 2097 2106
2077 2061 2106 2131
3662 3729 3737 3667
2100 2077 2131 2155
3729 3814 3821 3737
2123 2100 2155 2177
3814 3883 3890 3821
2142 2123 2177 2198
3883 3952 3956 3890
2170 2142 2198 2229
3952 4012 4021 3956
2193 2170 2229 2255
4012 4069 4077 4021
2220 2193 2255 2278
4069 4128 4133 4077
2249 2220 2278 2309
4128 4184 4187 4133
2274 2249 2309 2340
4184 4236 4239 4187
2306 2274 2340 2378
2339 2306 2378 2412
4236 4290 4297 4239
2377 2339 2412 2449
4290 4347 4350 4297
2415 2377 2449 2494
4347 4400 4402 4350
2456 2415 2494 2529
4400 4446 4447 4402
2501 2456 2529 2582
4446 4483 4490 4447
3743 3675 3693 3747
2544 2501 2582 2620
3675 3591 3673 3693
3673 3753 3747 3693
2594 2544 2620 2669
3591 3517 3634 3673
3753 3673 3634 3760
2640 2594 2669 2717
3517 3439 3599 3634
3760 3634 3599 3765
2698 2640 2717 2775
3439 3354 3554 3599
3765 3599 3554 3772
2748 2698 2775 2824
3354 3263 3411 3554
2798 2748 2824 2879
3263 3178 3291 3411
2864 2798 2879 2939
3178 3104 3202 3291
2917 2864 2939 2993
3104 3044 3123 3202
2981 2917 2993 3059
3044 2981 3059 3123
4483 4524 4528 4490
4826 4824 4821 4823
3778 3772 3554 3621
4824 4819 4817 4821
3786 3778 3621 3664
4819 4814 4812 4817
3802 3786 3664 3686
4814 4811 4805 4812
3818 3802 3686 3700
4811 4806 4800 4805
3831 3818 3700 3713
4806 4803 4796 4800
3849 3831 3713 3727
4803 4799 4792 4796
3861 3849 3727 3757
4799 4795 4785 4792
3882 3861 3757 3776
4795 4788 4780 4785
3903 3882 3776 3798
4788 4782 4768 4780
3920 3903 3798 3827
4782 4771 4755 4768
3941 3920 3827 3851
4771 4762 4743 4755
3967 3941 3851 3872
4762 4747 4727 4743
3983 3967 3872 3906
4747 4732 4716 4727
4005 3983 3906 3930
4732 4719 4697 4716
4033 4005 3930 3957
4719 4699 4676 4697
4046 4033 3957 3980
4699 4680 4661 4676
4075 4046 3980 3998
4680 4667 4644 4661
4099 4075 3998 4007
4667 4648 4625 4644
4116 4099 4007 4048
4648 4631 4613 4625
4146 4116 4048 4085
4631 4617 4592 4613
4169 4146 4085 4109
4617 4599 4579 4592
4200 4169 4109 4140
4599 4583 4556 4579
4218 4200 4140 4163
4583 4561 4532 4556
4252 4218 4163 4192
4561 4547 4514 4532
4274 4252 4192 4215
4547 4526 4493 4514
4293 4274 4215 4234
4526 4508 4475 4493
4327 4293 4234 4269
4508 4485 4450 4475
4344 4327 4269 4288
4485 4471 4432 4450
4378 4344 4288 4324
4471 4445 4403 4432
4398 4378 4324 4346
4445 4426 4381 4403
4426 4398 4346 4381
4524 4557 4564 4528
4816 4823 4821 4817
4557 4593 4600 4564
4809 4816 4817 4812
4809 4812 4805 4804
4593 4623 4629 4600
4797 4804 4805 4800
4623 4652 4656 4629
4789 4797 4800 4790
4652 4678 4681 4656
4777 4789 4790 4774
4678 4707 4709 4681
4759 4777 4774 4756
4707 4738 4736 4709
4738 4759 4756 4736
3288 3364 3351 3269
3247 3269 3351 3329
3223 3247 3329 3307
3201 3223 3307 3278
3169 3201 3278 3244
3146 3169 3244 3210
2014 2004 2049 2068
2034 2014 2068 2090
2049 2093 2110 2068
2093 2135 2165 2110
2135 2175 2204 2165
2175 2212 2244 2204
2212 2254 2281 2244
2254 2288 2324 2281
2288 2327 2350 2324
2327 2355 2382 2350
2355 2394 2416 2382
2394 2429 2457 2416
2429 2467 2503 2457
2467 2508 2546 2503
2508 2550 2592 2546
2550 2590 2628 2592
2590 2619 2664 2628
2619 2654 2671 2664
2654 2687 2710 2671
2687 2721 2758 2710
2721 2761 2802 2758
2761 2793 2838 2802
2056 2034 2090 2107
2069 2056 2107 2130
2087 2069 2130 2140
3364 3442 3427 3351
3442 3518 3502 3427
3518 3586 3580 3502
3586 3667 3663 3580
2097 2087 2140 2150
2106 2097 2150 2144
3115 3146 3210 3180
3090 3115 3180 3145
3054 3090 3145 3101
3020 3054 3101 3068
2987 3020 3068 3035
2954 2987 3035 2995
2925 2954 2995 2962
2890 2925 2962 2935
2865 2890 2935 2901
2832 2865 2901 2873
2793 2832 2873 2838
3667 3737 3738 3663
3737 3821 3822 3738
2131 2106 2144 2176
2155 2131 2176 2205
2177 2155 2205 2234
2198 2177 2234 2261
2229 2198 2261 2285
2255 2229 2285 2315
3821 3890 3893 3822
3890 3956 3958 3893
3956 4021 4023 3958
4021 4077 4079 4023
4077 4133 4137 4079
2278 2255 2315 2341
4133 4187 4190 4137
2309 2278 2341 2373
4187 4239 4246 4190
2340 2309 2373 2411
4239 4297 4300 4246
4297 4350 4356 4300
4350 4402 4407 4356
4402 4447 4455 4407
2378 2340 2411 2445
2412 2378 2445 2488
2449 2412 2488 2520
4447 4490 4495 4455
2494 2449 2520 2567
4490 4528 4536 4495
2529 2494 2567 2611
3554 3411 3493 3621
3411 3291 3388 3493
3291 3202 3297 3388
3202 3123 3211 3297
3123 3059 3142 3211
3664 3621 3493 3553
3686 3664 3553 3582
3700 3686 3582 3592
3713 3700 3592 3594
3059 2993 3072 3142
2993 2939 3013 3072
2939 2879 2957 3013
2879 2824 2904 2957
2824 2775 2860 2904
2775 2717 2804 2860
2717 2669 2752 2804
2669 2620 2703 2752
2582 2529 2611 2658
2620 2582 2658 2703
3727 3713 3594 3613
3757 3727 3613 3643
3776 3757 3643 3665
3798 3776 3665 3683
3827 3798 3683 3711
3851 3827 3711 3736
3872 3851 3736 3773
3906 3872 3773 3808
3930 3906 3808 3841
3957 3930 3841 3866
3980 3957 3866 3905
3998 3980 3905 3921
4007 3998 3921 3926
4528 4564 4575 4536
4564 4600 4605 4575
4600 4629 4635 4605
4629 4656 4660 4635
4656 4681 4687 4660
4681 4709 4713 4687
4709 4736 4735 4713
4736 4756 4754 4735
4756 4774 4773 4754
4774 4790 4786 4773
4790 4800 4796 4786
4796 4792 4783 4786
4792 4785 4775 4783
4785 4780 4766 4775
4780 4768 4753 4766
4768 4755 4742 4753
4755 4743 4723 4742
4743 4727 4706 4723
4727 4716 4693 4706
4716 4697 4674 4693
4697 4676 4655 4674
4676 4661 4642 4655
4661 4644 4622 4642
4644 4625 4608 4622
4625 4613 4588 4608
4613 4592 4569 4588
4592 4579 4549 4569
4579 4556 4527 4549
4556 4532 4503 4527
4532 4514 4481 4503
4514 4493 4459 4481
4493 4475 4435 4459
4475 4450 4411 4435
4450 4432 4388 4411
4432 4403 4359 4388
4403 4381 4330 4359
4381 4346 4291 4330
4346 4324 4268 4291
4324 4288 4230 4268
4288 4269 4209 4230
4269 4234 4177 4209
4234 4215 4154 4177
4215 4192 4127 4154
4192 4163 4103 4127
4163 4140 4080 4103
4140 4109 4044 4080
4109 4085 4024 4044
4085 4048 3985 4024
4048 4007 3943 3985
2068 2110 2139 2090
2107 2090 2139 2166
2130 2107 2166 2183
2110 2165 2189 2139
2140 2130 2183 2200
2165 2204 2235 2189
2204 2244 2275 2235
2244 2281 2322 2275
2281 2324 2352 2322
2324 2350 2387 2352
2350 2382 2400 2387
2382 2416 2431 2400
2416 2457 2478 2431
2457 2503 2532 2478
2503 2546 2589 2532
2546 2592 2634 2589
2592 2628 2691 2634
2628 2664 2734 2691
2664 2671 2710 2734
2710 2758 2796 2734
2758 2802 2847 2796
2802 2838 2886 2847
2838 2873 2921 2886
2873 2901 2951 2921
2901 2935 2979 2951
2935 2962 3004 2979
2962 2995 3042 3004
2995 3035 3079 3042
3035 3068 3119 3079
3068 3101 3164 3119
3101 3145 3209 3164
3145 3180 3254 3209
3180 3210 3298 3254
3210 3244 3333 3298
3244 3278 3362 3333
3278 3307 3389 3362
3307 3329 3417 3389
3329 3351 3427 3417
3427 3502 3488 3417
3502 3580 3570 3488
3580 3663 3654 3570
3663 3738 3725 3654
3738 3822 3815 3725
3822 3893 3888 3815
3893 3958 3953 3888
3958 4023 4020 3953
4023 4079 4076 4020
4079 4137 4136 4076
4137 4190 4191 4136
4190 4246 4250 4191
2150 2140 2200 2215
2144 2150 2215 2176
4246 4300 4302 4250
2703 2658 2739 2791
2658 2611 2696 2739
2611 2567 2650 2696
2752 2703 2791 2846
2804 2752 2846 2894
2860 2804 2894 2945
2567 2520 2605 2650
2520 2488 2564 2605
2488 2445 2518 2564
2445 2411 2480 2518
2411 2373 2439 2480
2373 2341 2409 2439
2341 2315 2372 2409
2315 2285 2343 2372
2285 2261 2321 2343
2261 2234 2292 2321
2234 2205 2259 2292
2205 2176 2215 2259
4300 4356 4360 4302
2904 2860 2945 2989
4786 4783 4767 4773
4754 4773 4767 4750
4735 4754 4750 4733
4713 4735 4733 4715
4687 4713 4715 4690
4660 4687 4690 4664
4635 4660 4664 4640
4605 4635 4640 4614
4575 4605 4614 4580
3553 3493 3388 3463
3388 3297 3400 3463
3582 3553 3463 3509
3297 3211 3323 3400
3211 3142 3224 3323
3142 3072 3147 3224
3072 3013 3087 3147
3013 2957 3037 3087
2957 2904 2989 3037
3592 3582 3509 3485
3594 3592 3485 3447
3613 3594 3447 3492
3643 3613 3492 3528
3665 3643 3528 3547
3683 3665 3547 3567
3711 3683 3567 3595
3736 3711 3595 3623
3773 3736 3623 3660
3808 3773 3660 3695
3841 3808 3695 3731
3866 3841 3731 3779
3905 3866 3779 3825
3921 3905 3825 3852
4356 4407 4410 4360
4536 4575 4580 4544
4495 4536 4544 4504
4407 4455 4461 4410
4455 4495 4504 4461
4783 4775 4764 4767
4775 4766 4751 4764
4766 4753 4741 4751
4753 4742 4722 4741
4742 4723 4705 4722
4723 4706 4692 4705
4706 4693 4671 4692
4693 4674 4651 4671
4674 4655 4634 4651
4655 4642 4618 4634
4642 4622 4596 4618
4622 4608 4581 4596
4608 4588 4558 4581
4588 4569 4545 4558
4569 4549 4522 4545
4549 4527 4498 4522
4527 4503 4464 4498
3985 3943 3876 3917
3943 4007 3926 3891
4024 3985 3917 3954
4044 4024 3954 3984
4080 4044 3984 4013
4103 4080 4013 4039
4127 4103 4039 4067
4154 4127 4067 4094
4177 4154 4094 4118
4209 4177 4118 4150
4230 4209 4150 4176
4268 4230 4176 4210
4291 4268 4210 4244
4330 4291 4244 4278
4359 4330 4278 4316
4388 4359 4316 4338
4411 4388 4338 4369
4435 4411 4369 4391
4459 4435 4391 4423
4481 4459 4423 4442
4503 4481 4442 4464
3389 3417 3488 3468
3362 3389 3468 3446
3333 3362 3446 3418
3298 3333 3418 3381
3254 3298 3381 3347
2166 2139 2189 2213
2189 2235 2264 2213
2235 2275 2311 2264
2275 2322 2357 2311
2322 2352 2399 2357
2352 2387 2428 2399
2387 2400 2431 2428
3926 3921 3852 3870
3876 3943 3891 3833
3917 3876 3795 3846
2183 2166 2213 2241
3488 3570 3555 3468
3570 3654 3638 3555
3654 3725 3719 3638
3725 3815 3803 3719
3815 3888 3880 3803
3888 3953 3951 3880
3953 4020 4014 3951
3463 3400 3485 3509
3400 3323 3447 3485
3891 3926 3870 3839
3209 3254 3347 3296
3164 3209 3296 3236
3119 3164 3236 3176
3079 3119 3176 3124
3042 3079 3124 3081
3004 3042 3081 3047
2979 3004 3047 3021
2951 2979 3021 2999
2921 2951 2999 2976
2886 2921 2976 2946
2847 2886 2946 2903
3954 3917 3846 3879
2796 2847 2903 2862
2734 2796 2862 2795
2691 2734 2795 2745
2634 2691 2745 2692
2589 2634 2692 2625
2532 2589 2625 2573
2478 2532 2573 2502
2431 2478 2502 2428
4020 4076 4070 4014
4076 4136 4129 4070
4136 4191 4186 4129
4191 4250 4248 4186
4250 4302 4307 4248
4302 4360 4364 4307
3323 3224 3320 3447
3224 3147 3215 3320
3147 3087 3150 3215
3087 3037 3108 3150
3037 2989 3077 3108
2989 2945 3045 3077
2945 2894 3005 3045
4767 4764 4748 4750
2200 2183 2241 2266
2215 2200 2266 2291
2259 2215 2291 2325
2292 2259 2325 2349
2321 2292 2349 2383
4360 4410 4416 4364
4410 4461 4465 4416
2894 2846 2961 3005
2846 2791 2897 2961
3492 3447 3320 3373
4464 4442 4394 4418
4442 4423 4379 4394
4423 4391 4345 4379
4391 4369 4323 4345
2343 2321 2383 2410
2372 2343 2410 2437
2409 2372 2437 2473
2439 2409 2473 2514
2480 2439 2514 2556
2518 2480 2556 2599
2564 2518 2599 2643
2605 2564 2643 2693
2650 2605 2693 2733
4498 4464 4449 4477
4522 4498 4477 4497
4545 4522 4497 4518
4558 4545 4518 4533
4369 4338 4285 4323
4338 4316 4260 4285
4316 4278 4222 4260
4278 4244 4195 4222
2696 2650 2733 2781
2791 2739 2834 2897
2739 2696 2781 2834
4764 4751 4740 4748
4751 4741 4725 4740
4741 4722 4711 4725
4722 4705 4694 4711
4705 4692 4673 4694
4692 4671 4650 4673
4671 4651 4626 4650
4651 4634 4604 4626
4634 4618 4586 4604
4618 4596 4572 4586
4581 4558 4533 4552
4596 4581 4552 4572
4733 4750 4748 4730
4715 4733 4730 4717
4690 4715 4717 4695
4664 4690 4695 4670
4640 4664 4670 4646
4614 4640 4646 4620
4580 4614 4620 4589
4544 4580 4589 4554
4461 4504 4510 4465
4504 4544 4554 4510
3528 3492 3373 3412
3984 3954 3879 3912
4013 3984 3912 3946
4039 4013 3946 3975
4067 4039 3975 4001
4094 4067 4001 4034
4118 4094 4034 4058
4150 4118 4058 4089
4176 4150 4089 4114
4244 4210 4153 4195
4210 4176 4114 4153
3547 3528 3412 3426
3567 3547 3426 3444
3595 3567 3444 3466
3623 3595 3466 3494
3660 3623 3494 3536
3695 3660 3536 3575
3731 3695 3575 3626
3779 3731 3626 3677
3825 3779 3677 3724
3852 3825 3724 3782
3870 3852 3782 3839
3891 3839 3791 3833
2213 2264 2299 2241
2264 2311 2344 2299
2311 2357 2401 2344
2399 2428 2502 2448
2357 2399 2448 2401
3446 3468 3555 3535
4748 4740 4728 4730
3876 3833 3748 3795
4717 4730 4728 4720
4725 4720 4728 4740
4695 4717 4720 4700
4670 4695 4700 4677
3555 3638 3614 3535
3418 3446 3535 3500
3381 3418 3500 3474
3638 3719 3697 3614
4646 4670 4677 4657
4620 4646 4657 4636
4464 4418 4422 4449
4418 4394 4357 4380
3347 3381 3474 3440
3296 3347 3440 3384
3236 3296 3384 3322
3176 3236 3322 3239
3124 3176 3239 3165
3081 3124 3165 3109
3047 3081 3109 3073
3021 3047 3073 3069
2999 3021 3069 3061
2976 2999 3061 3041
2946 2976 3041 3011
2903 2946 3011 2972
2862 2903 2972 2924
2795 2862 2924 2867
2745 2795 2867 2807
2692 2745 2807 2743
4725 4711 4700 4720
4700 4711 4694 4677
4677 4694 4673 4657
4657 4673 4650 4636
2625 2692 2743 2678
2573 2625 2678 2623
2502 2573 2623 2571
4394 4379 4333 4357
4379 4345 4310 4333
4345 4323 4276 4310
4323 4285 4238 4276
4285 4260 4206 4238
4260 4222 4166 4206
4222 4195 4138 4166
4195 4153 4095 4138
4153 4114 4059 4095
4114 4089 4029 4059
4089 4058 3993 4029
4058 4034 3969 3993
4034 4001 3932 3969
4001 3975 3904 3932
3975 3946 3863 3904
3946 3912 3838 3863
3912 3879 3797 3838
3879 3846 3758 3797
3846 3795 3702 3758
4650 4626 4607 4636
4620 4636 4607 4589
3373 3320 3215 3270
3215 3150 3204 3270
3150 3108 3191 3204
3108 3077 3174 3191
3077 3045 3156 3174
3045 3005 3144 3156
3005 2961 3121 3144
2961 2897 3008 3121
2897 2834 2933 3008
2834 2781 2871 2933
2781 2733 2819 2871
2733 2693 2776 2819
2693 2643 2724 2776
2643 2599 2674 2724
2599 2556 2626 2674
2556 2514 2587 2626
2514 2473 2538 2587
2473 2437 2507 2538
2437 2410 2475 2507
2410 2383 2444 2475
2383 2349 2418 2444
2349 2325 2391 2418
2325 2291 2356 2391
2291 2266 2329 2356
2266 2241 2299 2329
3412 3373 3270 3290
3426 3412 3290 3299
3270 3204 3191 3290
3290 3191 3174 3299
3444 3426 3299 3306
3299 3174 3156 3306
4554 4589 4607 4566
4510 4554 4566 4516
4465 4510 4516 4468
4416 4465 4468 4419
4364 4416 4419 4363
4307 4364 4363 4304
4248 4307 4304 4242
4186 4248 4242 4180
4129 4186 4180 4124
4070 4129 4124 4065
4014 4070 4065 4006
3951 4014 4006 3945
3880 3951 3945 3869
4626 4604 4566 4607
4604 4586 4550 4566
4586 4572 4535 4550
4572 4552 4519 4535
4552 4533 4505 4519
4533 4518 4486 4505
4518 4497 4473 4486
4497 4477 4453 4473
4477 4449 4438 4453
3466 3444 3306 3312
3306 3156 3144 3312
3494 3466 3312 3331
3536 3494 3331 3391
3575 3536 3391 3456
3626 3575 3456 3510
3677 3626 3510 3565
3724 3677 3565 3632
3782 3724 3632 3712
3839 3782 3712 3791
2299 2344 2388 2329
2502 2571 2505 2448
3702 3795 3748 3653
4438 4449 4422 4415
3803 3880 3869 3780
3719 3803 3780 3697
3748 3833 3791 3712
3500 3535 3614 3584
3474 3500 3584 3562
3312 3144 3121 3331
3440 3474 3562 3533
4453 4438 4415 4428
4473 4453 4428 4437
2571 2623 2699 2656
2623 2678 2723 2699
2678 2743 2805 2723
2743 2807 2876 2805
3384 3440 3533 3480
3322 3384 3480 3415
2807 2867 2943 2876
2867 2924 3000 2943
2924 2972 3058 3000
2972 3011 3091 3058
3011 3041 3116 3091
3041 3061 3130 3116
3061 3069 3127 3130
3069 3073 3109 3127
3109 3165 3207 3127
3165 3239 3314 3207
3239 3322 3415 3314
4418 4380 4389 4422
4380 4357 4320 4341
3614 3697 3670 3584
2344 2401 2440 2388
2401 2448 2505 2440
4486 4473 4437 4452
4505 4486 4452 4472
4519 4505 4472 4482
4535 4519 4482 4494
4516 4566 4550 4509
4550 4535 4494 4509
4468 4516 4509 4463
4419 4468 4463 4412
4363 4419 4412 4358
4304 4363 4358 4295
4242 4304 4295 4231
4180 4242 4231 4174
4124 4180 4174 4112
4065 4124 4112 4056
4006 4065 4056 3997
3945 4006 3997 3938
3869 3945 3938 3867
2356 2329 2388 2422
2391 2356 2422 2459
2418 2391 2459 2493
2444 2418 2493 2516
2475 2444 2516 2545
2507 2475 2545 2581
2538 2507 2581 2613
2587 2538 2613 2659
2626 2587 2659 2705
2674 2626 2705 2759
2724 2674 2759 2815
2776 2724 2815 2869
2819 2776 2869 2908
2871 2819 2908 2952
2933 2871 2952 3016
3008 2933 3016 3096
3391 3331 3121 3219
3121 3008 3096 3219
3456 3391 3219 3311
3510 3456 3311 3377
3565 3510 3377 3445
3632 3565 3445 3526
3712 3632 3526 3593
3748 3712 3593 3653
4357 4333 4284 4320
4333 4310 4262 4284
4310 4276 4224 4262
4276 4238 4197 4224
4238 4206 4151 4197
4206 4166 4110 4151
4166 4138 4078 4110
4138 4095 4036 4078
4095 4059 3996 4036
4059 4029 3963 3996
4029 3993 3923 3963
3993 3969 3892 3923
3969 3932 3853 3892
3932 3904 3824 3853
3904 3863 3781 3824
3863 3838 3742 3781
3838 3797 3710 3742
3797 3758 3668 3710
3758 3702 3611 3668
4389 4380 4341 4375
4422 4389 4375 4415
3869 3867 3800 3780
3130 3127 3207 3230
3116 3130 3230 3218
3867 3938 3928 3864
3938 3997 3981 3928
3697 3780 3723 3670
3091 3116 3218 3197
3668 3611 3523 3569
3702 3653 3550 3611
3710 3668 3569 3618
2571 2656 2561 2505
2723 2805 2782 2699
2440 2505 2561 2492
2388 2440 2492 2422
2459 2422 2492 2527
3997 4056 4040 3981
3058 3091 3197 3170
3562 3584 3670 3650
4056 4112 4106 4040
4112 4174 4167 4106
4174 4231 4227 4167
3742 3710 3618 3655
3781 3742 3655 3691
3824 3781 3691 3722
3853 3824 3722 3767
3892 3853 3767 3804
3923 3892 3804 3845
3533 3562 3650 3629
3480 3533 3629 3588
3415 3480 3588 3506
3207 3314 3398 3230
3314 3415 3506 3398
4231 4295 4286 4227
3963 3923 3845 3885
3000 3058 3170 3092
2943 3000 3092 3027
2876 2943 3027 2968
3996 3963 3885 3927
4036 3996 3927 3973
4078 4036 3973 4016
4110 4078 4016 4053
4151 4110 4053 4097
4197 4151 4097 4141
4224 4197 4141 4173
4262 4224 4173 4211
4284 4262 4211 4241
3219 3096 3173 3311
3096 3016 3075 3173
3016 2952 3006 3075
2952 2908 2996 3006
2908 2869 2974 2996
2869 2815 2912 2974
2493 2459 2527 2570
2516 2493 2570 2596
2545 2516 2596 2616
2581 2545 2616 2636
2613 2581 2636 2676
2659 2613 2676 2732
2705 2659 2732 2788
2815 2759 2856 2912
2759 2705 2788 2856
2805 2876 2968 2910
4295 4358 4348 4286
4358 4412 4404 4348
4509 4494 4454 4463
4494 4482 4443 4454
4412 4463 4454 4404
4482 4472 4433 4443
4472 4452 4414 4433
4452 4437 4396 4414
4437 4428 4385 4396
4428 4415 4375 4385
3445 3377 3229 3295
3526 3445 3295 3392
3377 3311 3173 3229
3593 3526 3392 3476
3653 3593 3476 3550
4320 4284 4241 4275
4341 4320 4275 4299
3723 3780 3800 3728
3670 3723 3728 3650
3523 3611 3550 3452
3800 3867 3864 3813
4375 4341 4299 4328
3218 3230 3398 3358
3629 3650 3728 3762
2782 2805 2910 2875
2656 2699 2782 2757
3006 2996 3099 3075
2996 2974 3120 3099
2974 2912 3034 3120
4404 4454 4443 4392
2527 2492 2561 2608
2912 2856 2956 3034
3197 3218 3358 3316
3170 3197 3316 3283
2856 2788 2880 2956
4385 4375 4328 4340
2788 2732 2811 2880
2732 2676 2746 2811
2676 2636 2695 2746
2636 2616 2701 2695
2616 2596 2684 2701
2570 2527 2608 2665
2596 2570 2665 2684
4396 4385 4340 4352
4414 4396 4352 4370
4433 4414 4370 4384
4443 4433 4384 4392
3229 3173 3075 3099
3295 3229 3099 3120
3392 3295 3120 3248
3476 3392 3248 3363
3550 3476 3363 3452
3588 3629 3762 3741
3506 3588 3741 3637
4348 4404 4392 4339
4286 4348 4339 4280
4227 4286 4280 4219
4167 4227 4219 4158
4106 4167 4158 4090
4040 4106 4090 4025
3981 4040 4025 3960
3928 3981 3960 3913
3864 3928 3913 3859
2561 2656 2680 2608
4275 4241 4201 4226
4299 4275 4226 4263
4241 4211 4162 4201
4211 4173 4117 4162
4173 4141 4082 4117
4141 4097 4038 4082
4097 4053 3986 4038
4053 4016 3942 3986
4016 3973 3896 3942
3973 3927 3847 3896
3927 3885 3790 3847
3885 3845 3745 3790
3845 3804 3703 3745
3804 3767 3669 3703
3767 3722 3628 3669
3722 3691 3597 3628
3691 3655 3561 3597
3655 3618 3529 3561
3618 3569 3479 3529
3569 3523 3422 3479
3027 3092 3195 3126
3092 3170 3280 3195
2968 3027 3126 3066
2910 2968 3066 3009
3864 3859 3762 3813
3800 3813 3762 3728
3422 3523 3452 3356
2746 2695 2701 2806
4328 4299 4263 4281
4226 4201 4149 4189
4263 4226 4189 4221
4201 4162 4108 4149
2811 2746 2806 2896
3280 3170 3283 3366
2875 2910 3009 2967
2880 2811 2896 2984
3120 3034 3149 3248
3283 3316 3425 3366
4340 4328 4281 4289
2757 2782 2875 2853
4162 4117 4060 4108
2701 2684 2784 2806
4392 4384 4331 4339
4384 4370 4321 4331
4352 4340 4289 4314
4370 4352 4314 4321
3506 3637 3548 3398
2680 2656 2757 2764
2608 2680 2704 2665
4280 4339 4331 4271
4117 4082 4017 4060
4082 4038 3968 4017
4038 3986 3909 3968
3452 3363 3257 3356
3363 3248 3149 3257
3986 3942 3855 3909
3942 3896 3792 3855
3896 3847 3740 3792
3847 3790 3688 3740
3790 3745 3644 3688
3745 3703 3603 3644
3703 3669 3563 3603
3669 3628 3534 3563
3628 3597 3496 3534
3597 3561 3465 3496
3561 3529 3433 3465
3529 3479 3386 3433
3479 3422 3328 3386
2684 2665 2771 2784
4219 4280 4271 4208
4158 4219 4208 4144
4090 4158 4144 4072
4025 4090 4072 3990
3960 4025 3990 3898
3913 3960 3898 3859
2956 2880 2984 3085
3034 2956 3085 3149
3316 3358 3481 3425
3358 3398 3548 3481
3066 3126 3240 3171
3126 3195 3319 3240
3195 3280 3408 3319
3009 3066 3171 3112
3637 3741 3840 3761
3762 3859 3898 3741
4281 4263 4221 4256
3637 3761 3676 3548
2853 2875 2967 2932
3328 3422 3356 3251
4331 4321 4264 4271
3280 3366 3472 3408
4208 4271 4264 4203
4321 4314 4257 4264
4314 4289 4253 4257
4289 4281 4256 4253
2764 2757 2853 2839
2680 2764 2777 2704
2665 2704 2777 2771
4144 4208 4203 4139
3009 3112 3065 2967
3840 3741 3898 3907
3356 3257 3196 3251
3257 3149 3085 3196
4072 4144 4139 4055
3761 3840 3936 3871
3990 4072 4055 3976
3898 3990 3976 3907
3481 3548 3676 3605
3366 3425 3538 3472
3425 3481 3605 3538
4060 4017 3934 3992
4017 3968 3875 3934
3968 3909 3816 3875
4108 4060 3992 4050
4149 4108 4050 4104
4189 4149 4104 4147
4221 4189 4147 4196
4256 4221 4196 4253
3909 3855 3750 3816
3855 3792 3684 3750
3792 3740 3627 3684
3740 3688 3572 3627
3688 3644 3531 3572
3644 3603 3483 3531
3603 3563 3458 3483
3563 3534 3420 3458
3534 3496 3396 3420
3496 3465 3365 3396
3465 3433 3337 3365
3433 3386 3302 3337
3386 3328 3233 3302
2806 2784 2877 2913
2896 2806 2913 3012
2984 2896 3012 3078
2784 2771 2866 2877
3085 2984 3078 3155
3171 3240 3378 3313
3112 3171 3313 3241
3240 3319 3449 3378
3319 3408 3519 3449
4257 4253 4196 4198
4257 4198 4203 4264
2771 2777 2854 2866
2777 2764 2839 2854
3233 3328 3251 3155
3761 3871 3799 3676
3408 3472 3579 3519
2932 2967 3065 2994
2853 2932 2898 2839
3065 3112 3241 3179
3155 3078 3166 3233
3196 3085 3155 3251
3302 3233 3166 3232
3337 3302 3232 3235
3365 3337 3235 3250
3396 3365 3250 3279
3420 3396 3279 3304
3472 3538 3651 3579
3458 3420 3304 3334
3483 3458 3334 3352
3531 3483 3352 3405
3572 3531 3405 3454
3627 3572 3454 3507
3684 3627 3507 3566
3750 3684 3566 3631
3538 3605 3720 3651
3605 3676 3799 3720
4139 4203 4198 4126
4055 4139 4126 4041
3976 4055 4041 3936
3907 3976 3936 3840
3816 3750 3631 3699
3875 3816 3699 3770
3934 3875 3770 3842
3992 3934 3842 3910
4050 3992 3910 3991
4104 4050 3991 4066
4147 4104 4066 4101
4196 4147 4101 4142
4126 4142 4101 4041
4198 4196 4142 4126
3012 2913 2973 3048
2913 2877 2966 2973
2877 2866 2955 2966
3449 3566 3507 3378
3449 3519 3631 3566
3631 3519 3579 3699
3378 3507 3454 3313
3313 3454 3405 3241
3699 3579 3651 3770
3770 3651 3720 3842
3842 3720 3799 3910
3910 3799 3871 3991
4101 4066 3991 4041
4041 3991 3871 3936
3235 3232 3166 3140
2839 2898 2929 2854
2932 2994 2929 2898
2994 3071 2955 2929
2994 3065 3179 3071
2955 2866 2854 2929
3250 3235 3140 3148
3166 3078 3012 3140
3279 3250 3148 3160
3140 3012 3048 3148
3304 3279 3160 3182
3048 2973 2966 3060
2966 2955 3071 3060
3241 3405 3352 3179
3334 3304 3182 3227
3352 3334 3227 3179
3148 3048 3060 3160
3071 3182 3160 3060
3071 3179 3227 3182

