1989 1965 2041 1978 2003 2013
2041 2125 2080 2083 2101 2063
2125 2208 2192 2164 2202 2158
2208 2284 2282 2244 2281 2243
2284 2354 2366 2318 2359 2326
2354 2430 2450 2390 2438 2404
2430 2496 2529 2463 2509 2478
2496 2563 2611 2527 2584 2551
2563 2622 2684 2591 2654 2621
2622 2678 2753 2652 2717 2686
2678 2728 2807 2701 2764 2740
2728 2773 2880 2749 2822 2800
2865 2888 3006 2875 2945 2937
2903 2894 3027 2900 2959 2965
2810 2838 2980 2826 2921 2899
2901 2907 3072 2905 2991 2989
2873 2854 3012 2864 2935 2941
2773 2810 2924 2789 2860 2837
2888 2901 3046 2896 2972 2968
2894 2873 3035 2883 2953 2964
2838 2865 2975 2851 2926 2919
2907 2903 3051 2906 2976 2978
2018 1989 2080 2005 2035 2047
3012 3156 3035 3086 3098 3023
2054 2018 2129 2036 2072 2088
2080 2125 2192 2101 2158 2138
2080 2192 2129 2138 2162 2104
2041 2080 1989 2063 2035 2013
2192 2208 2282 2202 2243 2238
2192 2282 2248 2238 2265 2222
2282 2284 2366 2281 2326 2325
2282 2366 2388 2325 2378 2335
2366 2354 2450 2359 2404 2408
2366 2450 2486 2408 2467 2426
2450 2430 2529 2438 2478 2488
2450 2529 2590 2488 2556 2517
2529 2496 2611 2509 2551 2571
2529 2611 2687 2571 2649 2607
2611 2563 2684 2584 2621 2647
2611 2684 2786 2647 2732 2691
2684 2622 2753 2654 2686 2718
2684 2753 2886 2718 2812 2780
2753 2678 2807 2717 2740 2784
2753 3039 2886 2895 2963 2812
2807 2728 2880 2764 2800 2840
2807 2880 3039 2840 2960 2929
2880 2773 2924 2822 2837 2904
2880 3144 3039 3024 3097 2960
3072 2907 3051 2991 2978 3058
3072 3051 3226 3058 3140 3157
2975 2865 3006 2926 2937 2992
2975 3006 3150 2992 3078 3064
3027 2894 3035 2959 2964 3029
3027 3035 3203 3029 3116 3114
3046 2901 3072 2972 2989 3054
3046 3072 3263 3054 3166 3158
3006 2888 3046 2945 2968 3026
3006 3046 3150 3026 3099 3078
2924 2810 2980 2860 2899 2947
2924 2980 3144 2947 3065 3045
3051 2903 3027 2976 2965 3041
3051 3027 3203 3041 3114 3123
2980 2838 2975 2921 2919 2977
2980 2975 3150 2977 3064 3067
3035 2873 3012 2953 2941 3023
2091 2054 2172 2067 2111 2131
3156 3293 3203 3222 3244 3172
3293 3440 3370 3365 3405 3329
2135 2091 2195 2113 2143 2165
3440 3609 3507 3525 3553 3476
2129 2018 2080 2072 2047 2104
2054 2129 2172 2088 2149 2111
2172 2129 2248 2149 2189 2209
2187 2135 2272 2161 2206 2233
3609 3777 3694 3691 3737 3658
2091 2172 2195 2131 2182 2143
2195 2172 2323 2182 2249 2260
2242 2187 2333 2214 2258 2289
3370 3440 3507 3405 3476 3433
3370 3507 3481 3433 3496 3419
3293 3370 3203 3329 3279 3244
3203 3370 3481 3279 3419 3332
3777 3931 3862 3856 3893 3821
2135 2195 2272 2165 2236 2206
2272 2195 2323 2236 2260 2296
3507 3609 3694 3553 3658 3606
3507 3694 3481 3606 3586 3496
2307 2242 2399 2274 2319 2351
3931 4065 4005 4002 4036 3968
2248 2282 2388 2265 2335 2315
2248 2388 2323 2315 2353 2285
2192 2248 2129 2222 2189 2162
2388 2366 2486 2378 2426 2437
2388 2486 2523 2437 2503 2456
2486 2450 2590 2467 2517 2540
2486 2590 2648 2540 2618 2566
2590 2529 2687 2556 2607 2634
2590 2687 2772 2634 2727 2675
2187 2272 2333 2233 2303 2258
2333 2272 2417 2303 2347 2371
2687 2611 2786 2649 2691 2734
2687 2786 2915 2734 2839 2787
2786 2684 2886 2732 2780 2829
2786 2886 3031 2829 2958 2914
3203 3035 3156 3116 3098 3172
3226 3051 3203 3140 3123 3209
3144 2980 3150 3065 3067 3143
2924 3144 2880 3045 3024 2904
2807 3039 2753 2929 2895 2784
2377 2307 2470 2342 2383 2419
4065 4192 4132 4129 4164 4102
3694 3777 3862 3737 3821 3786
3694 3862 3780 3786 3823 3739
2248 2323 2172 2285 2249 2209
2242 2333 2399 2289 2365 2319
2399 2333 2495 2365 2409 2443
3862 3931 4005 3893 3968 3937
3862 4005 3934 3937 3970 3895
2461 2377 2516 2413 2442 2484
4192 4310 4249 4253 4276 4217
3031 2886 3138 2958 3025 3088
2786 3031 2915 2914 2970 2839
2915 3031 3141 2970 3089 3036
2523 2486 2648 2503 2566 2582
2523 2648 2692 2582 2672 2606
2388 2523 2323 2456 2416 2353
2687 2915 2772 2787 2833 2727
2772 2915 3019 2833 2961 2893
2648 2590 2772 2618 2675 2704
2648 2772 2846 2704 2806 2741
2417 2272 2323 2347 2296 2368
2333 2417 2495 2371 2458 2409
2495 2417 2602 2458 2506 2548
3780 3862 3934 3823 3895 3859
3780 3934 3865 3859 3897 3825
3694 3780 3481 3739 3625 3586
3141 3031 3262 3089 3149 3201
2915 3141 3019 3036 3081 2961
3019 3141 3233 3081 3188 3129
2692 2648 2846 2672 2741 2765
2692 2846 2923 2765 2877 2792
2523 2692 2531 2606 2612 2525
2772 3019 2846 2893 2933 2806
2846 3019 3100 2933 3055 2981
2602 2417 2531 2506 2472 2569
2495 2602 2688 2548 2646 2588
2307 2399 2470 2351 2435 2383
2470 2399 2575 2435 2482 2520
2399 2495 2575 2443 2532 2482
2575 2495 2688 2532 2588 2627
2575 2688 2774 2627 2729 2671
3865 3934 4033 3897 3983 3949
3780 3865 3648 3825 3760 3712
3934 4005 4092 3970 4049 4018
4005 4065 4132 4036 4102 4070
4005 4132 4092 4070 4114 4049
4092 4132 4225 4114 4183 4161
2470 2575 2665 2520 2617 2562
2554 2461 2662 2505 2552 2605
4310 4408 4347 4362 4376 4323
2774 2688 2934 2729 2801 2843
2575 2774 2665 2671 2715 2617
2665 2774 2887 2715 2825 2762
2887 2774 3038 2825 2908 2962
2665 2887 2662 2762 2761 2661
2377 2470 2516 2419 2493 2442
2516 2470 2665 2493 2562 2587
2516 2665 2662 2587 2661 2586
2516 2662 2461 2586 2552 2484
3233 3141 3362 3188 3253 3299
3019 3233 3100 3129 3167 3055
4132 4192 4249 4164 4217 4191
4132 4249 4225 4191 4236 4183
4225 4249 4347 4236 4296 4289
4347 4249 4310 4296 4276 4323
2846 3100 2923 2981 3009 2877
2692 2923 2699 2792 2798 2695
3708 3548 3714 3629 3632 3710
3714 3548 3395 3632 3475 3552
3395 3256 3472 3324 3361 3431
3112 2957 3195 3043 3085 3160
2796 2668 2918 2730 2779 2844
3256 3112 3331 3185 3221 3292
2957 2796 3057 2870 2932 3010
2668 2554 2763 2613 2657 2714
4092 4225 4181 4161 4202 4136
3100 3233 3313 3167 3275 3205
2923 3100 3196 3009 3148 3063
3138 2886 3039 3025 2963 3095
3031 3138 3262 3088 3200 3149
3141 3262 3362 3201 3303 3253
2531 2692 2699 2612 2695 2616
2523 2531 2323 2525 2421 2416
2688 2602 2824 2646 2707 2752
4033 3934 4092 3983 4018 4060
4033 4092 4181 4060 4136 4107
3865 4033 3966 3949 3996 3917
3648 3865 3752 3760 3811 3699
3780 3648 3481 3712 3558 3625
3038 2774 2934 2908 2843 2986
3038 2934 3175 2986 3062 3107
3175 2934 3082 3062 3013 3127
3038 3175 3267 3107 3217 3155
2887 3038 3168 2962 3104 3044
2934 2688 2824 2801 2752 2874
2554 2662 2763 2605 2709 2657
2763 2662 2882 2709 2759 2815
4347 4408 4452 4376 4428 4403
3233 3362 3457 3299 3410 3343
2882 2662 2887 2759 2761 2881
2763 2882 3030 2815 2955 2897
2699 2923 2824 2798 2862 2757
2699 2824 2602 2757 2707 2653
2699 2602 2531 2653 2569 2616
3331 3112 3195 3221 3160 3268
3331 3195 3413 3268 3302 3374
3313 3233 3457 3275 3343 3383
3413 3195 3276 3302 3230 3341
3195 2957 3057 3085 3010 3126
3195 3057 3276 3126 3170 3230
3276 3057 3146 3170 3103 3207
3146 3057 2918 3103 2987 3037
3146 2918 3030 3037 2969 3094
3146 3030 3252 3094 3142 3199
2918 3057 2796 2987 2932 2844
3030 2918 2763 2969 2828 2897
3252 3030 3108 3142 3069 3178
3146 3252 3366 3199 3304 3261
2763 2918 2668 2828 2779 2714
3276 3146 3366 3207 3261 3316
3276 3366 3535 3316 3446 3402
3535 3366 3598 3446 3484 3560
3276 3535 3413 3402 3471 3341
3413 3535 3765 3471 3654 3590
3472 3256 3331 3361 3292 3398
3472 3331 3550 3398 3439 3511
3550 3331 3413 3439 3374 3486
3550 3413 3765 3486 3590 3664
3472 3550 3746 3511 3651 3611
3746 3550 3765 3651 3664 3755
4181 4225 4340 4202 4286 4263
3100 3313 3196 3205 3259 3148
3395 3472 3726 3431 3602 3559
3108 3030 2882 3069 2955 3002
3108 2882 2887 3002 2881 3003
3252 3108 3371 3178 3237 3307
3366 3252 3482 3304 3363 3418
2923 3196 3082 3063 3137 3001
3598 3366 3482 3484 3418 3538
3598 3482 3703 3538 3591 3653
3703 3482 3673 3591 3573 3685
3598 3703 3832 3653 3770 3715
3535 3598 3799 3560 3692 3667
3082 2934 2824 3013 2874 2956
3082 2824 2923 2956 2862 3001
3175 3082 3300 3127 3193 3236
3267 3175 3389 3217 3281 3326
3038 3267 3168 3155 3212 3104
3168 3267 3367 3212 3311 3269
3367 3267 3490 3311 3376 3424
3168 3371 3108 3270 3237 3135
3673 3482 3371 3573 3420 3522
3673 3371 3567 3522 3467 3617
3703 3673 3872 3685 3776 3794
3966 4033 4119 3996 4077 4045
3752 3865 3966 3811 3917 3869
3490 3267 3389 3376 3326 3437
3490 3389 3620 3437 3505 3551
3620 3389 3534 3505 3462 3576
3490 3620 3728 3551 3675 3613
3648 3752 3524 3699 3639 3585
3367 3490 3567 3424 3528 3465
2887 3168 3108 3044 3135 3003
4347 4452 4422 4403 4436 4389
3620 3534 3761 3576 3646 3687
3490 3728 3567 3613 3652 3528
3567 3728 3807 3652 3769 3684
3807 3728 3998 3769 3878 3905
3567 3807 3673 3684 3743 3617
4452 4408 4491 4428 4450 4471
4452 4491 4531 4471 4510 4494
4531 4491 4564 4510 4529 4547
4452 4531 4496 4494 4512 4476
3534 3389 3300 3462 3345 3414
3728 3620 3840 3675 3740 3792
3457 3362 3593 3410 3480 3527
4340 4225 4347 4286 4289 4342
3252 3371 3482 3307 3420 3363
4181 4340 4287 4263 4314 4234
3371 3168 3367 3270 3269 3368
3300 3082 3196 3193 3137 3245
3175 3300 3389 3236 3345 3281
4119 4033 4181 4077 4107 4152
4496 4531 4568 4512 4549 4533
4181 4287 4119 4234 4207 4152
3761 3534 3672 3646 3604 3716
3728 3840 3998 3792 3926 3878
3524 3752 3634 3639 3690 3580
4422 4452 4496 4436 4476 4462
4422 4496 4460 4462 4480 4442
4460 4496 4537 4480 4516 4500
4422 4460 4340 4442 4406 4383
4537 4496 4568 4516 4533 4553
4537 4568 4606 4553 4588 4571
4606 4568 4630 4588 4599 4618
4537 4606 4573 4571 4591 4555
4460 4537 4504 4500 4520 4483
4606 4630 4661 4618 4648 4633
4537 4573 4504 4555 4539 4520
4504 4573 4544 4539 4558 4521
4544 4573 4610 4558 4592 4577
4504 4544 4468 4521 4507 4486
4610 4573 4635 4592 4608 4624
4544 4610 4589 4577 4600 4569
4468 4544 4517 4507 4534 4497
4630 4568 4595 4599 4581 4614
4573 4606 4635 4591 4621 4608
4635 4606 4661 4621 4633 4650
4635 4661 4692 4650 4677 4663
4692 4661 4712 4677 4689 4699
4635 4692 4664 4663 4678 4651
4504 4468 4411 4486 4443 4463
4460 4504 4411 4483 4463 4433
4460 4411 4340 4433 4375 4406
4595 4568 4531 4581 4549 4562
4595 4531 4564 4562 4547 4579
4595 4564 4628 4579 4597 4613
3457 3593 3686 3527 3642 3574
4661 4630 4683 4648 4659 4675
4630 4595 4655 4614 4626 4644
3966 4119 4062 4045 4090 4016
3367 3567 3371 3465 3467 3368
3620 3761 3840 3687 3803 3740
3593 3362 3499 3480 3426 3544
3648 3524 3416 3585 3468 3533
4347 4422 4340 4389 4383 4342
4287 4340 4411 4314 4375 4351
3634 3752 3851 3690 3806 3748
4664 4692 4728 4678 4711 4700
4683 4630 4655 4659 4644 4669
3416 3524 3263 3468 3384 3333
3851 3752 3966 3806 3869 3911
3263 3524 3400 3384 3460 3327
3416 3263 3226 3333 3243 3320
3416 3226 3481 3320 3348 3443
3416 3481 3648 3443 3558 3533
3226 3263 3072 3243 3166 3157
3400 3524 3634 3460 3580 3519
3263 3400 3150 3327 3274 3204
3150 3400 3337 3274 3373 3242
3337 3400 3561 3373 3485 3447
3150 3337 3144 3242 3240 3143
3561 3400 3634 3485 3519 3600
3561 3634 3783 3600 3706 3670
3783 3634 3851 3706 3748 3819
3783 3851 3962 3819 3908 3877
3561 3783 3679 3670 3730 3618
3962 3851 4062 3908 3964 4014
3783 3962 3876 3877 3920 3829
3679 3783 3876 3730 3829 3788
3679 3876 3795 3788 3838 3735
3795 3876 3978 3838 3928 3888
3679 3795 3562 3735 3676 3619
3561 3679 3450 3618 3566 3502
3876 3962 4043 3920 4003 3963
3978 3876 4043 3928 3963 4012
3978 4043 4127 4012 4085 4056
4127 4043 4187 4085 4116 4158
3978 4127 4058 4056 4093 4020
3795 3978 3903 3888 3943 3848
3562 3795 3683 3676 3741 3621
3679 3562 3450 3619 3503 3566
3450 3562 3335 3503 3448 3385
3335 3562 3464 3448 3516 3399
3450 3335 3144 3385 3239 3297
3337 3561 3450 3447 3502 3387
3337 3450 3144 3387 3297 3240
4187 4043 4109 4116 4078 4146
4058 4127 4203 4093 4166 4134
3464 3562 3683 3516 3621 3575
3464 3683 3594 3575 3640 3531
3594 3683 3816 3640 3753 3705
3464 3594 3364 3531 3483 3412
4127 4187 4259 4158 4223 4195
3978 4058 3903 4020 3986 3943
3903 4058 3999 3986 4031 3955
3999 4058 4147 4031 4105 4079
3903 3999 3816 3955 3913 3860
3335 3464 3241 3399 3350 3287
4043 3962 4109 4003 4040 4078
4109 3962 4062 4040 4014 4086
4109 4062 4198 4086 4133 4157
4198 4062 4119 4133 4090 4162
4109 4198 4242 4157 4220 4177
3594 3816 3729 3705 3774 3666
3464 3364 3241 3412 3301 3350
3241 3364 3138 3301 3254 3192
3241 3138 3039 3192 3095 3139
3999 4147 4094 4079 4121 4051
4242 4198 4318 4220 4261 4281
3816 3683 3903 3753 3805 3860
3364 3594 3499 3483 3545 3427
4147 4058 4203 4105 4134 4175
4147 4203 4272 4175 4241 4213
4272 4203 4319 4241 4264 4299
4147 4272 4229 4213 4252 4189
4319 4203 4259 4264 4231 4292
4272 4319 4384 4299 4355 4332
4147 4229 4094 4189 4165 4121
4094 4229 4185 4165 4204 4138
4185 4229 4305 4204 4265 4245
4094 4185 4038 4138 4112 4064
4109 4242 4187 4177 4211 4146
4187 4242 4303 4211 4271 4247
4303 4242 4356 4271 4301 4329
4187 4303 4259 4247 4280 4223
4259 4303 4365 4280 4334 4315
4365 4303 4407 4334 4358 4387
4259 4365 4319 4315 4345 4292
4319 4365 4418 4345 4393 4371
4418 4365 4456 4393 4414 4438
4319 4418 4384 4371 4401 4355
4384 4418 4485 4401 4454 4437
4356 4242 4318 4301 4281 4336
4356 4318 4423 4336 4372 4390
4423 4318 4369 4372 4346 4396
4356 4423 4407 4390 4415 4379
4356 4407 4303 4379 4358 4329
4369 4318 4287 4346 4302 4331
4423 4369 4468 4396 4426 4446
4365 4407 4456 4387 4430 4414
4418 4456 4524 4438 4492 4479
4229 4272 4343 4252 4312 4288
4305 4229 4343 4265 4288 4320
4305 4343 4400 4320 4370 4354
4305 4400 4353 4354 4374 4326
4305 4353 4238 4326 4295 4268
4185 4305 4238 4245 4268 4210
4185 4238 4110 4210 4176 4142
4110 4238 4197 4176 4215 4156
4185 4110 4038 4142 4073 4112
4038 4110 3959 4073 4039 3994
3959 4110 4067 4039 4088 4019
4038 3959 3873 3994 3915 3957
4197 4238 4307 4215 4269 4256
4197 4307 4255 4256 4278 4226
4197 4255 4067 4226 4167 4137
4197 4067 4110 4137 4088 4156
3959 4067 3910 4019 3989 3935
3873 3959 3686 3915 3839 3787
4038 3873 3958 3957 3914 3993
3910 4067 4026 3989 4050 3971
3959 3910 3686 3935 3812 3839
3958 3873 3729 3914 3804 3850
3729 3873 3593 3804 3734 3665
4038 3958 4094 3993 4030 4064
4094 3958 3999 4030 3980 4051
3999 3958 3816 3980 3889 3913
4238 4353 4307 4295 4328 4269
3795 3903 3683 3848 3805 3741
4203 4127 4259 4166 4195 4231
3335 3241 3039 3287 3139 3189
3729 3816 3958 3774 3889 3850
4318 4198 4287 4261 4244 4302
4343 4272 4384 4312 4332 4364
4026 4067 4255 4050 4167 4144
3594 3729 3499 3666 3616 3545
3910 4026 3857 3971 3945 3883
3857 4026 3985 3945 4007 3927
3910 3857 3686 3883 3778 3812
3985 4026 4200 4007 4117 4099
3857 3985 3672 3927 3841 3773
4544 4589 4517 4569 4554 4534
3686 3593 3873 3642 3734 3787
3672 3534 3442 3604 3491 3555
3442 3534 3300 3491 3414 3375
3442 3300 3196 3375 3245 3314
3672 3442 3595 3555 3518 3630
3595 3442 3313 3518 3380 3454
3672 3595 3857 3630 3733 3773
4468 4517 4423 4497 4473 4446
4655 4595 4628 4626 4613 4643
4655 4628 4684 4643 4658 4670
4610 4635 4664 4624 4651 4639
4610 4664 4673 4639 4666 4641
4411 4468 4369 4443 4426 4392
4411 4369 4287 4392 4331 4351
3499 3362 3262 3426 3303 3377
3761 3672 3881 3716 3789 3827
3881 3672 3985 3789 3841 3938
3761 3881 3952 3827 3918 3866
3952 3881 4097 3918 3991 4027
3952 4097 4047 4027 4072 4000
3952 4047 3840 4000 3950 3898
3761 3952 3840 3866 3898 3803
4712 4661 4683 4689 4675 4697
3966 4062 3851 4016 3964 3911
4692 4712 4753 4699 4733 4723
4589 4610 4673 4600 4641 4631
3457 3686 3563 3574 3624 3510
3563 3686 3857 3624 3778 3721
3457 3563 3313 3510 3436 3383
3593 3499 3729 3544 3616 3665
4683 4655 4705 4669 4680 4694
4456 4407 4488 4430 4448 4472
4488 4407 4423 4448 4415 4458
4456 4488 4566 4472 4527 4514
4705 4655 4684 4680 4670 4695
4705 4684 4730 4695 4709 4718
4683 4705 4729 4694 4717 4708
4729 4705 4743 4717 4724 4736
4683 4729 4712 4708 4720 4697
4743 4705 4730 4724 4718 4737
4729 4743 4767 4736 4755 4746
4743 4730 4768 4737 4747 4756
4767 4743 4778 4755 4762 4772
4729 4767 4749 4746 4759 4740
4778 4743 4768 4762 4756 4774
4767 4778 4790 4772 4785 4780
4749 4767 4776 4759 4770 4761
4749 4776 4753 4761 4764 4751
4729 4749 4712 4740 4731 4720
4778 4768 4791 4774 4781 4787
4712 4749 4753 4731 4751 4733
3832 3703 3872 3770 3794 3845
3872 3673 3907 3776 3802 3886
4517 4589 4560 4554 4575 4538
4560 4589 4638 4575 4612 4601
4517 4560 4488 4538 4525 4501
4778 4791 4802 4787 4797 4793
4816 4812 4808 4815 4810 4813
4812 4802 4791 4807 4797 4803
4812 4791 4808 4803 4800 4810
4673 4638 4589 4654 4612 4631
3954 3907 3807 3930 3854 3880
3954 3807 3998 3880 3905 3977
4524 4485 4418 4506 4454 4479
4149 4097 3985 4123 4042 4068
3799 3765 3535 3782 3654 3667
4802 4790 4778 4796 4785 4793
4605 4566 4488 4586 4527 4550
4255 4200 4026 4228 4117 4144
4728 4703 4664 4715 4685 4700
4664 4703 4673 4685 4688 4666
4445 4400 4343 4421 4370 4395
4047 3998 3840 4024 3926 3950
3746 3726 3472 3732 3602 3611
4638 4605 4560 4623 4583 4601
4753 4728 4692 4742 4711 4723
4485 4445 4384 4466 4416 4437
4790 4776 4767 4783 4770 4780
4566 4524 4456 4543 4492 4514
4200 4149 3985 4174 4068 4099
3832 3799 3598 3814 3692 3715
3726 3714 3395 3718 3552 3559
3881 3985 4097 3938 4042 3991
3364 3499 3262 3427 3377 3306
3364 3262 3138 3306 3200 3254
4343 4384 4445 4364 4416 4395
3807 3907 3673 3854 3802 3743
3196 3313 3442 3259 3380 3314
4119 4287 4198 4207 4244 4162
3313 3563 3595 3436 3581 3454
3595 3563 3857 3581 3721 3733
3203 3481 3226 3332 3348 3209
3046 3263 3150 3158 3204 3099
2531 2417 2323 2472 2368 2421
4560 4605 4488 4583 4550 4525
4423 4517 4488 4473 4501 4458
3144 3335 3039 3239 3189 3097
2778 2744 2869 2758 2803 2821
2097 2028 2116 2062 2069 2102
2028 1964 1988 1993 1977 2007
2744 2712 2848 2731 2783 2797
2596 2555 2666 2577 2610 2629
2420 2372 2476 2398 2424 2449
2218 2157 2239 2188 2200 2231
2676 2636 2766 2660 2698 2720
2512 2469 2579 2492 2522 2547
2327 2270 2357 2299 2314 2344
2712 2676 2878 2693 2771 2788
2555 2512 2643 2536 2576 2597
2372 2327 2428 2349 2373 2402
2157 2097 2181 2126 2139 2170
2636 2596 2722 2620 2663 2679
2469 2420 2565 2444 2490 2513
2270 2218 2310 2246 2264 2291
2854 2831 3012 2841 2928 2935
2831 2805 2974 2817 2892 2909
2805 2778 2938 2790 2849 2867
1988 2017 2079 2004 2046 2033
3156 3012 3087 3086 3050 3118
2869 2744 2848 2803 2797 2861
2869 2848 3077 2861 2973 2982
2778 2869 2938 2821 2916 2849
2938 2869 3077 2916 2982 3014
2116 2028 2079 2069 2055 2100
2097 2116 2181 2102 2146 2139
2181 2116 2215 2146 2163 2199
2157 2181 2239 2170 2211 2200
2239 2181 2332 2211 2255 2287
2848 2712 2878 2783 2788 2863
2848 2878 3077 2863 2984 2973
2766 2636 2722 2698 2679 2743
2766 2722 2920 2743 2808 2832
2643 2512 2579 2576 2547 2615
2643 2579 2711 2615 2645 2677
2310 2218 2239 2264 2231 2275
2310 2239 2332 2275 2287 2320
2476 2372 2428 2424 2402 2453
2476 2428 2559 2453 2491 2518
2357 2270 2310 2314 2291 2336
2357 2310 2483 2336 2394 2418
2722 2596 2666 2663 2629 2690
2722 2830 2920 2775 2866 2808
2666 2555 2643 2610 2597 2655
2666 2643 2830 2655 2733 2742
2579 2469 2565 2522 2513 2573
2579 2565 2711 2573 2633 2645
2428 2327 2357 2373 2344 2391
2428 2483 2559 2455 2521 2491
2878 2676 2766 2771 2720 2816
2878 2766 2920 2816 2832 2898
2565 2420 2476 2490 2449 2519
2565 2476 2559 2519 2518 2560
2017 2053 2133 2034 2094 2075
2974 2805 2938 2892 2867 2952
2974 2938 3154 2952 3052 3066
2831 2974 3012 2909 2993 2928
3293 3156 3206 3222 3182 3251
2053 2090 2171 2066 2130 2109
3440 3293 3369 3365 3328 3404
2079 2017 2133 2046 2075 2107
2079 2133 2215 2107 2174 2145
1988 2079 2028 2033 2055 2007
2116 2079 2215 2100 2145 2163
2090 2134 2220 2112 2176 2156
3087 3012 2974 3050 2993 3033
3087 2974 3154 3033 3066 3117
3156 3087 3206 3118 3151 3182
3206 3087 3154 3151 3117 3179
2133 2053 2171 2094 2109 2152
2133 2171 2276 2152 2224 2207
3609 3440 3529 3525 3487 3564
3293 3206 3369 3251 3285 3328
3369 3206 3154 3285 3179 3264
3777 3609 3693 3691 3657 3736
2134 2186 2269 2159 2230 2205
2171 2090 2220 2130 2156 2191
2171 2220 2276 2191 2250 2224
2186 2241 2331 2213 2288 2256
3440 3369 3529 3404 3445 3487
3529 3369 3500 3445 3429 3512
3931 3777 3861 3856 3820 3892
2220 2134 2269 2176 2205 2247
2220 2269 2369 2247 2322 2293
3609 3529 3693 3564 3615 3657
3693 3529 3500 3615 3512 3599
2332 2181 2215 2255 2199 2271
2241 2306 2396 2273 2350 2317
4065 3931 4004 4002 3967 4035
2269 2186 2331 2230 2256 2301
2269 2331 2432 2301 2379 2348
2306 2375 2473 2341 2423 2387
3154 2938 3077 3052 3014 3113
3777 3693 3861 3736 3785 3820
3861 3693 3779 3785 3738 3822
4192 4065 4131 4129 4101 4163
2331 2241 2396 2288 2317 2364
2331 2396 2468 2364 2434 2397
2375 2460 2550 2412 2499 2462
2133 2276 2215 2207 2245 2174
2215 2276 2384 2245 2330 2300
3931 3861 4004 3892 3936 3967
4004 3861 3933 3936 3894 3969
4310 4192 4248 4253 4216 4275
3500 3369 3154 3429 3264 3322
2369 2269 2432 2322 2348 2400
2369 2432 2538 2400 2481 2452
2220 2369 2276 2293 2324 2250
2538 2432 2608 2481 2514 2574
2369 2538 2441 2452 2487 2407
2432 2331 2468 2379 2397 2446
2432 2468 2608 2446 2537 2514
2608 2468 2603 2537 2533 2604
2384 2276 2441 2330 2356 2410
2215 2384 2332 2300 2355 2271
2332 2384 2530 2355 2459 2431
2396 2306 2473 2350 2387 2436
2396 2473 2603 2436 2539 2497
3779 3693 3500 3738 3599 3643
3861 3779 3933 3822 3858 3894
3933 3779 3864 3858 3824 3896
2603 2468 2396 2533 2434 2497
2608 2603 2819 2604 2703 2708
3864 3779 3647 3824 3711 3759
3933 3864 4032 3896 3948 3982
4004 3933 4091 3969 4017 4048
4065 4004 4131 4035 4069 4101
4131 4004 4091 4069 4048 4113
4131 4091 4224 4113 4160 4182
4408 4310 4348 4362 4324 4377
2460 2553 2650 2502 2598 2549
2473 2375 2550 2423 2462 2508
2473 2550 2658 2508 2599 2564
4192 4131 4248 4163 4190 4216
4248 4131 4224 4190 4182 4235
4248 4224 4348 4235 4290 4297
4248 4348 4310 4297 4324 4275
4224 4091 4180 4160 4135 4201
2553 2667 2760 2609 2713 2656
2795 2954 3056 2868 3008 2931
3111 3255 3330 3183 3289 3219
3394 3547 3725 3473 3637 3557
2667 2795 2913 2726 2842 2776
2954 3111 3194 3042 3159 3083
3255 3394 3470 3323 3430 3359
3547 3707 3713 3628 3709 3631
3547 3713 3725 3631 3717 3637
2658 2550 2756 2599 2651 2702
2473 2658 2603 2564 2628 2539
2550 2460 2650 2499 2549 2594
2550 2650 2756 2594 2697 2651
2756 2650 2876 2697 2754 2811
2876 2650 2760 2754 2700 2814
2876 2760 3021 2814 2889 2948
2760 2650 2553 2700 2598 2656
3021 2760 2913 2889 2827 2966
3021 2913 3152 2966 3040 3091
2876 3021 3130 2948 3075 3016
2913 2760 2667 2827 2713 2776
3152 2913 3056 3040 2985 3105
3152 3056 3277 3105 3169 3210
3021 3152 3247 3091 3202 3136
3056 2913 2795 2985 2842 2931
3277 3056 3194 3169 3124 3231
3277 3194 3434 3231 3312 3352
3152 3277 3372 3210 3321 3265
3194 3056 2954 3124 3008 3083
3434 3194 3330 3312 3266 3382
3434 3330 3546 3382 3435 3497
3277 3434 3536 3352 3489 3403
3330 3194 3111 3266 3159 3219
3546 3330 3470 3435 3397 3508
3546 3470 3745 3508 3610 3649
3434 3546 3764 3497 3663 3605
3470 3330 3255 3397 3289 3359
2756 2876 3022 2811 2949 2884
2538 2608 2738 2574 2674 2632
2441 2538 2631 2487 2580 2534
2369 2441 2276 2407 2356 2324
2530 2384 2546 2459 2464 2541
2332 2530 2483 2431 2504 2406
2819 2603 2911 2703 2739 2859
2608 2819 2738 2708 2782 2674
3647 3779 3500 3711 3643 3572
3864 3647 3751 3759 3698 3810
4032 3864 3965 3948 3916 3995
3933 4032 4091 3982 4059 4017
4091 4032 4180 4059 4106 4135
4408 4348 4451 4377 4404 4427
3247 3152 3372 3202 3265 3305
3247 3372 3469 3305 3417 3353
3469 3372 3603 3417 3488 3537
3247 3469 3342 3353 3408 3296
3021 3247 3130 3136 3190 3075
3130 3247 3342 3190 3296 3238
3130 3342 3224 3238 3283 3180
3224 3342 3451 3283 3392 3334
3130 3224 3022 3180 3125 3076
3022 3224 3115 3125 3171 3070
3130 3022 2876 3076 2949 3016
3115 3224 3336 3171 3278 3225
3022 3115 2858 3070 2997 2939
3372 3277 3536 3321 3403 3449
3372 3536 3603 3449 3565 3488
3603 3536 3798 3565 3668 3697
3536 3434 3764 3489 3605 3655
4224 4180 4339 4201 4262 4285
3470 3394 3725 3430 3557 3601
2658 2756 2858 2702 2802 2751
2858 2756 3022 2802 2884 2939
2658 2858 2911 2751 2879 2767
3115 3336 3229 3225 3280 3173
3336 3224 3451 3278 3334 3386
3336 3451 3568 3386 3504 3452
3568 3451 3727 3504 3589 3650
3336 3568 3453 3452 3506 3388
2858 3115 2911 2997 3020 2879
2631 2538 2738 2580 2632 2682
2546 2384 2441 2464 2410 2494
2546 2441 2631 2494 2534 2589
2546 2631 2736 2589 2681 2635
2736 2631 2857 2681 2737 2791
2546 2736 2530 2635 2626 2541
2857 2631 2738 2737 2682 2794
2736 2857 2999 2791 2930 2856
2483 2530 2694 2504 2614 2585
2999 2857 3120 2930 3000 3059
2332 2483 2310 2406 2394 2320
2736 2999 2890 2856 2940 2804
2911 2603 2658 2739 2628 2767
3751 3647 3523 3698 3584 3638
3965 3864 3751 3916 3810 3868
2819 2911 3079 2859 2996 2951
4032 3965 4118 3995 4044 4076
3451 3342 3636 3392 3492 3543
4451 4348 4419 4404 4388 4435
3342 3469 3636 3408 3549 3492
3727 3451 3636 3589 3543 3677
3727 3636 3906 3677 3784 3826
3453 3568 3682 3506 3622 3569
4408 4451 4491 4427 4470 4450
4491 4451 4530 4470 4493 4509
4530 4451 4495 4493 4475 4511
4491 4530 4564 4509 4546 4529
3469 3603 3701 3537 3656 3587
3568 3727 3800 3650 3763 3680
3336 3453 3229 3388 3338 3280
3229 3453 3347 3338 3396 3286
3347 3453 3578 3396 3515 3459
3229 3347 3079 3286 3215 3162
4339 4180 4283 4262 4232 4313
4224 4339 4348 4285 4341 4290
3115 3229 2911 3173 3080 3020
3578 3453 3682 3515 3569 3626
3578 3682 3817 3626 3750 3700
3817 3682 3891 3750 3801 3853
3578 3817 3702 3700 3762 3641
3347 3578 3474 3459 3526 3409
2694 2530 2736 2614 2626 2716
2890 2999 3121 2940 3060 3015
3079 2911 3229 2996 3080 3162
4495 4451 4419 4475 4435 4461
4495 4419 4459 4461 4440 4478
4459 4419 4339 4440 4382 4402
4495 4459 4536 4478 4499 4515
4536 4459 4503 4499 4482 4519
4495 4536 4567 4515 4552 4532
3120 2857 3049 3000 2950 3084
3523 3647 3358 3584 3501 3438
4118 3965 4061 4044 4015 4089
2483 2725 2559 2595 2637 2521
2483 2428 2357 2455 2391 2418
2736 2890 2694 2804 2785 2716
2694 2890 2927 2785 2910 2799
2927 2890 3121 2910 3015 3028
2694 2927 2725 2799 2813 2710
2725 2927 2971 2813 2943 2835
2694 2725 2483 2710 2595 2585
2559 2725 2724 2637 2723 2638
2724 2725 2971 2723 2835 2834
2559 2724 2565 2638 2641 2560
2971 2927 3161 2943 3048 3068
2819 3079 3049 2951 3061 2936
4530 4495 4567 4511 4532 4548
4530 4567 4596 4548 4582 4563
4596 4567 4629 4582 4598 4616
4530 4596 4564 4563 4580 4546
4564 4596 4628 4580 4615 4597
4629 4567 4602 4598 4587 4617
4596 4629 4656 4616 4646 4627
2999 3120 3227 3059 3174 3119
3751 3523 3633 3638 3579 3689
4032 4118 4180 4076 4151 4106
4419 4348 4339 4388 4341 4382
3701 3603 3831 3656 3719 3768
3701 3831 3871 3768 3844 3793
3871 3906 3636 3885 3784 3757
3871 3636 3701 3757 3669 3793
3817 3891 4046 3853 3974 3940
3682 3568 3800 3622 3680 3742
3800 3727 3953 3763 3846 3879
3800 3953 3997 3879 3976 3901
3578 3702 3474 3641 3588 3526
3474 3702 3612 3588 3660 3541
3612 3702 3836 3660 3771 3723
3474 3612 3379 3541 3495 3423
3836 3702 3909 3771 3815 3874
3612 3836 3747 3723 3791 3674
3379 3612 3517 3495 3556 3444
3474 3379 3250 3423 3310 3357
3702 3817 3909 3762 3867 3815
3909 3817 4046 3867 3940 3981
3469 3701 3636 3587 3669 3549
3891 3682 3800 3801 3742 3842
4283 4180 4118 4232 4151 4205
4567 4536 4602 4552 4570 4587
4602 4536 4574 4570 4556 4590
4574 4536 4503 4556 4519 4540
4574 4503 4545 4540 4522 4559
4602 4574 4636 4590 4609 4620
4545 4503 4469 4522 4487 4508
4574 4545 4611 4559 4578 4593
4636 4574 4611 4609 4593 4625
4636 4611 4665 4625 4640 4652
4602 4636 4660 4620 4649 4632
4665 4611 4672 4640 4642 4667
4636 4665 4691 4652 4679 4662
4469 4503 4424 4487 4464 4447
4545 4469 4518 4508 4498 4535
4611 4545 4594 4578 4572 4607
3227 3120 3339 3174 3228 3282
4660 4636 4691 4649 4662 4676
4660 4691 4713 4676 4704 4690
4713 4691 4752 4704 4722 4734
4660 4713 4682 4690 4698 4674
3121 2999 3227 3060 3119 3177
2971 3161 3197 3068 3176 3096
4545 4518 4594 4535 4557 4572
4503 4459 4424 4482 4441 4464
4424 4459 4339 4441 4402 4381
4656 4629 4682 4646 4657 4668
4682 4629 4660 4657 4647 4674
4656 4682 4706 4668 4693 4681
4660 4629 4602 4647 4617 4632
4706 4682 4726 4693 4707 4716
4656 4706 4684 4681 4696 4671
4684 4706 4730 4696 4719 4709
4726 4682 4713 4707 4698 4721
4726 4713 4748 4721 4732 4739
4748 4713 4752 4732 4734 4750
4726 4748 4766 4739 4758 4745
4706 4726 4744 4716 4735 4725
4748 4752 4775 4750 4763 4760
4748 4775 4766 4760 4769 4758
4726 4766 4744 4745 4754 4735
4744 4766 4777 4754 4771 4765
4777 4766 4789 4771 4779 4784
4744 4777 4768 4765 4773 4757
4768 4777 4791 4773 4786 4781
4706 4744 4730 4725 4738 4719
4730 4744 4768 4738 4757 4747
4469 4424 4385 4447 4405 4429
3049 2857 2738 2950 2794 2891
4611 4594 4672 4607 4634 4642
4339 4283 4424 4313 4359 4381
3161 2927 3121 3048 3028 3134
3347 3474 3250 3409 3357 3298
3347 3250 3079 3298 3165 3215
4596 4656 4628 4627 4645 4615
4628 4656 4684 4645 4671 4658
4518 4469 4439 4498 4457 4481
3120 3049 3379 3084 3214 3246
4691 4665 4727 4679 4701 4710
3358 3647 3500 3501 3572 3428
3358 3500 3154 3428 3322 3260
3747 3836 3942 3791 3884 3847
4469 4385 4439 4429 4413 4457
3942 3836 4010 3884 3924 3973
3747 3942 3904 3847 3921 3835
4010 3836 3909 3924 3874 3960
3942 4010 4098 3973 4055 4022
3904 3942 4075 3921 4013 3990
4098 4010 4148 4055 4081 4124
4148 4010 4096 4081 4053 4122
3942 4098 4075 4022 4087 4013
3633 3523 3401 3579 3461 3520
3401 3523 3295 3461 3407 3346
3633 3401 3521 3520 3458 3577
3295 3523 3358 3407 3438 3325
3521 3401 3294 3458 3344 3406
3633 3521 3749 3577 3635 3688
3294 3401 3181 3344 3291 3232
3521 3294 3411 3406 3349 3463
3749 3521 3645 3635 3582 3696
3181 3401 3295 3291 3346 3234
3411 3294 3163 3349 3223 3284
3645 3521 3411 3582 3463 3530
3163 3294 3090 3223 3191 3122
3411 3163 3309 3284 3235 3360
3645 3411 3540 3530 3477 3592
3090 3294 3181 3191 3232 3131
3309 3163 3007 3235 3093 3164
3540 3411 3309 3477 3360 3422
3090 3181 2920 3131 3053 3004
3090 2920 2830 3004 2866 2967
2830 2722 2666 2775 2690 2742
2830 2643 2711 2733 2677 2770
2830 2711 3007 2770 2845 2925
3090 2830 3163 2967 3011 3122
3007 3163 2830 3093 3011 2925
3540 3309 3441 3422 3378 3493
3441 3309 3197 3378 3257 3315
3197 3309 3007 3257 3164 3106
3197 3007 2971 3106 2988 3096
3540 3441 3671 3493 3554 3608
3671 3441 3583 3554 3509 3623
3540 3671 3772 3608 3722 3661
3583 3441 3351 3509 3391 3466
3772 3671 3882 3722 3790 3834
3540 3772 3645 3661 3704 3592
3351 3441 3197 3391 3315 3273
3882 3671 3808 3790 3744 3843
3645 3772 3863 3704 3818 3758
3808 3671 3583 3744 3623 3695
3863 3772 3961 3818 3875 3912
3645 3863 3749 3758 3809 3696
3808 3583 3724 3695 3659 3766
3961 3772 3882 3875 3834 3923
3749 3863 3944 3809 3902 3852
3724 3583 3498 3659 3539 3614
3961 3882 4052 3923 3972 4009
3944 3863 4034 3902 3951 3988
3498 3583 3351 3539 3466 3421
4052 3882 3987 3972 3939 4021
3961 4052 4115 4009 4084 4041
4034 3863 3961 3951 3912 3992
3987 3882 3808 3939 3843 3900
4052 3987 4139 4021 4063 4095
4115 4052 4194 4084 4126 4155
3987 3808 3925 3900 3870 3956
4139 3987 4083 4063 4037 4111
4194 4052 4139 4126 4095 4168
4115 4194 4251 4155 4221 4186
3925 3808 3724 3870 3766 3837
4083 3987 3925 4037 3956 4008
4251 4194 4316 4221 4258 4284
4115 4251 4179 4186 4212 4145
4083 3925 4029 4008 3979 4057
4316 4194 4266 4258 4233 4293
4179 4251 4304 4212 4274 4243
4115 4179 4034 4145 4108 4074
4029 3925 3855 3979 3890 3946
4304 4251 4363 4274 4311 4333
4115 4034 3961 4074 3992 4041
3855 3925 3724 3890 3837 3797
4363 4251 4316 4311 4284 4338
3855 3724 3644 3797 3681 3756
4363 4316 4417 4338 4367 4391
3644 3724 3498 3681 3614 3571
4417 4316 4378 4367 4349 4397
3644 3498 3415 3571 3456 3532
4378 4316 4266 4349 4293 4322
3415 3498 3272 3456 3381 3340
3644 3415 3570 3532 3494 3607
3272 3498 3351 3381 3421 3308
3415 3272 3121 3340 3198 3271
3121 3272 3161 3198 3208 3134
3161 3272 3351 3208 3308 3258
3161 3351 3197 3258 3273 3176
3570 3415 3227 3494 3319 3390
4266 4194 4139 4233 4168 4206
4266 4139 4219 4206 4184 4246
4219 4139 4083 4184 4111 4154
4266 4219 4337 4246 4282 4308
4219 4083 4170 4154 4128 4196
4337 4219 4294 4282 4260 4317
4170 4083 4029 4128 4057 4103
4294 4219 4170 4260 4196 4237
4294 4170 4257 4237 4214 4273
4257 4170 4125 4214 4150 4193
4294 4257 4352 4273 4309 4321
4352 4257 4306 4309 4279 4327
4294 4352 4399 4321 4373 4350
4306 4257 4188 4279 4222 4250
4188 4257 4125 4222 4193 4159
4188 4125 4075 4159 4100 4130
4306 4188 4254 4250 4218 4277
4254 4188 4075 4218 4130 4169
4294 4399 4337 4350 4368 4317
4337 4399 4444 4368 4420 4394
4125 4170 4029 4150 4103 4080
4125 4029 3975 4080 4001 4054
3975 4029 3855 4001 3946 3919
4125 3975 4075 4054 4025 4100
3975 3855 3796 3919 3828 3887
3796 3855 3644 3828 3756 3720
3975 3796 3904 3887 3849 3941
3904 3796 3747 3849 3767 3835
3796 3644 3570 3720 3607 3678
3796 3570 3747 3678 3662 3767
4034 4179 4104 4108 4141 4066
4104 4179 4240 4141 4209 4172
4034 4104 3944 4066 4028 3988
4240 4179 4304 4209 4243 4270
4240 4304 4357 4270 4330 4300
4357 4304 4409 4330 4360 4380
4409 4304 4363 4360 4333 4386
4357 4409 4439 4380 4425 4398
4409 4363 4455 4386 4410 4431
4455 4363 4417 4410 4391 4434
4409 4455 4489 4431 4474 4449
4455 4417 4523 4434 4477 4490
4489 4455 4565 4474 4513 4528
4409 4489 4439 4449 4467 4425
3250 3379 3049 3310 3214 3153
4266 4337 4378 4308 4361 4322
4378 4337 4444 4361 4394 4412
4061 3965 3899 4015 3932 3984
3899 3965 3751 3932 3868 3833
4061 3899 3944 3984 3922 4006
3944 3899 3749 3922 3830 3852
3339 3120 3379 3228 3246 3354
3339 3379 3517 3354 3444 3425
3339 3517 3570 3425 3542 3455
3517 3612 3747 3556 3674 3627
3227 3339 3570 3282 3455 3390
3633 3749 3899 3688 3830 3775
4240 4357 4298 4300 4325 4267
4298 4357 4385 4325 4366 4344
4298 4385 4283 4344 4335 4291
4240 4298 4171 4267 4239 4208
4171 4298 4283 4239 4291 4230
4240 4171 4104 4208 4140 4172
4104 4171 4061 4140 4120 4082
4061 4171 4118 4120 4143 4089
3751 3633 3899 3689 3775 3833
4518 4439 4489 4481 4467 4502
4417 4378 4484 4397 4432 4453
4385 4424 4283 4405 4359 4335
3904 4075 3975 3990 4025 3941
4010 3909 4096 3960 4011 4053
4075 4098 4254 4087 4178 4169
3181 3295 3077 3234 3187 3128
3944 4104 4061 4028 4082 4006
4439 4385 4357 4413 4366 4398
3295 3358 3077 3325 3220 3187
4594 4518 4561 4557 4541 4576
4561 4518 4489 4541 4502 4526
4594 4561 4637 4576 4603 4619
3517 3747 3570 3627 3662 3542
3891 3800 3997 3842 3901 3947
3891 3997 4046 3947 4023 3974
3121 3227 3415 3177 3319 3271
4811 4816 4808 4814 4813 4809
4811 4808 4798 4809 4804 4805
4798 4808 4791 4804 4800 4794
4798 4791 4777 4794 4786 4788
4811 4798 4801 4805 4799 4806
4801 4798 4777 4799 4788 4792
3906 3953 3727 3929 3846 3826
4637 4672 4594 4653 4634 4619
3764 3798 3536 3781 3668 3655
4484 4523 4417 4505 4477 4453
3725 3745 3470 3731 3610 3601
3546 3745 3764 3649 3754 3663
4702 4727 4665 4714 4701 4686
4702 4665 4672 4686 4667 4687
4199 4254 4098 4227 4178 4153
4199 4098 4148 4153 4124 4173
4565 4604 4489 4585 4551 4528
4789 4801 4777 4795 4792 4784
3798 3831 3603 3813 3719 3697
4523 4565 4455 4542 4513 4490
4775 4789 4766 4782 4779 4769
4046 4096 3909 4071 4011 3981
4444 4484 4378 4465 4432 4412
4727 4752 4691 4741 4722 4710
4604 4637 4561 4622 4603 4584
3049 2738 2819 2891 2782 2936
3079 3250 3049 3165 3153 3061
2920 3181 2878 3053 3047 2898
4283 4118 4171 4205 4143 4230
2565 2724 2711 2641 2719 2633
2711 2724 3007 2719 2855 2845
3077 2878 3181 2984 3047 3128
2724 2971 3007 2834 2988 2855
3154 3077 3358 3113 3220 3260
4604 4561 4489 4584 4526 4551
1988 1964 1901 1977 1935 1943
1901 1844 1917 1872 1878 1906
1091 1100 1018 1096 1057 1051
1844 1785 1837 1816 1806 1838
1785 1726 1768 1757 1745 1780
1095 1087 1022 1090 1052 1054
1087 1091 1007 1088 1047 1044
1726 1667 1704 1696 1681 1713
1667 1609 1634 1637 1623 1652
1127 1108 1040 1116 1073 1082
1108 1095 1020 1099 1053 1062
1609 1551 1572 1580 1564 1593
1182 1151 1097 1166 1126 1146
1151 1127 1058 1141 1092 1105
1551 1496 1512 1523 1500 1529
1496 1437 1442 1465 1440 1468
1251 1213 1179 1233 1199 1216
1213 1182 1137 1198 1158 1173
1437 1386 1382 1411 1383 1409
1386 1340 1331 1360 1336 1358
1340 1291 1272 1312 1281 1304
1291 1251 1224 1271 1241 1259
2017 1988 1917 2004 1946 1963
1018 946 1007 980 975 1014
2053 2017 1934 2034 1971 1990
1917 1844 1837 1878 1838 1873
1917 1837 1934 1873 1881 1922
1901 1917 1988 1906 1946 1943
1837 1785 1768 1806 1780 1798
1837 1768 1856 1798 1808 1845
1007 1091 1018 1047 1051 1014
1087 1007 1022 1044 1016 1052
1022 1007 928 1016 966 970
1768 1726 1704 1745 1713 1736
1768 1704 1752 1736 1727 1760
1095 1022 1020 1054 1021 1053
1020 1022 928 1021 970 969
1704 1667 1634 1681 1652 1668
1704 1634 1677 1668 1654 1687
1108 1020 1040 1062 1030 1073
1040 1020 941 1030 979 990
1634 1609 1572 1623 1593 1603
1634 1572 1601 1603 1589 1618
1127 1040 1058 1082 1049 1092
1058 1040 941 1049 990 996
1572 1551 1512 1564 1529 1539
1572 1512 1524 1539 1519 1548
1151 1058 1097 1105 1076 1126
1097 1058 995 1076 1027 1038
1182 1097 1137 1146 1117 1158
1137 1097 995 1117 1038 1060
1512 1496 1442 1500 1468 1473
1512 1442 1452 1473 1446 1481
1213 1137 1179 1173 1157 1199
1179 1137 1072 1157 1102 1135
1442 1437 1382 1440 1409 1412
1442 1382 1371 1412 1373 1408
1251 1179 1224 1216 1202 1241
1224 1179 1072 1202 1135 1156
1382 1386 1331 1383 1358 1355
1382 1286 1371 1335 1329 1373
1291 1224 1272 1259 1248 1281
1272 1224 1184 1248 1204 1227
1331 1340 1272 1336 1304 1301
1331 1272 1286 1301 1277 1308
946 877 928 912 905 937
2090 2053 1973 2066 2011 2030
877 805 849 845 824 858
2134 2090 2020 2112 2057 2078
1934 2017 1917 1971 1963 1922
2053 1934 1973 1990 1952 2011
1973 1934 1856 1952 1895 1911
805 726 773 766 755 794
2186 2134 2049 2159 2092 2119
726 656 697 695 674 712
2090 1973 2020 2030 1996 2057
2020 1973 1880 1996 1924 1945
2241 2186 2098 2213 2141 2167
656 580 620 617 594 636
849 805 773 824 794 809
849 773 803 809 792 820
877 849 928 858 886 905
928 849 803 886 820 865
2134 2020 2049 2078 2037 2092
2049 2020 1880 2037 1945 1960
2306 2241 2150 2273 2193 2228
773 726 697 755 712 736
773 697 803 736 750 792
580 501 543 538 520 559
928 1007 946 966 975 937
1856 1768 1752 1808 1760 1801
1856 1752 1880 1801 1817 1864
1837 1856 1934 1845 1895 1881
941 1020 928 979 969 935
1752 1704 1677 1727 1687 1711
1752 1677 1731 1711 1702 1740
995 1058 941 1027 996 965
2186 2049 2098 2119 2070 2141
2098 2049 1949 2070 1997 2021
1677 1634 1601 1654 1618 1638
1677 1601 1645 1638 1621 1656
1601 1572 1524 1589 1548 1565
1601 1524 1558 1565 1542 1576
1524 1512 1452 1519 1481 1487
1524 1452 1470 1487 1460 1498
1072 1137 995 1102 1060 1029
1452 1442 1371 1446 1408 1413
1452 1371 1384 1413 1379 1416
1184 1224 1072 1204 1156 1134
697 656 620 674 636 657
697 620 669 657 643 680
1856 1880 1973 1864 1924 1911
2375 2306 2219 2341 2262 2298
501 425 466 462 444 482
2241 2098 2150 2167 2123 2193
2150 2098 1999 2123 2044 2074
620 580 543 594 559 582
620 543 590 582 568 607
2460 2375 2304 2412 2340 2380
425 358 396 389 374 410
1384 1371 1283 1379 1328 1332
1452 1384 1470 1416 1425 1460
1470 1384 1405 1425 1396 1438
1731 1677 1645 1702 1656 1682
1731 1645 1698 1682 1671 1714
1752 1731 1880 1740 1803 1817
1524 1470 1558 1498 1517 1542
1558 1470 1510 1517 1485 1535
1645 1601 1558 1621 1576 1600
1645 1558 1602 1600 1579 1624
1949 2049 1880 1997 1960 1914
2098 1949 1999 2021 1972 2044
1999 1949 1867 1972 1907 1930
669 620 590 643 607 629
669 590 650 629 625 660
697 669 803 680 731 750
1405 1384 1299 1396 1344 1351
1470 1405 1510 1438 1458 1485
1510 1405 1449 1458 1424 1478
1867 1949 1828 1907 1887 1851
1999 1867 1937 1930 1900 1966
1698 1645 1602 1671 1624 1651
1698 1602 1686 1651 1646 1693
1731 1698 1828 1714 1765 1783
1558 1510 1602 1535 1554 1579
1602 1510 1557 1554 1534 1578
2306 2150 2219 2228 2183 2262
2219 2150 2064 2183 2105 2140
650 590 552 625 576 601
669 650 745 660 699 708
2150 1999 2064 2074 2029 2105
2064 1999 1937 2029 1966 1994
2064 1937 2019 1994 1974 2040
543 501 466 520 482 503
543 466 511 503 488 528
590 543 511 568 528 551
590 511 552 551 535 576
552 511 469 535 490 509
2219 2064 2153 2140 2108 2185
2019 1937 1883 1974 1905 1944
2064 2019 2153 2040 2084 2108
2153 2019 2106 2084 2061 2128
2106 2019 1955 2061 1986 2026
2153 2106 2316 2128 2212 2237
511 466 426 488 445 468
2553 2460 2316 2502 2385 2433
358 300 343 329 320 349
469 511 426 490 468 447
469 426 390 447 405 427
552 469 527 509 498 537
390 426 343 405 382 363
469 390 442 427 413 457
2375 2219 2304 2298 2261 2340
2304 2219 2153 2261 2185 2227
2304 2153 2316 2227 2237 2309
2304 2316 2460 2309 2385 2380
466 425 396 444 410 429
466 396 426 429 409 445
426 396 343 409 367 382
343 396 358 367 374 349
1449 1405 1339 1424 1366 1391
1510 1449 1557 1478 1502 1534
1686 1602 1557 1646 1578 1622
1698 1686 1776 1693 1733 1737
3707 3547 3478 3628 3513 3596
3478 3547 3394 3513 3473 3432
3394 3255 3184 3323 3216 3288
3111 2954 2850 3042 2912 2994
2795 2667 2581 2726 2623 2683
3255 3111 3032 3183 3071 3145
2954 2795 2705 2868 2747 2818
2667 2553 2474 2609 2511 2568
1557 1449 1509 1502 1474 1533
1283 1371 1286 1328 1329 1284
1384 1283 1299 1332 1290 1344
1686 1557 1641 1622 1597 1661
1828 1949 1880 1887 1914 1855
1937 1867 1813 1900 1840 1871
1405 1299 1339 1351 1315 1366
1867 1828 1776 1851 1799 1821
1867 1776 1813 1821 1791 1840
1813 1776 1686 1791 1733 1748
650 552 622 601 586 634
745 650 721 699 683 732
669 745 803 708 770 731
1955 2019 1883 1986 1944 1918
1955 1883 1834 1918 1858 1892
1834 1883 1766 1858 1822 1795
1955 1834 1910 1892 1868 1933
2106 1955 2045 2026 2000 2077
2316 2106 2253 2212 2178 2286
1883 1937 1813 1905 1871 1848
343 300 273 320 287 309
527 469 442 498 457 485
527 442 506 485 473 513
506 442 423 473 433 463
527 506 592 513 549 555
442 390 368 413 378 402
552 527 622 537 573 586
1449 1339 1381 1391 1357 1414
1698 1776 1828 1737 1799 1765
3184 3255 3032 3216 3145 3109
3184 3032 2946 3109 2990 3074
2581 2667 2474 2623 2568 2524
2581 2474 2405 2524 2439 2489
2705 2795 2581 2747 2683 2642
2705 2581 2507 2642 2545 2601
2946 3032 2769 2990 2902 2847
2405 2474 2253 2439 2358 2328
2507 2581 2405 2545 2489 2457
2507 2405 2343 2457 2370 2422
2343 2405 2190 2370 2297 2268
2507 2343 2454 2422 2395 2480
2850 2954 2705 2912 2818 2777
2850 2705 2630 2777 2669 2735
2630 2705 2507 2669 2601 2572
2630 2507 2454 2572 2480 2542
2630 2454 2578 2542 2510 2600
2850 2630 2769 2735 2696 2809
2769 2630 2578 2696 2600 2673
2769 2578 2745 2673 2664 2755
2850 2769 3032 2809 2902 2942
2850 3032 3111 2942 3071 2994
2578 2454 2403 2510 2425 2485
2474 2553 2316 2511 2433 2392
3394 3184 3248 3288 3211 3317
3184 2946 3017 3074 2983 3101
3017 2946 2745 2983 2836 2871
1509 1449 1381 1474 1414 1443
1557 1509 1641 1533 1573 1597
1766 1883 1813 1822 1848 1789
1766 1813 1686 1789 1748 1725
1834 1766 1719 1795 1741 1778
1910 1834 1793 1868 1812 1852
1955 1910 2045 1933 1976 2000
2045 1910 2001 1976 1954 2024
2001 1910 1865 1954 1889 1931
2045 2001 2190 2024 2096 2121
1286 1382 1331 1335 1355 1308
1286 1272 1184 1277 1227 1238
423 442 368 433 402 395
423 368 354 395 362 387
354 368 308 362 335 331
423 354 412 387 381 414
592 506 579 549 539 585
1283 1286 1174 1284 1234 1232
506 423 489 463 454 497
527 592 622 555 609 573
622 592 686 609 639 653
1686 1641 1766 1661 1701 1725
686 592 666 639 627 676
622 686 721 653 707 672
650 622 721 634 672 683
745 721 847 732 780 796
2001 1865 1956 1931 1909 1981
2045 2190 2253 2121 2223 2148
1865 1910 1793 1889 1852 1829
1865 1793 1759 1829 1777 1811
1759 1793 1680 1777 1739 1720
1865 1759 1826 1811 1790 1850
2190 2001 2110 2096 2056 2147
2106 2045 2253 2077 2148 2178
354 308 299 331 303 327
1759 1680 1649 1720 1662 1703
2316 2253 2474 2286 2358 2392
423 412 489 414 450 454
489 412 478 450 446 484
478 412 403 446 406 440
489 478 564 484 519 526
1865 1826 1956 1850 1891 1909
1956 1826 1919 1891 1869 1938
1919 1826 1774 1869 1797 1841
1956 1919 2065 1938 1987 2009
412 354 346 381 350 377
1826 1759 1730 1790 1742 1782
308 368 317 335 342 314
1680 1793 1719 1739 1758 1699
273 300 240 287 267 257
273 240 215 257 228 245
215 240 188 228 214 202
273 215 260 245 235 266
1381 1339 1270 1357 1302 1323
2454 2343 2290 2395 2313 2367
2065 1919 2038 1987 1970 2052
368 390 317 378 352 342
317 390 343 352 363 333
2403 2454 2290 2425 2367 2345
564 478 557 519 515 558
343 273 317 309 298 333
2578 2403 2543 2485 2466 2557
478 403 475 440 438 474
1956 2065 2110 2009 2085 2031
2946 2769 2745 2847 2755 2836
403 412 346 406 377 373
403 346 344 373 345 371
344 346 294 345 318 316
403 344 411 371 375 404
489 564 579 526 571 533
1719 1766 1641 1741 1701 1678
579 506 489 539 497 533
2110 2065 2290 2085 2177 2201
403 411 475 404 441 438
475 411 487 441 448 479
487 411 430 448 419 458
475 487 561 479 523 516
561 487 565 523 525 562
475 561 557 516 556 514
557 561 640 556 599 596
1793 1834 1719 1812 1778 1758
1174 1286 1184 1234 1238 1176
344 294 297 316 295 319
592 579 666 585 624 627
666 579 652 624 614 659
652 579 564 614 571 610
666 652 747 659 704 706
747 652 737 704 696 739
666 747 760 706 754 714
1283 1174 1185 1232 1180 1237
294 346 299 318 321 296
411 344 355 375 348 380
346 354 299 350 327 321
308 317 260 314 289 284
478 475 557 474 514 515
737 652 646 696 649 691
299 308 253 303 283 274
1381 1270 1317 1323 1297 1348
557 640 646 596 642 600
847 721 810 780 763 825
1649 1680 1575 1662 1629 1611
273 260 317 266 289 298
760 747 850 754 798 804
2110 2001 1956 2056 1981 2031
1826 1730 1774 1782 1749 1797
564 557 646 558 600 604
686 666 760 676 714 719
686 760 810 719 783 751
260 215 198 235 208 230
747 737 832 739 781 791
1730 1759 1649 1742 1703 1685
2290 2343 2110 2313 2226 2201
745 847 803 796 819 770
1270 1339 1223 1302 1279 1246
2190 2110 2343 2147 2226 2268
640 561 647 599 603 645
565 487 517 525 500 540
565 517 615 540 566 588
565 615 647 588 628 605
565 647 561 605 603 562
737 646 729 691 687 730
1649 1575 1543 1611 1561 1596
1270 1223 1150 1246 1188 1212
737 729 842 730 784 787
1543 1575 1466 1561 1522 1506
1150 1223 1086 1188 1163 1120
1270 1150 1193 1212 1168 1228
842 729 827 784 775 831
1466 1575 1507 1522 1540 1484
1086 1223 1185 1163 1206 1140
827 729 738 775 734 779
1466 1507 1394 1484 1451 1427
738 729 640 734 685 688
827 738 838 779 788 830
1394 1507 1417 1451 1462 1403
838 738 753 788 743 795
827 838 922 830 880 872
1417 1507 1509 1462 1505 1463
1417 1509 1381 1463 1443 1399
1417 1381 1317 1399 1348 1365
753 738 647 743 693 703
922 838 936 880 883 930
936 838 854 883 846 893
922 936 1032 930 982 977
854 838 753 846 795 802
936 854 933 893 890 931
1032 936 1043 982 987 1035
1043 936 933 987 931 984
1032 1043 1170 1035 1111 1106
1170 1043 1194 1111 1124 1181
1032 1170 1193 1106 1177 1118
1194 1043 1065 1124 1050 1133
1170 1194 1318 1181 1257 1249
1318 1194 1320 1257 1258 1316
1170 1318 1268 1249 1295 1222
1268 1318 1394 1295 1353 1330
1170 1268 1193 1222 1229 1177
1193 1268 1317 1229 1296 1256
1317 1268 1394 1296 1330 1354
1317 1394 1417 1354 1403 1365
1193 1150 1064 1168 1103 1132
1064 1150 962 1103 1045 1006
1193 1064 1032 1132 1046 1118
1032 1064 922 1046 988 977
962 1150 1086 1045 1120 1019
962 1086 955 1019 1017 957
955 1086 1031 1017 1061 992
962 955 842 957 896 899
1031 1086 1185 1061 1140 1112
955 1031 925 992 978 940
925 1031 998 978 1015 960
955 925 832 940 878 892
832 925 850 878 884 841
850 925 998 884 960 915
998 1031 1174 1015 1109 1083
1507 1575 1614 1540 1594 1563
1614 1575 1680 1594 1629 1648
1507 1614 1509 1563 1562 1505
1064 962 922 1006 942 988
1185 1174 1031 1180 1109 1112
260 198 253 230 224 255
827 922 962 872 942 894
1543 1466 1435 1506 1454 1488
1435 1466 1318 1454 1393 1372
1543 1435 1549 1488 1495 1544
297 294 244 295 268 270
244 294 246 268 269 243
297 244 237 270 239 264
246 294 299 269 296 272
246 299 253 272 274 247
244 246 197 243 220 219
197 246 200 220 222 196
244 197 201 219 199 221
200 246 253 222 247 225
200 253 198 225 224 194
197 200 154 196 176 174
201 197 152 199 173 175
244 201 237 221 218 239
237 201 184 218 192 211
184 201 152 192 175 169
197 154 152 174 151 173
152 154 118 151 135 132
118 154 123 135 138 119
152 118 133 132 124 144
123 154 167 138 159 143
167 154 200 159 176 182
123 167 131 143 147 126
167 200 198 182 194 179
167 198 131 179 166 147
118 123 87 119 105 102
87 123 97 105 109 92
118 87 86 102 85 101
97 123 131 109 126 115
86 87 56 85 70 69
118 95 133 106 112 124
56 87 67 70 73 58
86 56 63 69 57 72
86 63 95 72 78 91
86 95 118 91 106 101
67 87 97 73 92 80
56 67 32 58 45 44
67 97 65 80 77 62
32 67 39 45 49 36
97 131 99 115 111 94
56 32 38 44 34 46
760 850 864 804 856 814
864 850 998 856 915 924
760 864 810 814 840 783
640 647 738 645 693 688
847 810 910 825 860 873
910 810 864 860 840 885
847 910 995 873 952 913
995 910 1072 952 985 1029
747 832 850 791 841 798
1270 1193 1317 1228 1256 1297
253 308 260 283 284 255
729 646 640 687 642 685
1466 1394 1318 1427 1353 1393
1649 1543 1619 1596 1581 1631
1619 1543 1549 1581 1544 1586
1619 1549 1657 1586 1604 1640
1619 1657 1730 1640 1692 1674
1649 1619 1730 1631 1674 1685
1283 1185 1299 1237 1245 1290
810 721 686 763 707 751
832 737 842 781 787 834
344 297 355 319 324 348
198 215 164 208 190 178
164 215 188 190 202 171
164 188 137 171 160 149
198 164 131 178 146 166
131 164 137 146 149 130
854 753 821 802 785 839
854 821 933 839 875 890
646 652 564 649 610 604
1223 1339 1299 1279 1315 1262
842 827 962 831 894 899
1614 1680 1719 1648 1699 1664
1614 1719 1641 1664 1678 1626
2403 2290 2240 2345 2266 2321
832 842 955 834 896 892
2240 2290 2065 2266 2177 2155
2403 2240 2361 2321 2302 2382
2403 2361 2543 2382 2447 2466
1 8 9 3 5 4
9 8 16 5 10 11
16 8 21 10 14 18
16 21 32 18 26 23
9 16 22 11 19 15
22 16 32 19 23 27
933 1065 1043 993 1050 984
237 291 297 262 293 264
1893 2038 1919 1961 1970 1903
1893 1919 1774 1903 1841 1830
1432 1549 1435 1493 1495 1434
2543 2745 2578 2639 2664 2557
21 38 32 29 34 26
355 430 411 391 419 380
1208 1320 1194 1263 1258 1201
1208 1194 1065 1201 1133 1143
2196 2361 2240 2278 2302 2221
2196 2240 2065 2221 2155 2132
133 184 152 156 169 144
715 821 753 767 785 727
1657 1774 1730 1717 1749 1692
3017 3248 3184 3132 3211 3101
291 355 297 325 324 293
2038 2196 2065 2117 2132 2052
615 715 647 663 677 628
38 63 56 51 57 46
430 517 487 471 500 458
1320 1432 1435 1374 1434 1376
3248 3478 3394 3355 3432 3317
137 99 131 117 111 130
65 39 67 53 49 62
99 65 97 81 77 94
39 22 32 30 27 36
2253 2190 2405 2223 2297 2328
1174 1184 998 1176 1085 1083
753 647 715 703 677 727
1641 1509 1614 1573 1562 1626
1299 1185 1223 1245 1206 1262
928 803 941 865 869 935
1731 1828 1880 1783 1855 1803
941 803 847 869 819 891
995 941 847 965 891 913
1072 910 953 985 929 1005
953 910 864 929 885 909
1072 953 1184 1005 1059 1134
953 864 998 909 924 968
953 998 1184 968 1085 1059
1435 1318 1320 1372 1316 1376
1406 1457 1398 1429 1423 1401
1607 1659 1615 1632 1635 1610
1832 1897 1859 1861 1877 1846
1508 1555 1501 1532 1527 1503
1715 1773 1734 1743 1754 1723
1457 1508 1447 1482 1475 1453
1659 1715 1670 1684 1691 1663
1897 1965 1989 1927 1978 1939
1555 1607 1560 1583 1584 1556
1773 1832 1794 1800 1815 1784
1100 1114 1018 1107 1068 1057
1191 1217 1145 1203 1183 1165
1322 1362 1300 1346 1333 1311
1138 1161 1071 1149 1119 1101
1250 1287 1218 1267 1254 1236
1114 1138 1039 1125 1089 1077
1217 1250 1152 1235 1207 1186
1362 1406 1349 1388 1378 1356
1161 1191 1121 1172 1154 1142
1287 1322 1260 1305 1293 1273
1989 2018 1920 2005 1967 1951
946 1018 981 980 1000 964
1398 1457 1447 1423 1453 1420
1398 1447 1370 1420 1410 1385
1794 1832 1859 1815 1846 1824
1794 1859 1833 1824 1847 1814
1121 1191 1145 1154 1165 1131
1121 1145 1026 1131 1078 1070
1734 1773 1794 1754 1784 1764
1734 1794 1708 1764 1755 1721
1218 1287 1260 1254 1273 1243
1218 1260 1167 1243 1214 1195
1859 1897 1920 1877 1904 1888
1670 1715 1734 1691 1723 1700
1670 1734 1708 1700 1721 1689
1300 1362 1349 1333 1356 1324
1300 1349 1282 1324 1313 1292
1152 1250 1218 1207 1236 1187
1152 1218 1167 1187 1195 1160
1615 1659 1670 1635 1663 1644
1615 1670 1582 1644 1627 1598
1145 1217 1152 1183 1186 1148
1145 1152 1026 1148 1084 1078
1260 1322 1300 1293 1311 1280
1260 1300 1167 1280 1240 1214
1447 1508 1501 1475 1503 1471
1447 1501 1370 1471 1436 1410
1039 1138 1071 1089 1101 1056
1039 1071 961 1056 1009 1001
1501 1555 1560 1527 1556 1531
1501 1560 1492 1531 1525 1497
1560 1607 1615 1584 1610 1590
1560 1582 1492 1570 1538 1525
1071 1161 1121 1119 1142 1093
1071 1121 1026 1093 1070 1041
1349 1406 1398 1378 1401 1369
1349 1398 1282 1369 1341 1313
1114 1039 1018 1077 1028 1068
877 946 921 912 932 898
2018 2054 1941 2036 1992 1980
2054 2091 1975 2067 2032 2012
1920 2018 1941 1967 1980 1929
1920 1941 1833 1929 1885 1874
1989 1920 1897 1951 1904 1939
1859 1920 1833 1888 1874 1847
805 877 848 845 859 823
981 1018 1039 1000 1028 1011
981 1039 961 1011 1001 967
946 981 921 964 951 932
921 981 961 951 967 939
726 805 772 766 793 756
2091 2135 2008 2113 2068 2048
1941 2054 1975 1992 2012 1957
1941 1975 1879 1957 1925 1908
877 921 848 898 881 859
848 921 961 881 939 902
2135 2187 2050 2161 2120 2093
1975 2091 2008 2032 2048 1991
1975 2008 1879 1991 1942 1925
656 726 698 695 713 675
805 848 772 823 808 793
772 848 818 808 829 800
2187 2242 2099 2214 2168 2142
580 656 621 617 637 595
2008 2135 2050 2068 2093 2027
2008 2050 1913 2027 1979 1959
726 772 698 756 735 713
698 772 818 735 800 758
961 1071 1026 1009 1041 989
1398 1370 1282 1385 1326 1341
1300 1282 1167 1292 1225 1240
1501 1492 1370 1497 1430 1436
1708 1794 1833 1755 1814 1770
2242 2307 2151 2274 2232 2194
501 580 544 538 560 521
2050 2187 2099 2120 2142 2071
2050 2099 1950 2071 2023 1998
425 501 467 462 481 443
2307 2377 2210 2342 2292 2257
656 698 621 675 658 637
621 698 670 658 681 644
2099 2242 2151 2168 2194 2124
2099 2151 2016 2124 2082 2058
580 621 544 595 583 560
544 621 591 583 608 569
358 425 394 389 407 372
2377 2461 2294 2413 2374 2337
1941 1879 1833 1908 1857 1885
1833 1879 1744 1857 1810 1788
818 848 961 829 902 887
1913 2050 1950 1979 1998 1932
1913 1950 1836 1932 1890 1870
2008 1913 1879 1959 1898 1942
1836 1950 1896 1890 1921 1860
1913 1836 1796 1870 1818 1854
1950 2099 2016 2023 2058 1983
1950 2016 1896 1983 1948 1921
1896 2016 2015 1948 2014 1947
670 698 818 681 758 742
621 670 591 644 630 608
591 670 651 630 661 626
1744 1879 1796 1810 1839 1772
1833 1744 1708 1788 1729 1770
2151 2307 2210 2232 2257 2179
2151 2210 2015 2179 2114 2081
651 670 746 661 709 700
591 651 553 626 602 577
2015 2016 2151 2014 2082 2081
1896 2015 1849 1947 1923 1866
544 591 502 569 547 522
1708 1744 1633 1729 1688 1675
501 544 467 521 504 481
467 544 502 504 522 483
467 502 418 483 460 437
300 358 338 329 347 315
2461 2554 2381 2505 2465 2414
425 467 394 443 428 407
394 467 418 428 437 401
394 418 338 401 376 365
394 338 358 365 347 372
2210 2377 2294 2292 2337 2252
2210 2294 2137 2252 2217 2175
2554 2668 2475 2613 2570 2515
2796 2957 2706 2870 2820 2748
3112 3256 3034 3185 3147 3073
3395 3548 3249 3475 3393 3318
2668 2796 2583 2730 2685 2624
2957 3112 2852 3043 2995 2917
3256 3395 3186 3324 3290 3218
3548 3708 3479 3629 3597 3514
3548 3479 3249 3514 3356 3393
418 502 465 460 480 436
2137 2294 2234 2217 2263 2180
2210 2137 2015 2175 2076 2114
2294 2461 2381 2374 2414 2338
2294 2381 2234 2338 2305 2263
2234 2381 2329 2305 2352 2277
2329 2381 2475 2352 2427 2401
2329 2475 2429 2401 2451 2376
2475 2381 2554 2427 2465 2515
2429 2475 2583 2451 2526 2500
2429 2583 2535 2500 2558 2479
2329 2429 2267 2376 2346 2295
2535 2583 2706 2558 2644 2619
2535 2706 2659 2619 2680 2592
2429 2535 2363 2479 2445 2393
2659 2706 2852 2680 2781 2750
2659 2852 2793 2750 2823 2721
2535 2659 2471 2592 2561 2498
2793 2852 3034 2823 2944 2922
2793 3034 2979 2922 3005 2885
2659 2793 2593 2721 2689 2625
2979 3034 3186 3005 3110 3092
2979 3186 3018 3092 3102 2998
2793 2979 2746 2885 2853 2768
2583 2475 2668 2526 2570 2624
2852 2706 2957 2781 2820 2917
3186 3034 3256 3110 3147 3218
2706 2583 2796 2644 2685 2748
3034 2852 3112 2944 2995 3073
2234 2329 2166 2277 2251 2198
1836 1896 1779 1860 1835 1802
1796 1836 1722 1818 1781 1762
1913 1796 1879 1854 1839 1898
746 670 818 709 742 777
553 651 623 602 635 587
1849 2015 1958 1923 1985 1899
651 746 722 700 733 684
591 553 502 577 530 547
502 553 465 530 508 480
1896 1849 1779 1866 1807 1835
1633 1744 1707 1688 1724 1669
1708 1633 1582 1675 1608 1647
300 338 271 315 305 285
2363 2535 2471 2445 2498 2411
2363 2471 2308 2411 2386 2334
2308 2471 2415 2386 2440 2360
2363 2308 2204 2334 2254 2283
2429 2363 2267 2393 2312 2346
2267 2363 2204 2312 2283 2235
2267 2204 2103 2235 2154 2184
2103 2204 2042 2154 2122 2073
2267 2103 2166 2184 2136 2216
2166 2103 2010 2136 2060 2087
2267 2166 2329 2216 2251 2295
2010 2103 1953 2060 2025 1982
2166 2010 2089 2087 2051 2127
2471 2659 2593 2561 2625 2528
2471 2593 2415 2528 2501 2440
2415 2593 2544 2501 2567 2477
2593 2793 2746 2689 2768 2670
3186 3395 3249 3290 3318 3213
418 465 379 436 422 397
2137 2234 2089 2180 2160 2115
2089 2234 2166 2160 2198 2127
2137 2089 1958 2115 2022 2043
2010 1953 1875 1982 1912 1940
1953 2103 2042 2025 2073 1995
1953 2042 1902 1995 1968 1926
1902 2042 1969 1968 2006 1936
1953 1902 1825 1926 1863 1886
2089 2010 1958 2051 1984 2022
1836 1779 1722 1802 1746 1781
1796 1722 1707 1762 1710 1753
1707 1722 1613 1710 1666 1655
1796 1707 1744 1753 1724 1772
1613 1722 1653 1666 1683 1630
1707 1613 1633 1655 1625 1669
1653 1722 1779 1683 1746 1712
1613 1653 1546 1630 1599 1577
1546 1653 1587 1599 1617 1568
1613 1546 1515 1577 1528 1567
623 651 722 635 684 673
1958 2015 2137 1985 2076 2043
722 746 826 733 782 771
553 623 529 587 575 541
1849 1958 1809 1899 1882 1827
1582 1633 1526 1608 1585 1553
2042 2204 2144 2122 2173 2095
1708 1582 1670 1647 1627 1689
2308 2415 2259 2360 2339 2280
2204 2308 2144 2254 2225 2173
271 338 306 305 323 288
1969 2042 2144 2006 2095 2059
1969 2144 2039 2059 2086 2002
1825 1902 1787 1863 1843 1805
300 271 240 285 254 267
240 271 216 254 242 229
216 271 249 242 261 234
240 216 188 229 203 214
1902 1969 1862 1936 1916 1884
1953 1825 1875 1886 1853 1912
1875 1825 1761 1853 1792 1819
1761 1825 1716 1792 1771 1738
1875 1761 1809 1819 1786 1842
379 465 434 422 449 400
418 379 338 397 360 376
2010 1875 1958 1940 1915 1984
1716 1825 1787 1771 1805 1750
1716 1787 1676 1750 1732 1695
1676 1787 1747 1732 1767 1709
1716 1676 1606 1695 1642 1660
1761 1716 1650 1738 1679 1706
1587 1653 1690 1617 1672 1636
826 746 879 782 813 855
1809 1958 1875 1882 1915 1842
1515 1546 1439 1528 1491 1476
529 623 593 575 611 563
1546 1587 1472 1568 1530 1514
722 826 811 771 815 764
1849 1809 1690 1827 1751 1769
1613 1526 1633 1571 1585 1625
553 529 465 541 496 508
1526 1613 1515 1571 1567 1521
1526 1515 1422 1521 1467 1477
1422 1515 1439 1467 1476 1428
1526 1422 1450 1477 1431 1486
1450 1422 1343 1431 1380 1395
1526 1450 1582 1486 1518 1553
1343 1422 1319 1380 1367 1327
1450 1343 1370 1395 1352 1407
306 338 379 323 360 336
1747 1787 1862 1767 1823 1804
2259 2415 2362 2339 2389 2311
2259 2362 2197 2311 2279 2229
2259 2197 2144 2229 2169 2203
271 306 249 288 279 261
249 306 282 279 290 265
282 306 340 290 322 312
249 282 236 265 259 241
236 282 281 259 280 258
249 236 195 241 217 223
1606 1676 1569 1642 1620 1591
1676 1747 1658 1709 1705 1665
2308 2259 2144 2280 2203 2225
216 249 195 234 223 207
216 195 165 207 177 191
165 195 148 177 170 153
216 165 188 191 172 203
188 165 137 172 150 160
148 195 189 170 193 168
165 148 121 153 129 141
1716 1606 1650 1660 1628 1679
1650 1606 1541 1628 1574 1595
1541 1606 1499 1574 1552 1520
1650 1541 1592 1595 1566 1616
1499 1606 1569 1552 1591 1536
1499 1569 1459 1536 1516 1480
1459 1569 1550 1516 1559 1504
1499 1459 1387 1480 1421 1441
1541 1499 1426 1520 1464 1483
1592 1541 1479 1566 1513 1537
1650 1592 1697 1616 1643 1673
1787 1902 1862 1843 1884 1823
434 465 529 449 496 476
236 281 231 258 252 233
121 148 110 129 128 114
1862 1969 1894 1916 1928 1876
1862 1894 1775 1876 1831 1820
1343 1319 1230 1327 1274 1288
189 195 236 193 217 213
189 236 231 213 233 209
189 231 180 209 205 186
180 231 227 205 226 204
189 180 142 186 161 163
227 231 275 226 250 248
180 227 187 204 206 181
142 180 139 161 158 140
189 142 148 163 145 168
148 142 110 145 125 128
110 142 104 125 122 107
104 142 139 122 140 120
104 139 96 120 116 100
110 104 76 107 88 93
76 104 75 88 89 74
110 76 83 93 82 98
75 104 96 89 100 84
75 96 64 84 79 68
75 64 52 68 55 61
52 64 37 55 50 43
52 37 31 43 33 41
75 52 76 61 60 74
31 37 20 33 28 24
31 20 22 24 17 25
52 31 47 41 40 48
47 31 39 40 35 42
52 47 76 48 59 60
47 39 65 42 53 54
110 83 121 98 103 114
1387 1459 1347 1421 1402 1364
83 76 47 82 59 66
1319 1422 1439 1367 1428 1377
165 121 137 141 127 150
137 121 99 127 108 117
379 434 340 400 385 361
281 282 340 280 312 310
1499 1387 1426 1441 1404 1464
1426 1387 1314 1404 1350 1368
1314 1387 1269 1350 1325 1294
1426 1314 1361 1368 1342 1397
1269 1387 1347 1325 1364 1307
1269 1347 1209 1307 1276 1242
1314 1269 1205 1294 1239 1261
1361 1314 1253 1342 1285 1306
1426 1361 1479 1397 1419 1455
1479 1361 1415 1419 1389 1445
1439 1546 1472 1491 1514 1456
187 227 238 206 232 210
1479 1415 1511 1445 1461 1490
1511 1415 1472 1461 1444 1489
1472 1415 1363 1444 1390 1418
1511 1472 1587 1489 1530 1545
1511 1587 1592 1545 1588 1547
1363 1415 1303 1390 1359 1337
1472 1363 1439 1418 1400 1456
1439 1363 1319 1400 1345 1377
1303 1415 1361 1359 1389 1334
1363 1303 1255 1337 1278 1309
1255 1303 1190 1278 1247 1221
1363 1255 1319 1309 1289 1345
1190 1303 1253 1247 1275 1219
1255 1190 1129 1221 1159 1197
1479 1511 1592 1490 1547 1537
1129 1190 1036 1159 1122 1080
1036 1190 1115 1122 1153 1074
1129 1036 983 1080 1008 1048
1650 1697 1761 1673 1728 1706
1761 1697 1809 1728 1756 1786
1205 1269 1155 1239 1215 1175
1541 1426 1479 1483 1455 1513
379 340 306 361 322 336
1314 1205 1253 1261 1226 1285
1690 1653 1779 1672 1712 1735
811 826 911 815 868 861
911 826 927 868 874 918
811 911 901 861 907 857
275 231 281 250 252 277
139 180 187 158 181 162
593 623 690 611 654 641
690 623 722 654 673 710
593 690 671 641 678 632
1343 1230 1252 1288 1244 1298
1252 1230 1139 1244 1189 1200
1343 1252 1370 1298 1310 1352
1361 1253 1303 1306 1275 1334
1569 1676 1658 1620 1665 1612
1230 1319 1211 1274 1266 1220
1211 1319 1255 1266 1289 1231
1230 1211 1104 1220 1164 1171
1255 1129 1211 1197 1169 1231
1587 1690 1592 1636 1639 1588
722 811 690 764 752 710
1347 1459 1433 1402 1448 1392
1433 1459 1550 1448 1504 1494
340 434 408 385 421 369
408 434 492 421 461 451
340 408 339 369 370 337
529 593 492 563 545 507
1697 1592 1690 1643 1639 1694
227 275 278 248 276 251
278 275 328 276 301 302
227 278 238 251 256 232
1115 1190 1253 1153 1219 1192
901 911 1002 907 956 949
492 434 529 461 476 507
1002 911 1025 956 963 1010
901 1002 997 949 999 945
1025 911 927 963 918 971
1002 1025 1167 1010 1094 1079
1167 1025 1152 1094 1081 1160
997 1002 1128 999 1063 1055
1128 1002 1167 1063 1079 1147
997 1128 1139 1055 1136 1067
1139 1128 1252 1136 1196 1200
1155 1269 1209 1215 1242 1178
1139 1230 1104 1189 1171 1123
1139 1104 997 1123 1042 1067
328 275 339 301 307 334
983 1036 917 1008 974 950
917 1036 973 974 1003 943
983 917 870 950 895 923
973 1036 1115 1003 1074 1034
917 973 862 943 914 888
870 917 807 895 863 843
983 870 938 923 908 959
862 973 920 914 944 889
870 807 761 843 786 816
938 870 828 908 853 882
920 973 1037 944 1004 976
761 807 705 786 759 728
828 870 761 853 816 799
1037 973 1115 1004 1034 1075
705 807 757 759 776 724
761 705 662 728 682 711
1037 1115 1205 1075 1162 1130
757 807 862 776 836 806
662 705 606 682 655 633
761 662 720 711 694 744
862 807 917 836 863 888
757 862 812 806 837 778
606 705 631 655 668 618
720 662 671 694 665 702
720 671 765 702 718 748
765 671 690 718 678 723
720 765 828 748 801 774
812 862 920 837 889 866
631 705 757 668 724 692
720 828 761 774 799 744
812 920 871 866 897 844
871 920 986 897 954 926
812 871 762 844 817 790
986 920 1037 954 976 1012
871 986 934 926 958 904
762 871 822 817 851 797
762 822 716 797 768 740
762 716 667 740 689 717
667 716 616 689 664 638
667 616 572 638 589 619
762 667 725 717 701 749
572 616 518 589 567 546
667 572 631 619 597 648
725 667 631 701 648 679
762 725 812 749 769 790
812 725 757 769 741 778
757 725 631 741 679 692
986 1037 1155 1012 1098 1069
339 408 393 370 398 364
393 408 470 398 435 432
339 393 328 364 359 334
470 408 492 435 451 477
393 470 459 432 464 424
470 492 554 477 524 512
459 470 542 464 505 499
393 459 386 424 420 388
470 554 542 512 548 505
459 542 534 499 536 495
386 459 452 420 455 416
542 554 662 548 612 598
459 534 452 495 493 455
452 534 532 493 531 491
532 534 631 531 584 581
452 532 456 491 494 453
456 532 572 494 550 510
572 532 631 550 581 597
452 456 384 453 417 415
384 456 356 417 399 366
452 384 386 415 383 416
386 384 328 383 351 353
386 328 393 353 359 388
554 492 593 524 545 578
534 542 606 536 574 570
606 542 662 574 598 633
534 606 631 570 618 584
938 828 903 882 867 919
903 828 765 867 801 835
938 903 1104 919 991 1013
927 826 879 874 855 906
1104 1211 1129 1164 1169 1113
901 997 903 945 947 900
811 901 765 857 833 789
1205 1155 1037 1175 1098 1130
278 328 332 302 330 304
332 328 384 330 351 357
332 384 356 357 366 341
278 332 292 304 313 286
1129 983 1104 1048 1033 1113
593 671 554 632 613 578
340 339 281 337 311 310
1025 927 1026 971 972 1023
983 938 1104 959 1013 1033
121 83 99 103 90 108
99 83 65 90 71 81
1253 1205 1115 1226 1162 1192
275 281 339 277 311 307
1747 1862 1775 1804 1820 1763
1747 1775 1658 1763 1718 1705
139 187 134 162 155 136
572 518 456 546 486 510
1066 934 986 994 958 1024
7 1 9 2 4 6
9 22 20 15 17 12
9 20 7 12 13 6
2039 1894 1969 1962 1928 2002
292 238 278 263 256 286
2746 2544 2593 2640 2567 2670
3249 3018 3186 3133 3102 3213
2979 3018 2746 2998 2872 2853
185 134 187 157 155 183
185 187 238 183 210 212
1321 1209 1347 1264 1276 1338
1321 1347 1433 1338 1392 1375
431 356 456 392 399 439
431 456 518 439 486 472
934 822 871 876 851 904
2544 2362 2415 2448 2389 2477
1658 1550 1569 1605 1559 1612
134 96 139 113 116 136
2197 2039 2144 2118 2086 2169
1209 1066 1155 1144 1110 1178
356 292 332 326 313 341
22 39 31 30 35 25
1690 1779 1849 1735 1807 1769
65 83 47 71 66 54
1809 1697 1690 1756 1694 1751
1026 927 879 972 906 948
879 746 818 813 777 852
879 818 961 852 887 916
1026 879 961 948 916 989
1615 1582 1560 1598 1570 1590
1492 1582 1450 1538 1518 1469
1492 1450 1370 1469 1407 1430
765 690 811 723 752 789
903 997 1104 947 1042 991
1026 1152 1025 1084 1081 1023
1167 1282 1128 1225 1210 1147
1282 1370 1252 1326 1310 1265
1252 1128 1282 1196 1210 1265
986 1155 1066 1069 1110 1024
901 903 765 900 835 833
554 671 662 613 665 612

