1140 1150 1182 1175
1904 1914 1967 1958
1914 1925 1973 1967
1925 1933 1979 1973
1933 1935 1982 1979
1935 1932 1980 1982
1932 1923 1972 1980
1923 1913 1964 1972
1913 1900 1952 1964
1900 1890 1944 1952
1890 1870 1929 1944
1870 1849 1899 1929
1849 1836 1877 1899
1836 1813 1846 1877
1813 1789 1820 1846
1789 1757 1791 1820
1757 1735 1756 1791
1735 1703 1736 1756
1703 1671 1708 1736
1671 1642 1677 1708
1642 1612 1655 1677
1612 1582 1626 1655
1582 1556 1586 1626
1556 1523 1551 1586
1523 1491 1516 1551
1491 1459 1476 1516
1459 1418 1436 1476
1418 1385 1398 1436
1385 1347 1355 1398
1347 1314 1320 1355
1314 1278 1281 1320
1278 1243 1246 1281
1243 1209 1213 1246
1209 1175 1182 1213
1150 1158 1193 1182
1158 1165 1205 1193
2009 1958 1967 2020
1165 1178 1218 1205
2065 2009 2020 2071
1178 1191 1231 1218
2126 2065 2071 2130
1191 1206 1254 1231
2180 2126 2130 2183
1206 1221 1267 1254
2241 2180 2183 2240
1221 1233 1284 1267
2294 2241 2240 2293
1233 1257 1301 1284
1257 1273 1331 1301
2338 2294 2293 2340
1273 1294 1350 1331
2382 2338 2340 2386
1294 1321 1374 1350
2423 2382 2386 2425
1321 1342 1404 1374
2461 2423 2425 2467
1342 1368 1431 1404
2503 2461 2467 2508
1368 1402 1466 1431
2543 2503 2508 2551
1402 1433 1492 1466
2586 2543 2551 2592
1433 1471 1525 1492
2143 2198 2199 2166
1471 1504 1559 1525
2083 2143 2166 2142
2202 2142 2166 2199
1504 1542 1589 1559
2022 2083 2142 2118
2142 2202 2209 2118
1542 1576 1629 1589
1960 2022 2118 2092
2118 2209 2220 2092
1576 1614 1666 1629
1896 1960 2092 2063
1614 1656 1711 1666
1843 1896 2063 2031
2092 2220 2226 2063
2063 2226 2236 2031
1656 1699 1762 1711
1795 1843 2031 1898
1699 1742 1825 1762
1742 1795 1898 1825
2618 2586 2592 2625
2655 2618 2625 2660
2842 2839 2838 2840
2685 2655 2660 2686
2839 2833 2834 2838
2714 2685 2686 2716
2833 2825 2828 2834
2737 2714 2716 2739
2825 2819 2820 2828
2761 2737 2739 2766
2819 2809 2812 2820
2779 2761 2766 2788
2809 2799 2802 2812
2799 2779 2788 2802
2236 2248 2103 2031
2835 2840 2838 2834
2248 2258 2149 2103
2830 2835 2834 2828
2830 2828 2820 2826
2258 2270 2177 2149
2821 2826 2820 2810
2270 2281 2193 2177
2816 2821 2810 2806
2820 2812 2802 2810
2281 2299 2225 2193
2813 2816 2806 2800
2299 2313 2245 2225
2804 2813 2800 2790
2313 2330 2263 2245
2795 2804 2790 2781
2330 2348 2280 2263
2786 2795 2781 2771
2348 2364 2304 2280
2773 2786 2771 2757
2364 2377 2322 2304
2762 2773 2757 2746
2377 2397 2343 2322
2750 2762 2746 2732
2397 2413 2366 2343
2734 2750 2732 2719
2413 2432 2381 2366
2723 2734 2719 2703
2432 2448 2405 2381
2707 2723 2703 2683
2448 2465 2420 2405
2694 2707 2683 2669
2465 2488 2444 2420
2676 2694 2669 2649
2488 2501 2460 2444
2658 2676 2649 2635
2501 2527 2487 2460
2641 2658 2635 2614
2527 2540 2505 2487
2619 2641 2614 2594
2540 2565 2530 2505
2602 2619 2594 2569
2565 2584 2555 2530
2584 2602 2569 2555
1182 1193 1225 1213
1193 1205 1240 1225
2020 1967 1973 2026
2071 2020 2026 2076
1205 1218 1260 1240
1973 1979 2032 2026
2130 2071 2076 2132
2183 2130 2132 2181
2240 2183 2181 2234
1246 1213 1225 1251
1218 1231 1276 1260
1231 1254 1291 1276
1254 1267 1316 1291
1267 1284 1336 1316
1284 1301 1358 1336
1301 1331 1382 1358
1979 1982 2038 2032
1982 1980 2036 2038
1980 1972 2028 2036
1972 1964 2021 2028
2293 2240 2234 2288
1964 1952 2010 2021
1952 1944 2001 2010
1944 1929 1983 2001
1929 1899 1957 1983
1899 1877 1927 1957
1877 1846 1889 1927
1846 1820 1847 1889
1820 1791 1812 1847
1736 1774 1781 1756
1791 1756 1781 1812
2340 2293 2288 2339
2386 2340 2339 2389
1281 1246 1251 1277
1320 1281 1277 1325
1355 1320 1325 1361
1398 1355 1361 1408
1436 1398 1408 1449
1476 1436 1449 1494
1516 1476 1494 1538
1551 1516 1538 1579
1586 1551 1579 1623
1626 1586 1623 1676
2425 2386 2389 2426
2467 2425 2426 2471
1331 1350 1406 1382
2508 2467 2471 2511
1350 1374 1430 1406
1374 1404 1463 1430
1404 1431 1490 1463
2551 2508 2511 2552
2592 2551 2552 2591
2625 2592 2591 2629
1431 1466 1519 1490
1466 1492 1549 1519
2660 2625 2629 2663
2686 2660 2663 2690
1492 1525 1575 1549
2716 2686 2690 2717
2739 2716 2717 2738
2766 2739 2738 2760
2802 2788 2791 2810
2788 2766 2778 2791
1525 1559 1609 1575
1559 1589 1641 1609
1589 1629 1675 1641
1629 1666 1721 1675
1666 1711 1766 1721
1711 1762 1824 1766
1762 1825 1891 1824
1825 1898 1990 1891
1898 2031 2103 1990
2103 2149 2043 1990
2149 2177 2080 2043
2177 2193 2113 2080
2193 2225 2137 2113
2225 2245 2161 2137
2245 2263 2182 2161
2263 2280 2201 2182
2280 2304 2232 2201
2304 2322 2257 2232
2322 2343 2277 2257
2343 2366 2305 2277
2366 2381 2327 2305
2381 2405 2354 2327
2405 2420 2373 2354
2420 2444 2401 2373
2444 2460 2418 2401
2460 2487 2445 2418
2487 2505 2463 2445
2505 2530 2494 2463
2530 2555 2520 2494
2555 2569 2536 2520
2569 2594 2560 2536
2594 2614 2580 2560
2614 2635 2601 2580
2635 2649 2622 2601
2649 2669 2645 2622
2669 2683 2664 2645
2683 2703 2680 2664
2703 2719 2700 2680
2719 2732 2712 2700
2732 2746 2728 2712
2746 2757 2742 2728
2757 2771 2754 2742
2771 2781 2767 2754
2781 2790 2777 2767
2790 2800 2784 2777
2800 2806 2789 2784
2806 2810 2791 2789
1708 1677 1722 1745
1626 1676 1702 1655
1677 1655 1702 1722
1225 1240 1277 1251
1240 1260 1292 1277
1260 1276 1318 1292
1276 1291 1337 1318
2076 2026 2032 2085
2032 2038 2091 2085
2132 2076 2085 2136
2038 2036 2093 2091
2036 2028 2086 2093
2028 2021 2078 2086
2181 2132 2136 2178
2234 2181 2178 2211
2021 2010 2067 2078
2010 2001 2060 2067
2001 1983 2042 2060
1983 1957 2012 2042
1957 1927 1976 2012
1325 1277 1292 1328
1708 1745 1774 1736
2288 2234 2211 2279
1745 1722 1752 1783
2339 2288 2279 2337
1927 1889 1938 1976
1889 1847 1882 1938
1847 1812 1826 1882
1812 1781 1774 1826
1783 1826 1774 1745
1361 1325 1328 1362
1408 1361 1362 1414
1449 1408 1414 1467
1494 1449 1467 1511
1538 1494 1511 1567
1579 1538 1567 1608
1623 1579 1608 1648
1291 1316 1357 1337
1316 1336 1388 1357
1336 1358 1413 1388
1358 1382 1435 1413
1382 1406 1462 1435
1406 1430 1489 1462
1430 1463 1517 1489
1463 1490 1546 1517
1490 1519 1573 1546
1519 1549 1603 1573
1549 1575 1635 1603
1575 1609 1663 1635
2389 2339 2337 2387
2766 2760 2775 2778
2760 2738 2740 2756
2791 2778 2775 2789
2784 2789 2775 2770
2770 2775 2760 2756
2777 2784 2770 2758
1609 1641 1701 1663
2767 2777 2758 2749
2754 2767 2749 2736
2742 2754 2736 2725
2728 2742 2725 2710
2712 2728 2710 2696
1990 2043 1948 1891
2043 2080 1998 1948
2700 2712 2696 2675
2680 2700 2675 2654
2664 2680 2654 2639
2645 2664 2639 2617
2622 2645 2617 2597
2601 2622 2597 2570
2580 2601 2570 2549
2560 2580 2549 2524
2536 2560 2524 2497
2520 2536 2497 2476
2494 2520 2476 2450
1641 1675 1738 1701
2426 2389 2387 2427
1675 1721 1777 1738
1721 1766 1822 1777
1766 1824 1871 1822
1824 1891 1948 1871
2471 2426 2427 2473
2511 2471 2473 2510
2552 2511 2510 2547
2591 2552 2547 2581
2463 2494 2450 2422
2738 2717 2715 2740
2717 2690 2693 2715
2690 2663 2668 2693
2663 2629 2647 2668
2445 2463 2422 2403
2418 2445 2403 2372
2401 2418 2372 2350
2373 2401 2350 2318
2354 2373 2318 2290
2327 2354 2290 2260
2305 2327 2260 2233
2277 2305 2233 2196
2257 2277 2196 2175
2232 2257 2175 2152
2201 2232 2152 2123
2182 2201 2123 2097
2161 2182 2097 2070
2137 2161 2070 2052
2080 2113 2029 1998
2113 2137 2052 2029
2629 2591 2581 2612
2085 2091 2154 2136
2136 2154 2211 2178
2091 2093 2155 2154
2093 2086 2153 2155
2086 2078 2140 2153
2078 2067 2135 2140
2067 2060 2124 2135
1292 1318 1362 1328
1722 1702 1755 1752
1676 1623 1648 1704
2060 2042 2102 2124
1318 1337 1383 1362
2758 2770 2756 2740
2749 2758 2740 2730
2736 2749 2730 2721
2725 2736 2721 2706
2042 2012 2068 2102
2012 1976 2033 2068
1976 1938 1988 2033
1938 1882 1931 1988
1882 1826 1865 1931
1826 1783 1811 1865
1783 1752 1755 1811
1337 1357 1395 1383
1357 1388 1438 1395
2668 2647 2651 2674
2647 2629 2612 2631
2693 2668 2674 2692
1702 1676 1759 1755
1388 1413 1475 1438
1811 1755 1759 1837
1413 1435 1493 1475
1435 1462 1513 1493
1462 1489 1544 1513
1489 1517 1572 1544
1517 1546 1600 1572
1546 1573 1627 1600
1573 1603 1661 1627
1603 1635 1693 1661
2715 2693 2692 2711
2740 2715 2711 2730
1635 1663 1724 1693
1663 1701 1760 1724
1701 1738 1801 1760
1738 1777 1833 1801
1777 1822 1866 1833
1871 1948 1998 1918
1822 1871 1918 1866
2710 2725 2706 2687
2696 2710 2687 2671
2675 2696 2671 2650
2654 2675 2650 2633
2639 2654 2633 2610
2617 2639 2610 2590
1414 1362 1383 1427
1467 1414 1427 1478
1511 1467 1478 1514
2597 2617 2590 2564
2570 2597 2564 2537
2549 2570 2537 2514
2524 2549 2514 2485
2497 2524 2485 2456
2476 2497 2456 2436
2450 2476 2436 2408
2422 2450 2408 2380
2403 2422 2380 2351
2372 2403 2351 2319
2350 2372 2319 2285
2318 2350 2285 2250
2290 2318 2250 2208
2260 2290 2208 2173
2233 2260 2173 2148
2196 2233 2148 2121
2175 2196 2121 2090
2152 2175 2090 2058
2123 2152 2058 2037
2097 2123 2037 2008
2070 2097 2008 1989
2052 2070 1989 1969
1998 2029 1951 1918
2029 2052 1969 1951
1648 1608 1637 1672
2510 2473 2474 2513
2473 2427 2428 2474
2547 2510 2513 2544
2581 2547 2544 2575
2427 2387 2384 2428
2387 2337 2336 2384
2337 2279 2276 2336
2279 2211 2218 2276
2211 2154 2155 2218
2612 2581 2575 2608
2651 2647 2631 2636
2608 2636 2631 2612
1567 1511 1514 1545
2155 2153 2215 2218
2153 2140 2206 2215
2140 2135 2194 2206
1514 1478 1501 1545
2135 2124 2188 2194
1608 1567 1632 1637
1427 1383 1395 1438
1478 1427 1438 1501
1672 1637 1632 1697
1837 1759 1775 1860
1759 1676 1704 1775
1648 1672 1712 1704
1866 1918 1951 1901
2124 2102 2167 2188
2102 2068 2133 2167
2068 2033 2088 2133
2730 2711 2705 2721
2711 2692 2691 2705
2692 2674 2679 2691
2674 2651 2661 2679
2706 2721 2705 2689
1833 1866 1901 1894
2687 2706 2689 2673
2661 2673 2689 2679
2705 2691 2679 2689
2671 2687 2673 2643
2650 2671 2643 2626
2633 2650 2626 2605
2610 2633 2605 2577
2590 2610 2577 2557
2564 2590 2557 2532
2537 2564 2532 2499
2514 2537 2499 2470
2485 2514 2470 2442
2456 2485 2442 2415
2436 2456 2415 2393
2408 2436 2393 2359
2380 2408 2359 2326
2351 2380 2326 2292
2319 2351 2292 2252
2285 2319 2252 2205
1951 1969 1894 1901
2276 2218 2215 2275
2336 2276 2275 2335
1969 1989 1881 1894
2384 2336 2335 2385
2428 2384 2385 2431
2474 2428 2431 2475
2513 2474 2475 2517
2544 2513 2517 2550
2575 2544 2550 2574
2608 2575 2574 2609
1989 2008 1928 1881
2008 2037 1947 1928
2037 2058 1963 1947
2058 2090 2005 1963
2090 2121 2041 2005
2121 2148 2054 2041
2148 2173 2069 2054
2173 2208 2112 2069
2250 2285 2205 2159
2208 2250 2159 2112
1801 1833 1894 1881
1438 1475 1552 1501
1475 1493 1555 1552
1493 1513 1557 1555
1513 1544 1604 1557
1544 1572 1628 1604
1572 1600 1654 1628
1600 1627 1686 1654
1627 1661 1725 1686
1661 1693 1763 1725
1693 1724 1794 1763
1760 1801 1881 1827
1724 1760 1827 1794
1988 1931 1978 2039
2033 1988 2039 2088
1931 1865 1908 1978
1865 1811 1837 1908
2651 2636 2638 2661
2636 2608 2609 2638
2673 2661 2638 2643
2215 2206 2274 2275
2206 2194 2267 2274
1712 1672 1697 1768
1775 1704 1712 1768
2335 2275 2274 2333
2088 2039 2096 2150
2039 1978 2040 2096
2385 2335 2333 2390
1837 1860 1975 1908
1978 1908 1975 2040
2133 2088 2150 2189
1567 1545 1591 1632
1545 1501 1552 1591
1555 1557 1604 1619
1552 1555 1619 1634
2194 2188 2253 2267
2188 2167 2231 2253
2167 2133 2189 2231
1881 1928 1867 1827
1794 1827 1867 1861
1867 1928 1947 1861
1947 1963 1851 1861
1763 1794 1861 1851
1725 1763 1851 1799
1686 1725 1799 1753
1654 1686 1753 1718
1963 2005 1926 1851
2005 2041 1971 1926
2041 2054 1959 1971
2054 2069 1942 1959
2069 2112 2003 1942
1860 1775 1768 1876
2112 2159 2055 2003
2159 2205 2116 2055
2431 2385 2390 2438
2475 2431 2438 2482
2517 2475 2482 2523
2550 2517 2523 2556
2574 2550 2556 2578
2609 2574 2578 2607
2638 2609 2607 2643
2626 2643 2607 2598
1628 1654 1718 1689
1604 1628 1689 1680
2205 2252 2168 2116
2605 2626 2598 2572
2577 2605 2572 2554
2557 2577 2554 2509
2532 2557 2509 2500
2499 2532 2500 2469
2470 2499 2469 2416
2442 2470 2416 2399
2415 2442 2399 2369
2252 2292 2217 2168
2292 2326 2265 2217
2326 2359 2307 2265
2359 2393 2342 2307
2393 2415 2369 2342
1697 1632 1665 1716
1604 1680 1698 1619
2274 2267 2329 2333
1680 1689 1741 1761
2390 2333 2329 2391
1689 1718 1780 1741
2607 2578 2576 2598
2578 2556 2562 2576
2562 2572 2598 2576
2556 2523 2531 2562
2523 2482 2493 2531
2482 2438 2441 2493
2438 2390 2391 2441
1552 1634 1647 1591
1632 1591 1647 1665
1768 1697 1716 1793
1718 1753 1835 1780
1753 1799 1875 1835
1799 1851 1926 1875
1926 1971 1959 1875
1860 1876 2015 1975
1634 1619 1698 1710
2267 2253 2316 2329
2253 2231 2286 2316
2231 2189 2251 2286
2554 2572 2562 2531
2554 2531 2493 2509
1876 1768 1793 1883
1716 1665 1647 1719
1647 1634 1710 1719
2040 1975 2064 2107
2189 2150 2207 2251
2096 2040 2107 2162
2150 2096 2162 2207
2509 2493 2441 2454
2500 2509 2454 2469
2217 2265 2187 2127
2168 2217 2127 2074
2116 2168 2074 2024
2055 2116 2024 1937
2003 2055 1937 1887
1942 2003 1887 1839
1875 1959 1942 1835
1835 1942 1839 1780
1741 1780 1839 1761
2265 2307 2246 2187
2307 2342 2287 2246
2342 2369 2323 2287
2369 2399 2356 2323
2399 2416 2370 2356
2416 2469 2454 2388
2454 2441 2391 2388
2391 2329 2316 2388
1698 1680 1761 1786
1710 1698 1786 1805
1761 1839 1887 1786
1786 1887 1937 1805
2316 2286 2341 2388
2416 2388 2341 2370
2341 2286 2251 2308
2356 2370 2341 2308
1883 1793 1800 1892
1793 1716 1719 1800
1719 1710 1805 1800
1800 1805 1937 1892
1876 1883 1991 2015
2187 2246 2174 2111
2174 2107 2064 2111
2251 2207 2272 2308
2323 2356 2308 2272
1937 2024 1966 1892
2287 2323 2272 2228
2272 2207 2162 2228
1883 1892 1966 1991
2162 2107 2174 2228
2174 2246 2287 2228
2024 2074 1991 1966
1991 2074 2127 2015
2127 2187 2111 2015
2015 2111 2064 1975
1150 1140 1107 1116
518 509 477 483
528 518 483 492
540 528 492 507
553 540 507 523
564 553 523 544
581 564 544 556
597 581 556 576
608 597 576 594
628 608 594 609
647 628 609 635
669 647 635 653
690 669 653 676
707 690 676 696
731 707 696 716
746 731 716 739
776 746 739 761
792 776 761 787
824 792 787 817
840 824 817 836
873 840 836 866
892 873 866 890
924 892 890 920
945 924 920 941
973 945 941 970
1158 1150 1116 1124
1000 973 970 998
1026 1000 998 1024
1107 1075 1084 1116
1049 1026 1024 1052
1075 1049 1052 1084
1165 1158 1124 1126
477 443 447 483
1178 1165 1126 1138
443 417 420 447
1191 1178 1138 1153
417 392 394 420
1206 1191 1153 1164
392 368 369 394
1221 1206 1164 1183
368 349 347 369
1233 1221 1183 1196
349 324 319 347
1257 1233 1196 1212
1273 1257 1212 1227
324 298 292 319
1294 1273 1227 1249
298 270 266 292
1321 1294 1249 1266
270 245 240 266
1342 1321 1266 1287
245 219 215 240
1368 1342 1287 1315
219 193 192 215
1402 1368 1315 1340
193 170 169 192
1433 1402 1340 1371
170 146 145 169
1471 1433 1371 1411
2198 2143 2100 2114
1504 1471 1411 1443
2143 2083 2044 2100
2044 2017 2114 2100
1542 1504 1443 1483
2083 2022 1965 2044
2017 2044 1965 1919
1576 1542 1483 1522
2022 1960 1879 1965
1919 1965 1879 1830
1614 1576 1522 1563
1960 1896 1782 1879
1830 1879 1782 1746
1656 1614 1563 1602
1896 1843 1717 1782
1746 1782 1679 1668
1699 1656 1602 1639
1843 1795 1733 1717
1742 1699 1639 1681
1795 1742 1681 1733
146 124 125 145
124 104 106 125
104 88 92 106
8 2 6 11
88 72 76 92
13 8 11 16
72 61 64 76
22 13 16 20
61 52 49 64
30 22 20 28
52 43 40 49
37 30 28 34
43 37 34 40
1598 1668 1679 1611
9 14 17 11
1527 1598 1611 1521
14 23 21 17
1455 1527 1521 1445
23 31 29 21
1377 1455 1445 1373
31 38 35 29
1305 1377 1373 1303
38 45 42 35
1236 1305 1303 1239
45 53 51 42
1167 1236 1239 1176
53 62 65 51
1105 1167 1176 1108
62 74 79 65
1053 1105 1108 1055
74 90 94 79
1002 1053 1055 1005
90 107 110 94
951 1002 1005 953
107 127 132 110
902 951 953 900
127 152 154 132
857 902 900 854
152 175 180 154
804 857 854 801
175 204 206 180
757 804 801 752
204 232 235 206
710 757 752 706
232 264 268 235
660 710 706 658
264 303 305 268
615 660 658 612
303 337 341 305
567 615 612 566
337 371 376 341
516 567 566 519
371 406 410 376
454 516 519 456
406 454 456 410
1116 1084 1094 1124
1084 1052 1080 1094
492 483 447 457
507 492 457 472
523 507 472 489
1126 1124 1094 1080
1138 1126 1080 1096
544 523 489 510
556 544 510 534
576 556 534 554
594 576 554 577
609 594 577 600
635 609 600 623
653 635 623 646
676 653 646 663
696 676 663 682
716 696 682 699
739 716 699 724
761 739 724 745
787 761 745 777
817 787 777 807
836 817 807 833
866 836 833 864
890 866 864 887
920 890 887 916
941 920 916 940
970 941 940 971
998 970 971 997
1024 998 997 1019
1153 1138 1096 1114
1164 1153 1114 1130
1183 1164 1130 1148
1196 1183 1148 1156
447 420 425 457
420 394 397 425
394 369 374 397
369 347 350 374
1212 1196 1156 1169
1227 1212 1169 1189
1249 1227 1189 1204
347 319 320 350
319 292 293 320
292 266 267 293
266 240 243 267
1266 1249 1204 1217
16 11 17 18
20 16 18 25
21 25 18 17
1052 1024 1019 1032
28 20 25 27
25 21 29 27
34 28 27 33
27 29 35 33
1287 1266 1217 1232
1315 1287 1232 1259
240 215 218 243
1340 1315 1259 1282
1371 1340 1282 1309
1411 1371 1309 1341
1443 1411 1341 1379
1483 1443 1379 1417
35 42 41 33
34 33 41 40
49 40 41 57
41 42 51 57
64 49 57 68
76 64 68 82
92 76 82 96
106 92 96 112
125 106 112 131
145 125 131 150
169 145 150 172
215 192 196 218
192 169 172 196
1522 1483 1417 1464
1563 1522 1464 1499
1602 1563 1499 1547
1639 1602 1547 1584
1717 1733 1681 1636
1681 1639 1584 1636
1611 1717 1636 1571
1521 1611 1571 1496
1445 1521 1496 1432
1373 1445 1432 1365
1303 1373 1365 1307
1239 1303 1307 1248
1176 1239 1248 1184
1108 1176 1184 1117
1055 1108 1117 1062
1005 1055 1062 1006
953 1005 1006 954
900 953 954 899
854 900 899 849
801 854 849 797
752 801 797 749
706 752 749 703
658 706 703 657
612 658 657 614
566 612 614 571
519 566 571 522
456 519 522 459
410 456 459 414
376 410 414 381
341 376 381 346
305 341 346 311
268 305 311 278
235 268 278 241
206 235 241 211
180 206 211 185
154 180 185 159
132 154 159 135
110 132 135 117
94 110 117 98
79 94 98 83
51 65 69 57
65 79 83 69
1019 997 1004 1032
1052 1032 1045 1080
1096 1080 1045 1063
1114 1096 1063 1077
1130 1114 1077 1099
1148 1130 1099 1118
1156 1148 1118 1101
1169 1156 1101 1129
1189 1169 1129 1149
1204 1189 1149 1163
1217 1204 1163 1174
1232 1217 1174 1187
1259 1232 1187 1198
1282 1259 1198 1220
1309 1282 1220 1244
1636 1584 1529 1571
1584 1547 1484 1529
1547 1499 1439 1484
1499 1464 1393 1439
1464 1417 1346 1393
1417 1379 1312 1346
1341 1309 1244 1275
1379 1341 1275 1312
1496 1571 1529 1469
1432 1496 1469 1421
1365 1432 1421 1363
1307 1365 1363 1313
1248 1307 1313 1263
1184 1248 1263 1199
1117 1184 1199 1127
1062 1117 1127 1067
1006 1062 1067 1016
954 1006 1016 960
899 954 960 901
849 899 901 847
797 849 847 796
749 797 796 747
57 69 78 68
82 68 78 85
96 82 85 101
112 96 101 118
131 112 118 137
150 131 137 158
172 150 158 177
196 172 177 199
218 196 199 224
243 218 224 249
267 243 249 269
293 267 269 296
320 293 296 327
350 320 327 353
374 350 353 382
397 374 382 405
425 397 405 437
457 425 437 472
489 472 437 452
510 489 452 475
534 510 475 498
554 534 498 532
577 554 532 558
600 577 558 591
623 600 591 613
646 623 613 638
663 646 638 654
682 663 654 668
699 682 668 683
724 699 683 702
745 724 702 737
777 745 737 768
807 777 768 791
833 807 791 827
864 833 827 861
887 864 861 885
916 887 885 917
940 916 917 944
971 940 944 978
997 971 978 1004
69 83 87 78
83 98 102 87
98 117 120 102
117 135 142 120
135 159 165 142
159 185 190 165
185 211 217 190
211 241 250 217
241 278 282 250
278 311 315 282
311 346 352 315
346 381 383 352
381 414 421 383
414 459 471 421
459 522 530 471
522 571 575 530
571 614 617 575
614 657 659 617
703 749 747 705
657 703 705 659
452 437 405 419
475 452 419 434
498 475 434 461
532 498 461 500
405 382 387 419
382 353 354 387
1045 1032 1004 1018
1004 978 988 1018
978 944 949 988
944 917 919 949
917 885 884 919
885 861 853 884
861 827 823 853
827 791 786 823
791 768 748 786
768 737 719 748
737 702 685 719
702 683 655 685
654 638 644 668
638 613 610 644
683 668 644 655
613 591 579 610
558 532 500 546
591 558 546 579
1063 1045 1018 1034
1077 1063 1034 1044
1099 1077 1044 1071
1118 1099 1071 1101
1469 1529 1484 1420
1484 1439 1366 1420
1421 1469 1420 1363
1439 1393 1319 1366
1393 1346 1279 1319
85 78 87 99
101 85 99 114
87 102 115 99
102 120 130 115
1346 1312 1238 1279
118 101 114 126
137 118 126 143
158 137 143 164
177 158 164 187
199 177 187 210
224 199 210 231
249 224 231 252
269 249 252 275
296 269 275 299
327 296 299 331
353 327 331 354
120 142 149 130
1312 1275 1201 1238
142 165 173 149
1275 1244 1170 1201
1244 1220 1154 1170
1220 1198 1139 1154
1198 1187 1134 1139
1187 1174 1132 1134
1174 1163 1136 1132
1163 1149 1115 1136
1149 1129 1086 1115
1129 1101 1057 1086
165 190 198 173
190 217 227 198
217 250 258 227
250 282 288 258
282 315 328 288
315 352 357 328
352 383 389 357
383 421 426 389
421 471 481 426
471 530 536 481
530 575 582 536
575 617 620 582
617 659 667 620
659 705 709 667
705 747 750 709
747 796 798 750
796 847 848 798
847 901 905 848
901 960 964 905
960 1016 1025 964
1016 1067 1078 1025
1067 1127 1143 1078
1127 1199 1228 1143
1263 1313 1363 1304
1363 1420 1366 1304
1199 1263 1304 1228
1304 1366 1319 1228
1057 1101 1071 1031
434 419 387 396
461 434 396 427
500 461 427 467
546 500 467 520
1034 1018 988 995
1044 1034 995 1012
579 546 520 569
610 579 569 622
644 610 622 655
114 99 115 122
126 114 122 140
988 949 956 995
1071 1044 1012 1031
949 919 923 956
919 884 883 923
884 853 844 883
853 823 818 844
823 786 778 818
786 748 741 778
143 126 140 157
164 143 157 178
187 164 178 202
210 187 202 226
231 210 226 242
252 231 242 256
275 252 256 273
299 275 273 295
387 354 359 396
331 299 295 330
354 331 330 359
748 719 700 741
685 655 622 650
719 685 650 700
115 130 141 122
130 149 161 141
1319 1279 1203 1228
149 173 183 161
173 198 207 183
198 227 234 207
227 258 263 234
258 288 300 263
288 328 334 300
328 357 363 334
357 389 398 363
389 426 439 398
426 481 490 439
481 536 547 490
536 582 587 547
582 620 626 587
620 667 670 626
667 709 713 670
709 750 755 713
750 798 800 755
798 848 851 800
848 905 907 851
905 964 967 907
964 1025 1043 967
1025 1078 1102 1043
1078 1143 1147 1102
1143 1228 1203 1147
1279 1238 1162 1203
1238 1201 1121 1162
1203 1162 1102 1147
1102 1162 1121 1043
1201 1170 1095 1121
1170 1154 1087 1095
1154 1139 1082 1087
1139 1134 1083 1082
1134 1132 1088 1083
1132 1136 1115 1088
1115 1086 1041 1088
1086 1057 1015 1041
1015 1057 1031 980
140 122 141 147
157 140 147 168
161 168 147 141
178 157 168 194
202 178 194 222
226 202 222 247
242 226 247 260
256 242 260 273
1012 995 956 968
1031 1012 968 980
956 923 925 968
923 883 882 925
883 844 841 882
844 818 811 841
818 778 772 811
778 741 735 772
161 183 195 168
1083 1088 1041 1038
183 207 216 195
207 234 244 216
234 263 279 244
263 300 309 279
1082 1083 1038 1035
741 700 695 735
700 650 662 695
1087 1082 1035 1033
1095 1087 1033 1023
1121 1095 1023 1043
300 334 345 309
650 622 569 598
569 520 485 535
520 467 433 485
467 427 400 433
427 396 385 400
396 359 358 385
359 330 322 358
330 295 287 322
295 273 260 287
334 363 377 345
363 398 409 377
398 439 449 409
439 490 502 449
490 547 551 502
547 587 593 551
587 626 633 593
626 670 675 633
670 713 715 675
713 755 760 715
755 800 803 760
800 851 850 803
851 907 898 850
907 967 957 898
967 1043 1023 957
400 385 358 360
433 400 360 402
287 260 247 277
358 322 314 360
168 195 214 194
195 216 229 214
222 194 214 251
247 222 251 277
322 287 277 314
216 244 254 229
254 251 214 229
244 279 285 254
279 309 326 285
309 345 356 326
345 377 390 356
377 409 423 390
409 449 464 423
449 502 514 464
502 551 560 514
551 593 601 560
593 633 639 601
633 675 684 639
675 715 722 684
715 760 762 722
760 803 808 762
485 433 402 458
535 485 458 538
569 535 538 598
803 850 852 808
850 898 896 852
898 957 942 896
957 1023 982 942
1023 1033 984 982
1033 1035 986 984
1035 1038 992 986
1038 1041 989 992
1041 1015 975 989
1015 980 962 975
968 925 922 980
925 882 877 922
882 841 839 877
841 811 809 839
811 772 767 809
772 735 725 767
735 695 686 725
989 975 931 939
992 989 939 950
980 922 928 962
538 458 488 542
686 695 662 643
982 984 936 942
986 992 950 929
984 986 929 936
896 942 936 893
254 285 297 251
285 326 340 297
277 251 297 314
326 356 379 340
356 390 411 379
314 297 340 360
390 423 448 411
360 340 379 402
402 379 411 458
458 411 448 488
598 538 542 588
852 896 893 859
808 852 859 812
762 808 812 770
722 762 770 734
684 722 734 694
639 684 694 649
601 639 649 606
560 601 606 572
514 560 572 533
423 464 486 448
464 514 533 486
877 839 842 874
839 809 813 842
922 877 874 889
809 767 766 813
767 725 721 766
725 686 674 721
922 889 906 928
975 962 928 931
889 868 895 906
874 842 868 889
842 813 830 868
813 766 771 830
766 721 717 771
893 936 929 894
859 893 894 865
812 859 865 820
770 812 820 774
771 774 820 830
734 770 774 740
740 774 771 717
734 740 717 694
721 674 666 717
674 686 643 630
643 598 588 630
891 939 931 895
895 868 830 891
830 820 865 891
894 929 891 865
448 486 506 488
542 488 506 545
486 533 545 506
533 572 583 545
542 545 583 588
572 606 619 583
606 649 666 619
694 717 666 649
666 674 630 619
630 588 583 619
895 931 928 906
1717 1611 1679 1782
891 929 950 939
598 643 662 650
3 9 11 6
3 6 2 1
1141 1151 1119 1110
509 503 473 477
503 497 469 473
497 496 468 469
496 501 462 468
501 508 474 462
508 513 484 474
513 529 495 484
529 543 512 495
543 555 531 512
555 565 550 531
565 586 563 550
586 602 585 563
602 621 604 585
621 642 629 604
642 664 651 629
664 689 680 651
689 708 701 680
708 736 733 701
736 756 753 733
756 781 780 753
781 806 802 780
806 832 828 802
832 860 856 828
860 881 880 856
881 909 914 880
909 930 934 914
930 959 966 934
959 987 996 966
987 1007 1027 996
1007 1036 1047 1027
1036 1059 1072 1047
1059 1081 1091 1072
1081 1110 1119 1091
1151 1159 1128 1119
1159 1166 1131 1128
443 477 473 441
1166 1179 1137 1131
417 443 441 413
1179 1192 1146 1137
392 417 413 388
1192 1207 1157 1146
368 392 388 365
1207 1222 1173 1157
349 368 365 344
1222 1234 1190 1173
324 349 344 317
1234 1258 1208 1190
1258 1274 1226 1208
298 324 317 294
1274 1295 1250 1226
270 298 294 272
1295 1322 1270 1250
245 270 272 248
1322 1343 1290 1270
219 245 248 221
1343 1369 1323 1290
193 219 221 197
1369 1403 1349 1323
170 193 197 171
1403 1434 1380 1349
146 170 171 148
1434 1472 1415 1380
2144 2197 2115 2099
1472 1505 1450 1415
2084 2144 2099 2045
2018 2045 2099 2115
1505 1543 1488 1450
2023 2084 2045 1968
2045 2018 1920 1968
1543 1577 1524 1488
1961 2023 1968 1888
1968 1920 1831 1888
1577 1615 1561 1524
1897 1961 1888 1810
1888 1831 1747 1810
1615 1657 1596 1561
1844 1897 1810 1723
1657 1700 1631 1596
1796 1844 1723 1695
1810 1747 1669 1723
1700 1743 1662 1631
1743 1796 1695 1662
124 146 148 123
104 124 123 103
1 2 5 4
88 104 103 86
2 8 7 5
72 88 86 71
8 13 12 7
61 72 71 59
13 22 19 12
52 61 59 50
22 30 26 19
43 52 50 44
30 37 36 26
37 43 44 36
1669 1599 1610 1723
10 4 5 7
10 7 12 15
15 12 19 24
24 19 26 32
32 26 36 39
1599 1528 1534 1610
46 39 36 47
1528 1456 1461 1534
54 46 47 55
1456 1378 1384 1461
63 54 55 66
1378 1306 1311 1384
75 63 66 77
1306 1237 1242 1311
91 75 77 93
1237 1168 1177 1242
108 91 93 109
1168 1106 1112 1177
128 108 109 133
1106 1054 1060 1112
153 128 133 155
1054 1003 1010 1060
176 153 155 181
1003 952 961 1010
205 176 181 208
952 903 915 961
233 205 208 237
903 858 863 915
265 233 237 274
858 805 815 863
304 265 274 307
805 758 764 815
338 304 307 343
758 711 718 764
372 338 343 380
711 661 672 718
407 372 380 416
661 616 624 672
455 407 416 463
616 568 578 624
517 455 463 527
568 517 527 578
1119 1128 1098 1091
1128 1131 1097 1098
1072 1091 1098 1076
1131 1137 1093 1097
473 469 442 441
469 468 445 442
468 462 429 445
462 474 435 429
1047 1072 1076 1070
1027 1047 1070 1048
996 1027 1048 1009
966 996 1009 976
413 441 442 418
388 413 418 391
474 484 450 435
484 495 470 450
495 512 487 470
512 531 499 487
531 550 515 499
550 563 539 515
563 585 561 539
585 604 590 561
604 629 611 590
629 651 641 611
651 680 671 641
680 701 697 671
701 733 728 697
733 753 751 728
753 780 779 751
802 828 825 795
780 802 795 779
365 388 391 361
344 365 361 342
934 966 976 938
914 934 938 913
880 914 913 879
856 880 879 845
317 344 342 316
294 317 316 301
272 294 301 280
248 272 280 255
221 248 255 228
1137 1146 1100 1093
1076 1098 1097 1070
1146 1157 1109 1100
1157 1173 1125 1109
1173 1190 1142 1125
1190 1208 1160 1142
1208 1226 1180 1160
1226 1250 1200 1180
1250 1270 1223 1200
1270 1290 1245 1223
1290 1323 1268 1245
1323 1349 1293 1268
1349 1380 1330 1293
1380 1415 1359 1330
1415 1450 1397 1359
1450 1488 1428 1397
197 221 228 200
171 197 200 174
148 171 174 151
123 148 151 129
103 123 129 105
86 103 105 89
1488 1524 1468 1428
1524 1561 1502 1468
1561 1596 1536 1502
1596 1631 1566 1536
1631 1662 1583 1566
71 86 89 73
59 71 73 60
50 59 60 56
1662 1695 1605 1583
1695 1723 1610 1605
1610 1534 1531 1605
1534 1461 1460 1531
1461 1384 1386 1460
1384 1311 1317 1386
1311 1242 1253 1317
1242 1177 1188 1253
1177 1112 1123 1188
1112 1060 1066 1123
1060 1010 1021 1066
1010 961 969 1021
961 915 921 969
915 863 870 921
863 815 822 870
815 764 773 822
764 718 727 773
718 672 681 727
672 624 632 681
624 578 589 632
578 527 541 589
527 463 482 541
463 416 424 482
416 380 386 424
380 343 351 386
343 307 313 351
307 274 281 313
274 237 246 281
237 208 213 246
208 181 186 213
181 155 162 186
155 133 138 162
133 109 116 138
109 93 97 116
93 77 81 97
77 66 67 81
66 55 58 67
55 47 48 58
47 36 44 48
44 50 56 48
48 56 60 58
418 442 445 429
856 845 825 828
845 879 876 838
391 418 429 395
361 391 395 364
342 361 364 339
429 435 401 395
435 450 422 401
450 470 446 422
470 487 465 446
487 499 466 465
499 515 478 466
515 539 493 478
539 561 526 493
316 342 339 321
301 316 321 310
280 301 310 289
255 280 289 262
228 255 262 236
200 228 236 209
561 590 559 526
590 611 596 559
611 641 627 596
641 671 656 627
671 697 693 656
697 728 726 693
793 795 825 819
838 819 825 845
728 751 759 726
783 779 795 793
174 200 209 182
1093 1100 1058 1048
1009 1048 1058 1022
976 1009 1022 981
938 976 981 943
1100 1109 1068 1058
1109 1125 1079 1068
1125 1142 1092 1079
1142 1160 1111 1092
1160 1180 1133 1111
1180 1200 1152 1133
1200 1223 1172 1152
1223 1245 1194 1172
1245 1268 1214 1194
1268 1293 1241 1214
1293 1330 1271 1241
1330 1359 1302 1271
1605 1531 1520 1583
1531 1460 1451 1520
1460 1386 1389 1451
1386 1317 1327 1389
151 174 182 156
1317 1253 1262 1327
1253 1188 1197 1262
1188 1123 1135 1197
1123 1066 1074 1135
1066 1021 1028 1074
1021 969 979 1028
969 921 927 979
921 870 878 927
870 822 831 878
822 773 782 831
773 727 738 782
727 681 691 738
681 632 645 691
632 589 599 645
589 541 552 599
541 482 494 552
482 424 438 494
424 386 393 438
1566 1583 1520 1500
1359 1397 1339 1302
1536 1566 1500 1480
1502 1536 1480 1447
1468 1502 1447 1409
1428 1468 1409 1364
1397 1428 1364 1339
67 58 60 70
129 151 156 134
386 351 355 393
351 313 318 355
313 281 284 318
281 246 253 284
246 213 220 253
213 186 191 220
186 162 166 191
162 138 144 166
138 116 121 144
81 67 70 84
97 81 84 100
116 97 100 121
105 129 134 113
89 105 113 95
73 89 95 80
60 73 80 70
70 80 95 84
446 465 466 432
751 779 783 759
422 446 432 399
793 819 790 783
401 422 399 367
395 401 367 364
819 838 829 790
466 478 430 432
478 493 436 430
493 526 476 436
526 559 525 476
559 596 573 525
876 879 913 910
1058 1068 1030 1022
938 943 910 913
981 1022 1030 990
943 981 990 947
1068 1079 1039 1030
1079 1092 1051 1039
596 627 607 573
627 656 648 607
656 693 688 648
693 726 723 688
726 759 769 723
1092 1111 1069 1051
1111 1133 1085 1069
1133 1152 1103 1085
1152 1172 1122 1103
1500 1520 1451 1441
1480 1500 1441 1424
1447 1480 1424 1396
1409 1447 1396 1348
1364 1409 1348 1289
1339 1364 1289 1296
1451 1389 1390 1441
1389 1327 1335 1390
1302 1339 1296 1261
1271 1302 1261 1211
1172 1194 1144 1122
1194 1214 1161 1144
1241 1271 1211 1185
1214 1241 1185 1161
1327 1262 1280 1335
1262 1197 1216 1280
1197 1135 1155 1216
1135 1074 1090 1155
838 876 867 829
1074 1028 1040 1090
1028 979 991 1040
979 927 935 991
927 878 888 935
878 831 837 888
831 782 789 837
782 738 743 789
738 691 698 743
691 645 652 698
645 599 605 652
339 364 367 333
321 339 333 310
599 552 562 605
552 494 511 562
100 84 95 111
121 100 111 139
144 121 139 160
166 144 160 179
191 166 179 201
220 191 201 230
494 438 451 511
438 393 403 451
393 355 362 403
355 318 332 362
318 284 291 332
253 220 230 259
284 253 259 291
95 113 119 111
113 134 136 119
111 119 136 139
134 156 163 136
156 182 189 163
182 209 223 189
209 236 257 223
236 262 286 257
262 289 312 286
289 310 333 312
759 783 790 769
876 910 908 867
990 1030 1039 999
947 990 999 955
1039 1051 1014 999
790 829 810 769
829 867 855 810
1424 1441 1390 1391
1396 1424 1391 1354
1390 1335 1354 1391
312 333 367 348
1335 1280 1300 1354
1396 1354 1300 1348
1289 1348 1300 1247
1300 1280 1216 1247
1216 1155 1181 1247
1261 1296 1289 1215
1289 1247 1181 1215
286 312 348 323
257 286 323 283
1155 1090 1113 1181
223 257 283 238
189 223 238 203
163 189 203 167
1090 1040 1050 1113
136 163 167 139
1051 1069 1029 1014
1069 1085 1042 1029
1085 1103 1061 1042
1103 1122 1073 1061
1122 1144 1089 1073
1144 1161 1104 1089
1161 1185 1120 1104
1185 1211 1145 1120
1211 1261 1215 1145
1215 1181 1113 1145
1040 991 1001 1050
991 935 948 1001
935 888 897 948
888 837 846 897
837 789 799 846
789 743 754 799
743 698 712 754
698 652 665 712
652 605 618 665
605 562 574 618
562 511 524 574
511 451 460 524
451 403 415 460
403 362 378 415
362 332 336 378
332 291 302 336
291 259 276 302
259 230 239 276
230 201 212 239
201 179 188 212
648 688 679 637
688 723 714 679
607 648 637 595
573 607 595 548
525 573 548 480
476 525 480 412
436 476 412 375
430 436 375 384
432 430 384 399
367 399 384 348
348 384 375 323
188 179 160 184
160 139 167 184
212 188 184 225
184 167 203 225
637 679 677 631
679 714 704 677
999 1014 974 955
908 947 955 911
867 908 911 855
1113 1050 1065 1145
1050 1001 1008 1065
1014 1029 985 974
1029 1042 994 985
1042 1061 1020 994
1061 1073 1037 1020
1073 1089 1046 1037
1089 1104 1056 1046
1120 1145 1065 1064
1104 1120 1064 1056
239 212 225 261
276 239 261 290
203 238 271 225
238 283 325 271
283 323 375 325
302 276 290 308
1001 948 958 1008
948 897 912 958
897 846 862 912
846 799 814 862
799 754 765 814
754 712 720 765
712 665 673 720
665 618 625 673
618 574 584 625
574 524 537 584
524 460 479 537
460 415 431 479
415 378 404 431
336 302 308 335
378 336 335 373
412 480 440 366
480 548 521 440
375 412 366 325
810 855 834 788
769 810 788 744
704 714 744 729
677 704 729 692
729 744 788 763
692 729 763 732
631 677 692 636
637 631 580 595
261 225 271 306
271 325 366 306
290 261 306 329
335 308 290 329
373 335 329 370
378 373 408 404
834 855 911 886
911 955 974 937
974 985 933 937
985 994 932 933
994 1020 977 932
1020 1037 993 977
1037 1046 1011 993
1046 1056 1017 1011
816 834 886 871
1064 1065 1008 1013
1056 1064 1013 1017
1008 958 965 1013
958 912 918 965
548 595 580 521
912 862 869 918
862 814 821 869
814 765 775 821
765 720 730 775
720 673 678 730
673 625 634 678
625 584 592 634
584 537 549 592
537 479 491 549
479 431 444 491
431 404 408 444
440 521 505 428
366 440 428 370
366 370 329 306
373 370 428 408
1017 1013 965 972
1011 1017 972 983
993 1011 983 963
788 834 816 763
871 886 933 932
933 886 911 937
732 763 816 784
977 993 963 946
580 631 636 570
521 580 570 505
408 428 453 444
491 444 453 504
549 491 504 557
570 557 504 505
965 918 926 972
505 504 453 428
918 869 875 926
869 821 826 875
821 775 785 826
775 730 742 785
730 678 687 742
742 687 732 784
592 549 557 603
557 570 636 603
692 732 687 636
678 634 640 687
634 592 603 640
636 687 640 603
977 946 904 932
946 963 926 904
926 963 983 972
871 932 904 843
742 784 794 785
784 843 835 794
785 794 835 826
926 875 872 904
875 826 835 872
904 872 835 843
843 784 816 871
769 744 714 723
947 908 910 943
1070 1097 1093 1048
1151 1141 1171 1186
1893 1904 1958 1945
1880 1893 1945 1934
1171 1202 1219 1186
1862 1880 1934 1911
1202 1229 1255 1219
1845 1862 1911 1902
1229 1264 1285 1255
1828 1845 1902 1886
1264 1297 1326 1285
1808 1828 1886 1858
1297 1332 1352 1326
1790 1808 1858 1834
1332 1360 1387 1352
1764 1790 1834 1806
1360 1394 1416 1387
1739 1764 1806 1778
1394 1422 1448 1416
1715 1739 1778 1758
1422 1454 1481 1448
1694 1715 1758 1737
1454 1485 1512 1481
1667 1694 1737 1707
1485 1515 1539 1512
1640 1667 1707 1674
1515 1540 1570 1539
1617 1640 1674 1646
1540 1569 1594 1570
1590 1617 1646 1622
1569 1590 1622 1594
1159 1151 1186 1195
1166 1159 1195 1210
1958 2009 2000 1945
1179 1166 1210 1224
2009 2065 2050 2000
1192 1179 1224 1235
2065 2126 2108 2050
1207 1192 1235 1256
2126 2180 2172 2108
1222 1207 1256 1269
2180 2241 2239 2172
1234 1222 1269 1286
2241 2294 2296 2239
1258 1234 1286 1299
1274 1258 1299 1329
2294 2338 2347 2296
1295 1274 1329 1345
2338 2382 2395 2347
1322 1295 1345 1372
2382 2423 2430 2395
1343 1322 1372 1401
2423 2461 2472 2430
1369 1343 1401 1429
2461 2503 2507 2472
1403 1369 1429 1465
2503 2543 2546 2507
1434 1403 1465 1495
2543 2586 2589 2546
1472 1434 1495 1530
2197 2144 2165 2200
1505 1472 1530 1562
2144 2084 2141 2165
2141 2203 2200 2165
1543 1505 1562 1593
2084 2023 2117 2141
2203 2141 2117 2210
1577 1543 1593 1633
2023 1961 2089 2117
2210 2117 2089 2221
1615 1577 1633 1670
1961 1897 2056 2089
1657 1615 1670 1709
1897 1844 1941 2056
2221 2089 2056 2227
1700 1657 1709 1751
1844 1796 1856 1941
1743 1700 1751 1802
1796 1743 1802 1856
2586 2618 2623 2589
2618 2655 2657 2623
2832 2837 2841 2836
2655 2685 2688 2657
2685 2714 2718 2688
2825 2833 2832 2824
2714 2737 2741 2718
2819 2825 2824 2818
2737 2761 2764 2741
2809 2819 2818 2808
2761 2779 2780 2764
2799 2809 2808 2798
2779 2799 2798 2780
2237 2227 2056 2110
2836 2831 2829 2832
2249 2237 2110 2147
2831 2827 2823 2829
2259 2249 2147 2169
2827 2822 2815 2823
2271 2259 2169 2186
2822 2817 2811 2815
2282 2271 2186 2195
2817 2814 2803 2811
2300 2282 2195 2223
2814 2805 2793 2803
2314 2300 2223 2243
2805 2796 2783 2793
2331 2314 2243 2264
2796 2787 2772 2783
2349 2331 2264 2284
2787 2774 2759 2772
2365 2349 2284 2306
2774 2763 2747 2759
2378 2365 2306 2324
2763 2751 2733 2747
2398 2378 2324 2345
2751 2735 2720 2733
2414 2398 2345 2367
2735 2724 2704 2720
2433 2414 2367 2383
2724 2708 2684 2704
2449 2433 2383 2406
2708 2695 2670 2684
2466 2449 2406 2421
2695 2677 2648 2670
2489 2466 2421 2443
2677 2659 2634 2648
2502 2489 2443 2459
2659 2642 2613 2634
2528 2502 2459 2486
2642 2620 2593 2613
2541 2528 2486 2504
2620 2603 2568 2593
2566 2541 2504 2529
2603 2585 2553 2568
2585 2566 2529 2553
1934 1945 2000 1977
1911 1934 1977 1956
1902 1911 1956 1985
1886 1902 1985 1954
1195 1186 1219 1230
1210 1195 1230 1252
1224 1210 1252 1265
1235 1224 1265 1283
1219 1255 1272 1230
1255 1285 1308 1272
1285 1326 1344 1308
1326 1352 1381 1344
1352 1387 1412 1381
1387 1416 1442 1412
1416 1448 1477 1442
1448 1481 1507 1477
1481 1512 1537 1507
1256 1235 1283 1298
1269 1256 1298 1324
1286 1269 1324 1338
1512 1539 1568 1537
1858 1886 1954 1922
1834 1858 1922 1885
1806 1834 1885 1842
1778 1806 1842 1809
1758 1778 1809 1807
1737 1758 1807 1785
1707 1737 1785 1750
1674 1707 1750 1720
1646 1674 1720 1683
1622 1646 1683 1658
1539 1570 1597 1568
1570 1594 1625 1597
1594 1622 1658 1625
1299 1286 1338 1356
1329 1299 1356 1375
2000 2050 2025 1977
1956 1977 2025 1985
1345 1329 1375 1400
1372 1345 1400 1426
1401 1372 1426 1458
2824 2832 2829 2823
2818 2824 2823 2815
1429 1401 1458 1487
1465 1429 1487 1518
1495 1465 1518 1550
1530 1495 1550 1581
2808 2818 2815 2807
2798 2808 2807 2797
2780 2798 2797 2782
2764 2780 2782 2765
2741 2764 2765 2745
2718 2741 2745 2722
2688 2718 2722 2697
2657 2688 2697 2662
2623 2657 2662 2627
2589 2623 2627 2588
2546 2589 2588 2542
2507 2546 2542 2515
2472 2507 2515 2480
2430 2472 2480 2440
2395 2430 2440 2400
2347 2395 2400 2355
2296 2347 2355 2297
2239 2296 2297 2235
2172 2239 2235 2163
2108 2172 2163 2094
2050 2108 2094 2025
1562 1530 1581 1616
1593 1562 1616 1649
1633 1593 1649 1688
1670 1633 1688 1730
1709 1670 1730 1769
1751 1709 1769 1814
1802 1751 1814 1853
1856 1802 1853 1921
1941 1856 1921 2006
2056 1941 2006 2110
2147 2110 2006 2051
2169 2147 2051 2077
2186 2169 2077 2098
2195 2186 2098 2106
2223 2195 2106 2125
2243 2223 2125 2158
2264 2243 2158 2185
2284 2264 2185 2212
2306 2284 2212 2238
2324 2306 2238 2261
2345 2324 2261 2283
2367 2345 2283 2310
2383 2367 2310 2332
2406 2383 2332 2358
2421 2406 2358 2375
2443 2421 2375 2402
2459 2443 2402 2419
2486 2459 2419 2446
2504 2486 2446 2464
2529 2504 2464 2492
2553 2529 2492 2519
2568 2553 2519 2535
2593 2568 2535 2559
2613 2593 2559 2579
2634 2613 2579 2599
2648 2634 2599 2621
2670 2648 2621 2646
2684 2670 2646 2666
2704 2684 2666 2681
2720 2704 2681 2701
2733 2720 2701 2713
2747 2733 2713 2729
2759 2747 2729 2744
2772 2759 2744 2755
2783 2772 2755 2768
2793 2783 2768 2776
2803 2793 2776 2792
2811 2803 2792 2801
2815 2811 2801 2807
1230 1272 1288 1252
1265 1252 1288 1310
1283 1265 1310 1333
1272 1308 1334 1288
1308 1344 1367 1334
1344 1381 1410 1367
1381 1412 1440 1410
1412 1442 1474 1440
1442 1477 1498 1474
1477 1507 1535 1498
1507 1537 1565 1535
1537 1568 1592 1565
1568 1597 1624 1592
1597 1625 1660 1624
1625 1658 1691 1660
1658 1683 1726 1691
1683 1720 1765 1726
1720 1750 1804 1765
1750 1785 1841 1804
1785 1807 1873 1841
1807 1809 1842 1873
1842 1885 1943 1873
1885 1922 1995 1943
1922 1954 2035 1995
2025 2094 2061 1985
1954 1985 2061 2035
1298 1283 1333 1351
2094 2163 2139 2061
2163 2235 2229 2139
2235 2297 2302 2229
2006 1921 1970 2051
1921 1853 1907 1970
1853 1814 1868 1907
1814 1769 1838 1868
2797 2807 2801 2794
1769 1730 1798 1838
1730 1688 1754 1798
1688 1649 1713 1754
1649 1616 1673 1713
1616 1581 1638 1673
1581 1550 1606 1638
2077 2051 1970 2004
2297 2355 2362 2302
2355 2400 2412 2362
2400 2440 2453 2412
2440 2480 2491 2453
2480 2515 2518 2491
2515 2542 2538 2518
2542 2588 2583 2538
1324 1298 1351 1370
1338 1324 1370 1392
1356 1338 1392 1407
1375 1356 1407 1419
1400 1375 1419 1446
1426 1400 1446 1479
1458 1426 1479 1510
1487 1458 1510 1541
1550 1518 1574 1606
1518 1487 1541 1574
2588 2627 2628 2583
2098 2077 2004 2011
2106 2098 2011 2007
2125 2106 2007 2002
2158 2125 2002 2062
2185 2158 2062 2105
2212 2185 2105 2134
2238 2212 2134 2160
2261 2238 2160 2184
2283 2261 2184 2214
2310 2283 2214 2244
2332 2310 2244 2273
2358 2332 2273 2298
2375 2358 2298 2325
2402 2375 2325 2352
2419 2402 2352 2374
2446 2419 2374 2404
2464 2446 2404 2424
2492 2464 2424 2452
2519 2492 2452 2478
2535 2519 2478 2498
2782 2797 2794 2785
2765 2782 2785 2769
2801 2792 2785 2794
2785 2792 2776 2769
2745 2765 2769 2748
2722 2745 2748 2726
2697 2722 2726 2699
2627 2662 2665 2628
2662 2697 2699 2665
2559 2535 2498 2526
2579 2559 2526 2548
2599 2579 2548 2567
2621 2599 2567 2596
2646 2621 2596 2616
2666 2646 2616 2640
2681 2666 2640 2656
2701 2681 2656 2678
2713 2701 2678 2698
2729 2713 2698 2709
2744 2729 2709 2727
2755 2744 2727 2743
2768 2755 2743 2753
2776 2768 2753 2752
2769 2776 2752 2748
1970 1907 1949 2004
1288 1334 1353 1310
1334 1367 1399 1353
1333 1310 1353 1376
1351 1333 1376 1405
1367 1410 1437 1399
1410 1440 1473 1437
1440 1474 1497 1473
1474 1498 1533 1497
1498 1535 1560 1533
1535 1565 1587 1560
1565 1592 1621 1587
1592 1624 1659 1621
1624 1660 1690 1659
1660 1691 1731 1690
1691 1726 1771 1731
1370 1351 1405 1425
1392 1370 1425 1444
1407 1392 1444 1452
1419 1407 1452 1453
1446 1419 1453 1482
1479 1446 1482 1526
1510 1479 1526 1564
1541 1510 1564 1595
1726 1765 1817 1771
1765 1804 1852 1817
1804 1841 1903 1852
1907 1868 1939 1949
1939 2011 2004 1949
1868 1838 1912 1939
2061 2139 2119 2035
2139 2229 2222 2119
1838 1798 1884 1912
1798 1754 1832 1884
1754 1713 1788 1832
1713 1673 1744 1788
1673 1638 1706 1744
1638 1606 1664 1706
1574 1541 1595 1630
1606 1574 1630 1664
1995 2035 2119 2066
1943 1995 2066 2013
1841 1873 1953 1903
1873 1943 2013 1953
2007 2011 1939 1912
2229 2302 2312 2222
2302 2362 2371 2312
2362 2412 2434 2371
2412 2453 2468 2434
2453 2491 2521 2468
2491 2518 2538 2521
2726 2748 2752 2731
2743 2731 2752 2753
2699 2726 2731 2702
2731 2743 2727 2702
2727 2709 2682 2702
2665 2699 2702 2667
2709 2698 2672 2682
2698 2678 2652 2672
2678 2656 2637 2652
2656 2640 2611 2637
2640 2616 2587 2611
2616 2596 2563 2587
2596 2567 2534 2563
2567 2548 2516 2534
2548 2526 2490 2516
2526 2498 2458 2490
2498 2478 2439 2458
2478 2452 2409 2439
2452 2424 2379 2409
2424 2404 2353 2379
2404 2374 2320 2353
2628 2665 2667 2632
2538 2583 2561 2521
2583 2628 2632 2600
2374 2352 2295 2320
2352 2325 2262 2295
2325 2298 2230 2262
2298 2273 2191 2230
2273 2244 2164 2191
2244 2214 2131 2164
2214 2184 2104 2131
2184 2160 2075 2104
2160 2134 2057 2075
2134 2105 2034 2057
2105 2062 1992 2034
1992 2062 2002 1915
2007 1912 1884 2002
2002 1884 1832 1915
1376 1353 1399 1423
1399 1437 1470 1423
1405 1376 1423 1457
1425 1405 1457 1486
1437 1473 1506 1470
1473 1497 1532 1506
1497 1533 1558 1532
1533 1560 1585 1558
1560 1587 1620 1585
1587 1621 1653 1620
1621 1659 1687 1653
1659 1690 1728 1687
1690 1731 1772 1728
1731 1771 1819 1772
1771 1817 1863 1819
1817 1852 1917 1863
2066 2119 2222 2151
2013 2066 2151 2087
1953 2013 2087 2030
1852 1903 1974 1917
1903 1953 2030 1974
1832 1788 1854 1915
1788 1744 1823 1854
2521 2561 2545 2512
2583 2600 2595 2561
2600 2632 2624 2595
1444 1425 1486 1509
1452 1444 1509 1508
1453 1452 1508 1482
1526 1482 1508 1578
1564 1526 1578 1618
1595 1564 1618 1652
1630 1595 1652 1684
1664 1630 1684 1732
1744 1706 1779 1823
1706 1664 1732 1779
1992 1915 1854 1936
2632 2667 2653 2624
2667 2702 2682 2653
2682 2672 2644 2653
2672 2652 2630 2644
2652 2637 2604 2630
2637 2611 2573 2604
2611 2587 2558 2573
2587 2563 2525 2558
2563 2534 2496 2525
2534 2516 2477 2496
2034 1992 1936 1984
2057 2034 1984 1981
2075 2057 1981 1993
2104 2075 1993 2014
2131 2104 2014 2046
2164 2131 2046 2073
2191 2164 2073 2109
2230 2191 2109 2146
2516 2490 2451 2477
2490 2458 2417 2451
2458 2439 2396 2417
2439 2409 2360 2396
2409 2379 2321 2360
2262 2230 2146 2179
2295 2262 2179 2219
2320 2295 2219 2255
2379 2353 2291 2321
2353 2320 2255 2291
2468 2521 2512 2484
2434 2468 2484 2462
2371 2434 2435 2392
2312 2371 2392 2334
2222 2312 2334 2268
1423 1470 1503 1457
1470 1506 1553 1503
1506 1532 1554 1553
1532 1558 1580 1554
1558 1585 1613 1580
1585 1620 1650 1613
1620 1653 1685 1650
2435 2434 2462 2457
1653 1687 1727 1685
1687 1728 1770 1727
1728 1772 1818 1770
2545 2561 2595 2582
1772 1819 1864 1818
1819 1863 1930 1864
1936 1854 1823 1895
1984 1936 1895 1981
2484 2512 2495 2462
2653 2644 2615 2624
1578 1508 1509 1588
2644 2630 2606 2615
2222 2268 2204 2151
2512 2545 2533 2495
1863 1917 1994 1930
1917 1974 2047 1994
1993 1981 1895 1869
2014 1993 1869 1916
2046 2014 1916 1950
2073 2046 1950 1987
2630 2604 2571 2606
2604 2573 2539 2571
2573 2558 2522 2539
2558 2525 2483 2522
2525 2496 2455 2483
2496 2477 2437 2455
2477 2451 2410 2437
1974 2030 2101 2047
2087 2151 2204 2157
2030 2087 2157 2101
2595 2624 2615 2582
1486 1457 1503 1548
2615 2606 2571 2582
2545 2582 2571 2533
1509 1486 1548 1588
2451 2417 2376 2410
2417 2396 2346 2376
2109 2073 1987 2016
2146 2109 2016 2048
2179 2146 2048 2079
1823 1779 1869 1895
1779 1732 1797 1869
1732 1684 1748 1797
1684 1652 1714 1748
1652 1618 1682 1714
1618 1578 1644 1682
2219 2179 2079 2129
2255 2219 2129 2170
2291 2255 2170 2213
2321 2291 2213 2242
2396 2360 2303 2346
2360 2321 2242 2303
2392 2435 2447 2407
2334 2392 2407 2357
2268 2334 2357 2301
2533 2571 2539 2506
2435 2457 2481 2447
2457 2462 2495 2481
2495 2533 2506 2481
2204 2268 2301 2254
2539 2522 2479 2506
2481 2506 2479 2447
2407 2447 2479 2429
2479 2522 2483 2429
2357 2407 2429 2368
1548 1503 1553 1601
1554 1580 1607 1553
1580 1613 1645 1607
1613 1650 1692 1645
1650 1685 1734 1692
1685 1727 1773 1734
1727 1770 1815 1773
1770 1818 1855 1815
1818 1864 1924 1855
1864 1930 1999 1924
1930 1994 2059 1999
1994 2047 2120 2059
2047 2101 2171 2120
2101 2157 2216 2171
2157 2204 2254 2216
2301 2357 2368 2317
1644 1578 1588 1678
1588 1548 1601 1651
1869 1797 1840 1916
1797 1748 1792 1840
1748 1714 1784 1792
1714 1682 1767 1784
1682 1644 1678 1767
1950 1916 1840 1859
1987 1950 1859 1878
2483 2455 2411 2429
2455 2437 2394 2411
2016 1987 1878 1910
2048 2016 1910 1946
2079 2048 1946 1962
2129 2079 1962 2027
2170 2129 2027 2081
2213 2170 2081 2128
2242 2213 2128 2145
2437 2410 2363 2394
2410 2376 2328 2363
2376 2346 2289 2328
2346 2303 2247 2289
2303 2242 2190 2247
1840 1792 1784 1859
1859 1784 1767 1878
1553 1607 1643 1601
1607 1645 1696 1643
1645 1692 1740 1696
2301 2317 2278 2254
2317 2368 2361 2315
2368 2429 2411 2361
1692 1734 1787 1740
1734 1773 1829 1787
1773 1815 1857 1829
1815 1855 1906 1857
1855 1924 1986 1906
1924 1999 2072 1986
2216 2254 2278 2269
1999 2059 2138 2072
2171 2216 2269 2256
2120 2171 2256 2192
2059 2120 2192 2138
2190 2242 2145 2122
1588 1651 1729 1678
1651 1601 1643 1705
1910 1878 1767 1816
1767 1678 1729 1816
1946 1910 1816 1848
1962 1946 1848 1872
2411 2394 2344 2361
2394 2363 2311 2344
2363 2328 2266 2311
2328 2289 2224 2266
2289 2247 2176 2224
2247 2190 2156 2176
2128 2081 1997 2049
2145 2128 2049 2082
2081 2027 1940 1997
2027 1962 1874 1940
1874 1962 1872 1821
2082 2049 1996 2053
2315 2269 2278 2317
2315 2361 2344 2309
1816 1729 1776 1848
1872 1848 1776 1821
1643 1696 1749 1705
1696 1740 1803 1749
1729 1651 1705 1776
1776 1705 1749 1821
1740 1787 1850 1803
1787 1829 1909 1850
1829 1857 1905 1909
1857 1906 1955 1905
2053 1996 1955 2019
1955 1906 1986 2019
1986 2072 2095 2019
2019 2095 2122 2053
2053 2122 2145 2082
2190 2122 2095 2156
2156 2095 2072 2176
2176 2072 2138 2224
2224 2138 2192 2266
2266 2192 2256 2311
2269 2315 2309 2256
2311 2256 2309 2344
1821 1749 1803 1874
1874 1803 1850 1940
1905 1955 1996 1909
1940 1850 1909 1997
1909 1996 2049 1997
2839 2842 2841 2837
2839 2837 2832 2833

