1122 1099 1128
799 782 778
639 642 609
958 938 944
685 677 656
1038 1019 1036
874 857 859
738 723 715
651 646 620
1081 1059 1083
918 896 901
767 754 745
664 660 630
1000 977 992
835 818 815
711 700 683
640 638 614
1099 1081 1102
782 767 761
642 647 617
938 918 924
677 664 634
1019 1000 1014
857 835 837
723 711 695
646 640 611
1059 1038 1058
896 874 880
754 738 728
660 651 621
977 958 971
818 799 797
700 685 665
638 639 604
1137 1128 1102
617 588 609
1152 1137 1111
588 560 581
560 537 549
778 782 761
778 761 757
1083 1059 1058
1083 1058 1080
1102 1081 1083
1102 1083 1111
1058 1038 1036
1058 1036 1080
1036 1019 1014
1036 1014 1031
992 977 971
992 971 980
1014 1000 992
1014 992 1031
971 958 944
971 944 980
944 938 924
944 924 933
745 754 728
745 728 718
924 918 901
924 893 933
728 738 715
728 680 718
715 723 695
715 695 680
683 700 665
683 665 641
695 711 683
695 683 641
665 685 656
665 601 641
609 642 617
901 896 880
901 880 893
761 767 745
761 745 718
880 874 859
880 836 893
859 857 837
859 837 836
815 818 797
815 797 792
837 835 815
837 815 792
797 799 778
797 778 757
656 677 634
656 634 601
630 660 621
630 621 590
634 664 630
634 630 590
621 651 620
621 576 590
620 646 611
620 611 576
614 638 604
614 604 571
611 640 614
611 614 571
604 639 609
604 609 581
1099 1102 1128
1160 1152 1120
537 506 523
1178 1160 1133
506 479 496
581 560 549
581 549 571
588 581 609
1190 1178 1145
479 451 469
1111 1137 1102
1152 1111 1120
1120 1111 1080
549 537 523
549 523 527
1210 1190 1157
451 425 438
1160 1120 1133
1133 1120 1098
523 506 496
523 496 527
1227 1210 1176
425 396 409
1178 1133 1145
1145 1133 1098
496 479 469
496 469 481
396 368 381
1244 1227 1193
1190 1145 1157
1157 1145 1125
368 342 351
469 451 438
469 438 481
1266 1244 1213
1210 1157 1176
1176 1157 1125
438 425 409
438 409 418
342 312 328
571 604 581
601 634 590
656 601 665
576 611 571
620 576 621
680 695 641
715 680 728
1287 1266 1236
757 761 718
792 797 757
1083 1080 1111
1036 1031 1080
992 980 1031
859 836 880
944 933 980
901 893 924
836 837 792
409 396 381
409 381 418
1307 1287 1250
312 285 300
1227 1176 1193
1193 1176 1135
285 256 275
381 368 351
381 351 372
1244 1193 1213
1213 1193 1154
1334 1307 1279
256 230 250
351 342 328
351 328 343
1266 1213 1236
1236 1213 1185
1356 1334 1313
549 527 571
571 527 576
1098 1120 1080
1098 1080 1039
230 206 222
496 481 527
1125 1145 1098
328 312 300
328 300 315
438 418 481
1135 1176 1125
1193 1135 1154
1154 1135 1103
1287 1236 1250
1250 1236 1198
1103 1135 1092
1154 1103 1140
372 351 343
372 343 364
381 372 418
1390 1356 1321
1213 1154 1185
1185 1154 1140
1185 1140 1198
1185 1198 1236
364 343 331
372 364 401
343 328 315
343 315 331
331 315 293
206 182 193
315 300 281
293 315 281
293 281 264
264 281 250
293 264 283
331 293 310
300 285 275
300 275 281
281 275 250
250 275 256
1250 1198 1233
1307 1250 1279
1279 1250 1233
1279 1233 1268
1334 1279 1313
1313 1279 1268
1313 1268 1321
1313 1321 1356
250 230 222
250 222 234
1268 1233 1207
234 222 208
250 234 264
1423 1390 1359
182 156 167
95 78 85
35 26 33
6 2 7
132 114 129
62 47 57
18 11 16
222 206 193
222 193 208
208 193 181
181 193 167
167 193 182
181 167 157
157 167 147
181 157 170
208 181 198
156 132 147
147 132 129
156 147 167
78 62 70
26 18 24
2 1 4
2 4 7
114 95 109
47 35 44
11 6 10
283 264 254
293 283 310
310 283 303
303 283 269
310 303 336
1092 1135 1125
1103 1092 1061
1140 1103 1085
1390 1321 1359
1359 1321 1304
364 331 348
401 364 388
372 401 418
147 129 141
331 310 348
1233 1198 1171
303 269 286
310 336 348
348 336 369
369 336 357
348 369 388
269 283 254
269 254 240
240 254 226
269 240 258
336 303 323
1304 1321 1253
1359 1304 1338
226 254 234
240 226 212
258 240 231
269 258 286
286 258 279
279 258 252
286 279 313
1207 1233 1171
170 157 149
1268 1207 1253
157 147 141
157 141 149
149 141 124
124 141 129
149 124 137
137 124 113
149 137 161
181 170 198
198 170 187
187 170 161
198 187 212
252 258 231
252 231 228
228 231 207
252 228 247
279 252 278
313 279 309
286 313 323
234 208 226
228 207 202
252 247 278
278 247 267
267 247 239
278 267 298
207 231 212
207 212 187
247 228 224
2073 2014 1987
1987 2014 1934
1934 2014 1955
1934 1955 1869
1987 1934 1897
1897 1934 1869
1869 1955 1892
1869 1892 1807
1807 1892 1835
1869 1807 1786
1807 1835 1751
1751 1835 1777
1751 1777 1695
1807 1751 1731
1695 1777 1726
1695 1726 1634
1751 1695 1671
1634 1726 1672
1634 1672 1571
1695 1634 1600
1786 1807 1731
1786 1731 1690
1869 1786 1811
1571 1672 1605
1571 1605 1518
1634 1571 1543
1731 1751 1671
1731 1671 1653
1518 1605 1549
1518 1549 1477
1571 1518 1490
1477 1549 1505
1477 1505 1437
1518 1477 1447
1690 1731 1653
1690 1583 1637
1786 1728 1811
1437 1505 1457
1437 1457 1397
1477 1437 1409
1397 1457 1423
1397 1423 1359
1397 1359 1338
1397 1338 1375
1437 1397 1375
1437 1375 1409
1409 1375 1350
1350 1375 1316
1409 1350 1383
85 78 70
85 70 81
47 44 57
57 44 55
81 70 66
55 44 42
16 11 10
16 10 14
14 10 12
14 12 19
16 14 21
26 24 33
33 24 31
31 24 21
31 21 29
21 24 16
16 24 18
29 21 19
31 29 40
33 31 42
42 31 40
33 42 44
42 40 49
33 44 35
49 40 46
42 49 55
55 49 61
61 49 59
55 61 66
66 61 77
55 66 57
57 66 70
57 70 62
77 61 73
66 77 81
81 77 93
93 77 91
81 93 96
91 77 73
91 73 87
87 73 72
91 87 106
93 91 107
267 239 262
129 114 109
129 109 124
357 336 323
357 323 346
346 323 313
357 346 380
346 313 339
380 346 375
357 380 393
81 96 85
85 96 109
109 96 124
85 109 95
208 198 226
278 298 309
309 298 335
10 6 7
1671 1695 1600
1671 1600 1562
298 267 291
369 357 393
369 393 404
404 393 431
369 404 388
388 404 426
431 393 415
404 431 444
426 404 444
426 444 465
465 444 484
426 465 442
484 444 463
465 484 507
442 465 486
426 442 401
388 426 401
1375 1338 1316
1316 1338 1284
1284 1338 1304
1284 1304 1253
1316 1284 1261
1261 1284 1229
1316 1261 1294
239 247 224
239 224 217
217 224 196
239 217 238
96 93 113
254 264 234
1085 1103 1061
239 238 262
262 238 261
261 238 235
262 261 290
235 238 211
261 235 260
262 290 291
291 290 320
1061 1092 1051
217 196 191
1140 1085 1106
196 224 202
196 202 175
238 217 211
211 217 191
211 191 188
290 261 289
388 364 348
1383 1350 1326
91 106 107
107 106 127
127 106 122
107 127 113
107 113 93
73 61 59
1600 1634 1543
1600 1543 1515
59 49 46
59 46 60
60 46 51
59 60 72
72 60 74
59 72 73
74 60 64
72 74 90
87 72 90
87 90 104
104 90 108
87 104 106
106 104 122
122 104 123
123 104 108
123 108 125
122 123 138
125 108 111
123 125 143
108 90 92
188 191 166
1653 1671 1562
1409 1383 1447
1409 1447 1477
1350 1316 1294
1350 1294 1326
1326 1294 1271
1271 1294 1242
1326 1271 1300
211 188 214
1171 1198 1140
149 161 170
291 320 326
1326 1300 1355
212 226 198
309 335 339
309 339 313
90 74 92
92 74 79
323 303 286
380 375 407
127 122 146
1253 1207 1184
507 484 539
143 125 144
113 124 96
196 175 169
1242 1294 1261
1242 1261 1205
1205 1261 1229
1205 1229 1170
1242 1205 1183
1170 1229 1184
1205 1170 1144
1183 1205 1144
1183 1144 1126
1242 1183 1219
1144 1170 1117
1126 1144 1096
1183 1126 1159
1096 1144 1117
1096 1117 1072
1072 1117 1090
1096 1072 1056
1126 1096 1082
1159 1126 1110
1183 1159 1219
1219 1159 1202
1202 1159 1142
1219 1202 1257
1490 1518 1447
1490 1447 1421
320 290 317
111 108 92
111 92 97
111 97 119
111 119 125
231 240 212
463 444 431
463 431 449
449 431 415
449 415 437
463 449 489
437 415 407
437 407 434
407 415 380
434 407 395
437 434 471
380 415 393
449 437 476
395 407 375
395 375 362
362 375 339
362 339 335
395 362 387
362 335 363
434 395 419
437 471 476
476 471 510
510 471 502
476 510 518
362 363 387
387 363 397
397 363 359
387 397 419
387 419 395
471 434 461
363 335 326
326 335 298
359 363 326
359 326 320
397 359 399
489 449 476
489 476 518
489 518 531
531 518 564
489 531 503
463 489 503
463 503 484
484 503 539
539 503 531
510 502 546
564 518 550
531 564 578
502 471 461
502 461 492
492 461 447
502 492 535
518 510 550
550 510 546
447 461 419
492 447 480
535 492 525
502 535 546
546 535 574
574 535 566
546 574 583
434 419 461
566 535 525
566 525 561
561 525 520
566 561 602
583 574 625
574 566 613
546 583 550
520 525 480
561 520 556
602 561 598
566 602 613
613 602 662
662 602 653
613 662 670
399 359 353
578 564 607
520 480 477
670 662 709
397 399 440
564 550 594
653 602 598
653 598 648
648 598 595
653 648 699
595 598 556
595 556 554
648 595 643
699 648 693
653 699 704
531 578 539
662 653 704
662 704 709
709 704 746
613 670 625
625 670 681
51 46 41
137 113 127
486 465 507
1271 1242 1219
1271 1219 1257
1271 1257 1300
1300 1257 1285
1285 1257 1232
1300 1285 1345
1232 1257 1202
1232 1202 1173
1173 1202 1142
1173 1142 1124
1232 1173 1215
1124 1142 1094
1173 1124 1162
1215 1173 1162
1215 1162 1203
1203 1162 1166
1203 1166 1225
1203 1225 1256
1256 1225 1282
1203 1256 1215
1256 1282 1311
1311 1282 1339
1311 1339 1370
1256 1311 1269
1232 1215 1269
1285 1232 1269
1300 1345 1355
1355 1345 1401
1401 1345 1393
1355 1401 1421
1124 1094 1078
1370 1339 1402
1370 1402 1435
1345 1285 1327
1094 1142 1110
1094 1110 1067
1067 1110 1082
1094 1067 1055
1067 1082 1041
1041 1082 1056
1041 1056 1015
1067 1041 1027
1015 1056 1033
1041 1015 1001
1110 1142 1159
1056 1082 1096
1162 1124 1112
1311 1370 1327
1055 1067 1027
1055 1027 1016
1016 1027 989
1055 1016 1042
1094 1055 1078
1078 1055 1042
1078 1042 1074
1074 1042 1024
1078 1074 1112
1112 1074 1114
1027 1041 1001
1269 1311 1327
1269 1327 1285
1256 1269 1215
1435 1402 1462
1435 1462 1504
1370 1435 1393
1033 1056 1072
1033 1072 1049
1049 1072 1090
1049 1090 1065
1033 1049 1009
1065 1090 1109
1049 1065 1021
1001 1015 974
989 1027 1001
989 1001 963
963 1001 974
963 974 937
989 963 949
1042 1016 1002
937 974 953
963 937 922
1015 1033 995
1016 989 976
1393 1345 1327
1393 1327 1370
1401 1393 1440
1009 1049 1021
1009 1021 982
1033 1009 995
995 1009 969
969 1009 982
969 982 943
995 969 953
943 982 965
969 943 930
1112 1124 1078
1435 1504 1467
1021 1065 1044
943 965 926
1504 1462 1539
1504 1539 1583
1109 1090 1134
949 963 922
969 930 953
953 930 911
911 930 890
953 911 937
1162 1112 1166
982 1021 1003
930 943 904
1065 1109 1088
989 949 976
976 949 939
939 949 909
976 939 966
965 982 1003
965 1003 981
981 1003 1020
965 981 940
909 949 922
909 922 884
884 922 899
909 884 871
966 939 928
1020 1003 1044
1020 1044 1063
1063 1044 1088
1020 1063 1045
1063 1088 1106
1044 1003 1021
940 981 964
1045 1063 1085
1045 1085 1061
1020 1045 1004
939 909 897
976 966 1002
981 1020 1004
981 1004 964
964 1004 983
965 940 926
926 940 902
902 940 925
926 902 886
375 346 339
175 202 179
1562 1600 1515
1515 1543 1466
122 138 146
146 138 169
1268 1253 1321
123 143 138
138 143 166
1571 1490 1543
1543 1490 1466
1466 1490 1421
1466 1421 1401
161 137 150
60 51 64
40 29 41
40 41 46
41 29 28
442 486 481
309 279 278
267 262 291
191 196 169
191 169 166
166 169 138
899 922 937
899 937 911
1229 1284 1253
1421 1447 1383
554 556 515
983 1004 1022
224 228 202
298 291 326
1504 1583 1562
260 235 236
709 746 751
886 902 863
202 207 179
1106 1085 1063
1440 1393 1467
1562 1515 1467
595 554 589
953 974 995
1583 1539 1637
1583 1690 1653
1583 1653 1562
925 940 964
925 964 942
942 964 983
925 942 903
942 983 968
903 942 927
925 903 885
21 14 19
289 261 260
525 492 480
871 884 843
1051 1092 1071
480 447 440
625 681 633
290 289 317
317 289 318
318 289 288
317 318 350
288 289 260
288 260 263
318 288 319
350 318 354
317 350 353
263 260 236
288 263 292
1042 1002 1024
1016 976 1002
1090 1117 1134
1134 1117 1170
1134 1170 1184
1134 1184 1109
574 613 625
890 930 904
890 904 865
865 904 886
890 865 851
865 886 845
845 886 863
865 845 826
845 863 823
823 863 844
845 823 802
851 865 826
890 851 872
826 845 802
826 802 785
785 802 762
826 785 809
844 863 885
885 863 902
885 902 925
844 885 864
802 823 781
864 885 903
864 903 889
889 903 927
864 889 849
889 927 910
910 927 952
889 910 870
849 889 870
849 870 831
864 849 825
952 927 968
870 910 893
831 870 836
823 844 801
844 864 825
844 825 801
801 825 784
784 825 810
801 784 752
810 825 849
810 849 831
810 831 795
795 831 836
810 795 751
784 810 751
752 784 746
746 784 751
910 952 933
801 752 781
911 890 872
911 872 899
681 670 716
926 886 904
1140 1106 1171
974 1015 995
1401 1440 1466
746 704 752
884 899 858
235 211 214
235 214 236
236 214 213
213 214 189
236 213 237
189 214 188
189 188 165
165 188 166
165 166 143
189 165 173
173 165 144
189 173 192
213 189 192
213 192 215
237 213 215
236 237 263
192 173 185
583 625 633
909 871 897
897 871 853
853 871 833
897 866 906
833 871 843
833 843 803
803 843 817
833 803 793
853 833 821
817 843 858
817 858 832
832 858 872
817 832 791
793 803 764
803 817 776
833 793 821
821 793 786
1061 1051 1022
1061 1022 1045
1045 1022 1004
242 273 237
242 237 215
1383 1326 1355
143 144 165
793 764 755
755 764 721
793 755 786
721 764 732
755 721 708
732 764 776
721 732 686
708 721 672
686 732 707
721 686 672
707 732 749
672 686 628
749 732 776
707 749 722
628 686 652
672 628 605
722 749 766
707 722 674
652 686 707
605 628 580
766 749 791
674 722 690
580 628 592
605 580 569
690 722 739
674 690 632
592 628 652
739 722 766
674 632 616
739 766 785
616 632 589
589 632 643
643 632 690
589 643 595
569 580 541
541 580 548
569 541 543
548 580 592
541 548 504
548 592 565
504 548 519
541 504 493
565 592 616
548 565 519
493 504 462
565 616 589
519 565 540
462 504 474
493 462 457
540 565 589
474 504 519
493 457 498
474 519 494
494 519 540
474 494 450
494 540 511
450 494 473
511 540 554
473 494 511
450 473 428
473 515 477
428 473 443
443 473 477
428 443 399
457 462 424
424 462 435
457 424 412
435 462 474
435 474 450
435 450 411
411 450 428
435 411 403
411 428 384
403 411 378
384 428 399
378 411 384
378 384 350
378 350 354
378 354 403
424 435 403
424 403 383
383 403 354
424 383 412
906 945 928
928 945 966
906 928 897
556 520 515
440 447 397
447 419 397
633 681 691
691 681 729
633 691 658
729 681 716
691 729 757
658 691 718
633 658 594
64 79 74
320 317 353
175 179 150
762 802 781
762 781 741
741 781 752
762 741 693
543 585 569
569 585 605
399 353 384
928 939 897
952 968 991
991 968 1008
952 991 980
1008 968 983
991 1008 1030
1030 1008 1051
1030 1051 1071
1071 1092 1125
1030 1071 1039
1071 1125 1098
1039 1071 1098
1030 1039 991
19 28 29
1069 1114 1074
1069 1074 1024
1126 1082 1110
292 263 273
376 412 383
561 556 598
693 648 643
139 162 144
520 477 515
515 473 511
515 511 554
858 899 872
743 786 755
1253 1184 1229
1065 1088 1044
707 674 652
652 674 616
652 616 592
7 12 10
985 1024 1002
1515 1466 1440
672 605 635
306 340 321
321 340 347
306 321 292
292 321 319
292 319 288
347 340 376
321 347 319
347 376 383
383 354 347
347 354 319
564 594 607
318 319 354
817 791 776
776 791 749
635 708 672
127 146 150
578 607 641
927 942 968
823 801 781
803 776 764
541 493 543
38 53 51
51 53 64
1467 1504 1562
1435 1467 1393
1440 1467 1515
709 751 716
716 751 759
709 716 670
759 751 795
759 795 792
716 759 729
729 759 792
453 498 457
453 457 412
704 699 752
872 851 832
809 785 766
185 215 192
185 173 162
1728 1786 1690
1728 1690 1637
843 884 858
827 866 853
507 539 552
552 539 601
507 552 533
533 552 590
590 552 601
507 533 486
708 635 697
708 697 743
273 306 292
169 175 146
945 985 966
594 550 583
594 583 633
79 97 92
943 926 904
585 635 605
161 150 179
28 38 41
1114 1166 1112
699 693 741
791 832 809
786 827 821
821 827 853
983 1022 1008
353 359 320
119 139 125
477 480 440
785 762 739
1184 1207 1148
1148 1207 1171
1184 1148 1109
1109 1148 1088
589 554 540
498 543 493
51 41 38
826 809 851
851 809 832
1811 1897 1869
440 399 443
755 708 743
866 897 853
144 125 139
150 137 127
690 739 693
1421 1383 1355
1002 966 985
718 691 757
766 791 809
607 594 658
699 741 752
693 643 690
1008 1022 1051
870 893 836
263 237 273
607 658 680
179 207 187
757 729 792
658 718 680
1148 1171 1106
443 477 440
486 533 512
512 533 576
486 512 481
481 512 527
527 512 576
607 680 641
187 161 179
162 173 144
1106 1088 1148
353 350 384
910 933 893
576 533 590
641 601 578
933 952 980
739 762 693
418 401 442
418 442 481
836 792 795
1031 980 1039
1031 1039 1080
980 991 1039
175 150 146
601 539 578
1076 1095 1087
1095 1123 1129
932 954 934
972 993 975
1011 1032 1018
1054 1076 1060
954 972 955
993 1011 998
1032 1054 1040
703 713 682
750 765 740
811 824 800
875 895 873
724 737 712
777 794 769
839 861 834
915 932 908
713 724 701
765 777 758
824 839 819
895 915 894
737 750 727
794 811 788
861 875 856
617 647 654
687 703 668
654 661 624
661 669 629
669 678 626
678 687 657
588 617 600
560 588 577
1129 1138 1105
537 560 547
1138 1153 1118
1087 1095 1129
1076 1087 1060
1060 1087 1079
1054 1060 1040
1040 1060 1035
934 954 955
934 955 935
1018 1032 1040
1018 1040 1035
998 1011 1018
998 1018 978
975 993 998
975 998 978
955 972 975
955 975 935
932 934 908
908 934 935
682 713 701
682 701 659
712 737 727
712 727 689
701 724 712
701 712 659
727 750 740
727 740 689
800 824 819
800 819 796
834 861 856
834 856 830
819 839 834
819 834 796
856 875 873
856 873 830
740 765 758
740 758 730
769 794 788
769 788 763
758 777 769
758 769 730
788 811 800
788 800 763
873 895 894
873 894 869
894 915 908
894 908 869
703 682 668
668 682 659
1153 1161 1127
687 668 657
657 668 619
624 661 629
624 629 587
654 600 617
678 657 626
626 657 619
506 537 522
669 626 629
629 626 587
600 654 624
600 624 587
588 600 577
577 600 587
1161 1179 1141
479 506 495
1105 1138 1118
1105 1118 1079
1129 1105 1087
1087 1105 1079
560 577 547
547 577 587
451 479 467
1179 1191 1146
1118 1153 1127
1118 1097 1079
537 547 522
522 547 526
425 451 439
1191 1211 1164
1127 1161 1141
1127 1141 1097
396 425 408
1211 1228 1177
506 522 495
495 522 526
1141 1179 1146
1141 1146 1097
479 495 467
467 495 472
368 396 382
1228 1245 1194
1146 1191 1164
1146 1164 1113
342 368 352
1245 1267 1214
451 467 439
439 467 472
425 439 408
408 439 417
1164 1211 1177
1164 1177 1113
312 342 329
712 689 659
740 730 689
769 763 730
800 796 763
834 830 796
873 869 830
1267 1288 1237
1035 1060 1079
978 1018 1035
975 978 935
619 668 659
396 408 382
382 408 417
285 312 301
1288 1308 1251
1177 1228 1194
1177 1194 1136
256 285 276
368 382 352
352 382 373
1194 1245 1214
1194 1214 1155
230 256 251
1308 1335 1280
342 352 329
329 352 344
1214 1267 1237
1214 1237 1186
1335 1357 1302
526 547 587
1127 1097 1118
206 230 223
472 495 526
1146 1113 1097
312 329 301
301 329 316
417 439 472
1237 1288 1251
1237 1251 1199
1136 1194 1155
1136 1155 1104
1177 1136 1113
373 382 417
352 373 344
344 373 365
1104 1155 1131
1136 1104 1093
1357 1391 1333
1155 1214 1186
1155 1186 1131
1131 1186 1199
1199 1186 1237
365 373 402
344 365 332
329 344 316
316 344 332
316 332 294
182 206 194
301 316 282
294 332 311
316 294 282
282 294 257
257 294 284
282 257 251
285 301 276
276 301 282
276 282 251
276 251 256
1251 1308 1280
1251 1280 1222
1199 1251 1222
1199 1222 1165
1222 1280 1252
1165 1222 1197
1199 1165 1131
230 251 223
223 251 233
1280 1335 1302
1280 1302 1252
1252 1302 1290
1290 1302 1333
1290 1333 1322
1333 1302 1357
1322 1333 1376
1290 1322 1265
1252 1290 1235
233 251 257
223 233 209
1391 1424 1376
1376 1424 1378
1391 1376 1333
1378 1424 1458
1376 1378 1322
1 2 3
3 2 5
5 2 6
5 6 9
3 5 8
8 5 9
9 6 11
9 11 17
17 11 18
17 18 25
9 17 15
25 18 26
25 26 34
17 25 23
34 26 35
34 35 45
25 34 32
45 35 47
45 47 58
34 45 43
58 47 62
58 62 71
45 58 56
71 62 78
71 78 86
58 71 67
86 78 95
86 95 110
71 86 82
110 95 114
110 114 128
86 110 99
128 114 132
128 132 148
110 128 116
148 132 156
148 156 168
128 148 136
168 156 182
168 182 194
168 194 183
183 194 209
209 194 223
183 209 201
223 194 206
201 209 229
183 201 171
168 183 158
148 168 158
148 158 136
136 158 152
152 158 171
152 171 164
164 171 190
152 164 145
136 152 130
284 294 311
284 311 304
304 311 337
284 304 270
257 284 255
1104 1131 1086
1093 1104 1062
1136 1093 1113
402 373 417
365 402 389
332 365 349
15 17 23
15 23 22
9 15 13
1265 1322 1298
1290 1265 1235
1235 1265 1212
1212 1265 1246
1235 1212 1172
311 332 349
23 25 32
23 32 30
337 311 349
337 349 370
370 349 389
337 370 356
270 304 287
304 337 324
284 270 255
255 270 241
241 270 259
255 241 229
190 171 201
190 201 218
218 201 229
190 218 210
218 229 241
218 241 210
164 190 184
145 164 160
152 145 130
130 145 126
126 145 142
130 126 112
22 23 30
22 30 27
15 20 13
142 145 160
142 160 155
155 160 178
142 155 133
126 142 121
112 126 105
130 112 116
116 112 99
99 112 94
116 99 110
94 112 105
94 105 88
88 105 102
94 88 76
99 94 82
82 94 76
82 76 67
67 76 63
99 82 86
82 67 71
63 76 75
67 63 56
67 56 58
102 105 121
102 121 117
117 121 133
133 121 142
117 133 135
102 117 100
135 133 154
117 135 118
88 102 84
76 88 75
75 88 84
75 84 68
68 84 83
75 68 63
1222 1252 1197
1197 1252 1235
1165 1197 1139
32 34 43
32 43 37
259 270 287
259 287 280
280 287 314
259 280 253
241 259 232
178 160 184
178 184 205
133 155 154
154 155 177
177 155 178
177 178 203
154 177 174
203 178 205
203 205 227
177 203 200
227 205 232
203 227 225
174 177 200
154 174 153
225 227 248
203 225 200
200 225 221
221 225 246
200 221 197
136 130 116
136 116 128
280 314 308
259 253 232
232 253 227
314 287 324
253 280 277
43 45 56
43 56 50
30 32 37
30 37 36
229 209 233
229 233 257
183 171 158
200 197 174
174 197 172
172 197 199
174 172 153
153 172 151
151 172 176
153 151 131
68 83 69
221 246 245
83 84 100
100 84 102
37 43 50
37 50 52
246 225 248
246 248 272
272 248 277
246 272 265
197 221 219
1606 1673 1570
190 210 184
184 210 205
1836 1893 1805
50 56 63
1506 1550 1476
1727 1778 1694
1956 2015 1898
1458 1506 1430
1673 1727 1633
1893 1956 1866
1550 1606 1517
1778 1836 1749
2015 2072 1986
2015 1986 1898
337 356 324
324 356 345
345 356 379
324 345 314
379 356 392
345 379 374
314 345 338
356 370 392
392 370 405
405 370 389
392 405 430
405 389 427
430 405 445
392 430 414
427 389 402
405 427 445
445 427 466
466 427 441
445 466 485
441 427 402
466 441 483
485 466 508
445 485 464
100 117 118
265 272 297
246 265 245
245 265 266
266 265 295
245 266 244
1246 1265 1298
1246 1298 1281
1281 1298 1352
1246 1281 1223
118 135 131
118 131 115
131 135 153
115 131 134
118 115 101
153 135 154
134 131 151
134 151 159
159 151 176
159 176 180
134 159 140
180 176 195
159 180 163
163 180 186
186 180 204
204 180 195
204 195 220
186 204 216
216 204 220
220 199 219
115 134 120
101 115 103
118 101 100
195 176 199
195 199 220
219 199 197
30 36 27
1172 1212 1150
36 37 52
36 52 48
1212 1246 1187
1235 1172 1197
1197 1172 1139
1139 1172 1119
1086 1131 1107
295 265 297
295 297 325
325 297 330
295 325 322
1062 1104 1086
244 266 268
257 255 229
1093 1062 1052
266 295 296
172 199 176
245 244 219
349 365 389
1119 1172 1150
1119 1150 1100
1100 1150 1130
1119 1100 1075
1139 1119 1091
1298 1322 1378
101 103 89
325 330 360
295 322 296
296 322 327
327 322 358
296 327 299
103 115 120
330 297 302
322 325 355
219 244 220
287 304 324
160 164 184
358 322 355
358 355 386
386 355 385
358 386 390
299 327 333
327 358 361
296 299 268
268 299 271
126 121 105
1352 1298 1378
1246 1223 1187
1187 1223 1168
1168 1223 1208
1187 1168 1130
358 390 361
361 390 394
394 390 423
361 394 367
1281 1352 1331
385 355 360
385 360 391
386 385 420
1223 1281 1263
36 48 39
1165 1139 1107
48 52 69
390 386 421
248 227 253
374 379 406
394 423 429
277 280 308
485 508 538
308 314 338
308 338 334
334 338 366
308 334 302
366 338 374
334 366 371
466 483 508
361 367 333
333 367 341
253 277 248
445 464 430
430 464 448
448 464 488
430 448 414
414 448 436
436 448 475
414 436 406
406 436 433
414 406 379
433 436 470
406 433 400
414 379 392
470 436 475
470 475 509
509 475 517
470 509 501
433 470 460
400 433 410
406 400 374
374 400 366
366 400 410
488 464 505
448 488 475
475 488 517
517 488 530
530 488 505
530 505 538
538 505 485
485 505 464
517 530 563
563 530 572
517 563 551
509 517 551
509 551 545
545 551 582
509 545 501
470 501 460
460 501 491
491 501 534
460 491 452
534 501 545
534 545 575
575 545 582
534 575 567
491 534 524
452 491 482
460 452 410
410 433 460
582 551 593
567 575 615
534 567 524
524 567 562
562 567 603
524 562 521
603 567 615
603 615 663
663 615 671
603 663 655
562 603 599
521 562 557
524 521 482
572 530 538
551 563 593
593 563 606
606 563 572
606 572 627
593 606 650
627 572 591
606 627 667
650 606 667
650 667 706
593 650 631
663 671 710
591 572 538
627 591 637
671 615 623
655 663 705
667 627 684
241 232 210
210 232 205
483 441 472
367 394 398
345 374 338
423 390 421
423 421 458
458 421 455
423 458 459
603 655 599
599 655 649
649 655 702
599 649 597
69 83 89
89 83 101
101 83 100
1130 1150 1187
702 655 705
702 705 742
742 705 747
702 742 736
219 221 245
1119 1075 1091
1091 1075 1050
1050 1075 1034
1091 1050 1068
1100 1130 1084
455 421 420
455 420 456
597 649 645
1168 1208 1151
459 458 497
68 69 52
1208 1223 1263
1208 1263 1248
1248 1263 1299
1208 1248 1189
1299 1263 1331
1248 1299 1289
1189 1248 1234
1208 1189 1151
1151 1189 1132
1132 1189 1174
1151 1132 1101
649 702 696
1075 1100 1057
458 455 490
650 706 688
599 597 557
557 597 555
706 667 717
423 459 429
429 459 468
468 459 500
429 468 432
1570 1673 1633
1570 1633 1541
1749 1836 1805
1749 1805 1732
452 482 446
1541 1633 1596
1732 1805 1785
1430 1506 1476
1430 1476 1408
1408 1476 1448
1430 1408 1352
500 459 497
500 497 536
536 497 529
500 536 542
529 497 490
529 490 528
536 529 570
542 536 573
500 542 514
1476 1550 1517
1476 1517 1448
1448 1517 1491
1491 1517 1570
1491 1570 1541
1491 1541 1465
1570 1517 1606
1465 1541 1514
1491 1465 1420
1448 1491 1420
1448 1420 1384
1384 1420 1358
1448 1384 1408
1408 1384 1331
1150 1212 1187
1174 1189 1234
1174 1234 1218
1218 1234 1272
1174 1218 1156
1866 1956 1898
334 371 330
1805 1893 1866
1805 1866 1785
1785 1866 1812
1785 1812 1729
297 272 302
302 272 277
736 742 774
1633 1727 1694
1633 1694 1596
1596 1694 1670
1670 1694 1749
1670 1749 1732
1670 1732 1650
1749 1694 1778
1650 1732 1729
1670 1650 1569
1596 1670 1569
1596 1569 1514
1514 1569 1489
1489 1569 1545
1514 1489 1444
1596 1514 1541
385 391 422
432 468 454
432 454 413
432 413 398
432 398 429
391 360 371
1101 1132 1089
491 524 482
742 747 779
1458 1430 1378
52 50 68
68 50 63
468 500 514
468 499 454
268 271 249
1132 1174 1121
747 705 710
747 710 753
271 299 305
702 736 696
696 736 733
733 736 773
696 733 692
773 736 774
773 774 812
812 774 813
773 812 805
733 773 771
692 733 731
696 692 645
645 692 644
371 366 410
1151 1101 1116
1107 1131 1165
582 593 631
582 631 623
753 710 719
805 812 842
333 327 361
1050 1034 1010
1174 1156 1121
1121 1156 1108
1108 1156 1147
1121 1108 1077
1147 1156 1204
1108 1147 1115
1115 1147 1167
1167 1147 1204
1077 1108 1066
1121 1077 1089
1089 1077 1047
1052 1062 1029
1281 1331 1263
1384 1358 1299
360 330 371
1091 1068 1107
1514 1444 1465
268 266 296
1331 1352 1408
1420 1465 1405
1569 1650 1545
1545 1650 1636
1489 1545 1473
89 98 80
455 456 487
1218 1272 1260
330 302 334
555 597 596
813 774 779
813 779 816
1086 1107 1068
299 333 305
305 333 341
773 805 771
771 805 804
804 805 840
771 804 772
840 805 842
840 842 877
877 842 879
840 877 876
804 840 841
771 772 731
731 772 735
877 879 914
840 876 841
841 876 878
878 876 913
841 878 846
772 804 808
879 842 847
876 877 912
1139 1091 1107
615 575 623
623 575 582
1093 1052 1113
1272 1234 1289
1272 1289 1325
325 360 355
456 420 422
422 420 385
456 422 446
446 422 416
747 753 783
244 268 249
1034 1075 1057
1034 1057 1017
1017 1057 1043
1034 1017 997
1043 1057 1084
1017 1043 996
997 1017 979
1034 997 1010
1010 997 960
960 997 951
1010 960 987
1358 1420 1405
1358 1405 1325
1068 1050 1026
1444 1489 1422
631 650 688
1156 1218 1204
1204 1218 1260
1204 1260 1226
557 555 516
812 813 847
847 813 852
812 847 842
649 696 645
644 692 694
1010 987 1026
671 623 679
529 528 568
852 813 816
852 816 855
855 816 822
852 855 888
822 816 783
783 816 779
783 779 747
855 822 862
888 855 892
852 888 883
562 599 557
742 779 774
1089 1047 1064
706 717 748
913 876 912
913 912 951
538 508 553
458 490 497
667 684 717
542 573 579
846 878 881
663 710 705
735 772 775
1026 1050 1010
1289 1299 1358
733 771 731
421 386 420
1116 1101 1073
960 912 914
536 570 573
521 557 516
1052 1029 1012
951 997 979
951 947 913
1047 1077 1037
367 398 377
446 482 478
1422 1489 1473
249 271 243
1272 1325 1310
847 852 883
847 883 879
879 883 917
917 883 920
879 917 914
914 917 948
948 917 961
914 948 960
920 883 888
920 888 923
923 888 892
920 923 957
923 892 929
929 892 900
923 929 962
917 920 961
961 920 957
961 957 988
988 957 994
961 1006 987
929 900 936
923 962 957
957 962 994
994 962 1012
988 994 1028
1029 994 1012
900 892 862
900 862 868
868 862 829
900 868 905
962 929 967
948 961 987
948 987 960
829 862 822
829 822 790
790 822 783
829 790 798
868 829 838
905 868 882
798 790 760
829 798 838
838 798 807
807 798 768
838 807 848
900 905 936
936 905 941
941 905 935
936 941 973
973 941 978
936 973 967
627 637 684
1101 1089 1064
1234 1248 1289
1057 1100 1084
645 644 596
645 596 597
596 612 568
596 568 555
570 529 568
570 568 612
612 596 644
612 644 666
570 612 618
618 612 666
570 618 573
573 618 622
622 618 673
573 622 579
666 644 694
666 694 714
735 694 731
731 694 692
618 666 673
673 666 714
714 694 735
714 735 756
673 714 720
720 714 756
673 720 676
452 446 416
1029 1062 1028
1168 1151 1116
1168 1116 1130
1068 1026 1046
637 591 608
688 706 734
514 542 559
841 846 808
808 846 806
806 846 850
808 806 775
775 806 756
775 756 735
808 775 772
398 394 429
1732 1785 1729
1473 1545 1540
271 305 274
710 671 719
490 455 487
490 487 528
528 487 516
516 487 478
1084 1130 1116
878 913 916
1089 1132 1121
1405 1465 1444
1444 1422 1380
1260 1272 1310
1260 1310 1306
1306 1310 1353
1260 1283 1226
1353 1310 1380
1306 1353 1340
1325 1289 1358
986 946 970
516 555 528
528 555 568
1037 1077 1066
1037 1066 1007
905 882 935
307 274 305
706 748 734
452 416 410
391 416 422
410 416 371
371 416 391
806 850 814
814 850 854
806 814 756
854 850 887
814 854 820
887 850 881
881 850 846
887 881 919
919 881 916
887 919 921
919 916 950
950 916 947
919 950 956
921 919 956
921 956 959
959 956 990
921 959 931
947 916 913
947 951 979
947 979 996
956 950 984
990 956 984
990 984 1023
1023 984 996
990 1023 1047
931 959 970
887 921 891
950 947 996
959 990 999
921 931 891
891 931 898
898 931 946
891 898 860
860 898 867
891 860 854
854 860 820
820 860 828
854 887 891
814 820 770
770 820 789
814 770 756
789 820 828
770 789 726
726 789 744
770 726 720
984 950 996
999 990 1047
1403 1340 1353
98 89 103
98 103 120
855 862 892
1068 1046 1086
636 586 610
610 586 559
636 610 675
675 610 676
636 675 698
698 675 726
1073 1101 1064
929 936 967
1729 1636 1650
679 623 631
848 807 830
970 946 931
828 787 789
789 787 744
881 878 916
967 973 1005
1005 973 1013
967 1005 1012
1012 1005 1048
1048 1005 1013
1012 1048 1052
1052 1048 1113
1013 973 978
39 27 36
487 456 478
478 456 446
688 734 725
725 734 768
688 725 679
679 725 719
688 679 631
719 725 760
719 760 753
1066 1108 1115
478 482 521
768 798 760
768 760 725
1898 1812 1866
243 216 220
622 673 676
622 676 610
675 676 726
907 867 898
907 898 946
808 804 841
1283 1260 1306
1283 1306 1340
65 54 48
48 54 39
868 838 882
637 608 689
637 689 684
544 499 514
553 508 532
532 508 483
553 532 584
584 532 558
553 584 608
558 532 513
584 558 619
584 619 659
513 532 483
558 513 526
526 513 472
558 526 587
472 513 483
1540 1463 1473
1473 1463 1403
140 120 134
1029 1028 994
744 698 726
1380 1422 1353
1070 1025 1066
20 15 22
20 22 27
720 756 770
514 559 544
544 559 586
377 341 367
1017 996 979
1310 1325 1380
962 967 1012
760 790 753
959 999 970
274 243 271
538 553 591
1028 1062 1086
80 65 69
608 591 553
912 877 914
1116 1073 1084
1636 1540 1545
163 140 159
671 679 719
838 848 882
1115 1070 1066
1064 1047 1023
1064 1023 1073
559 542 579
413 377 398
996 1043 1023
1023 1043 1073
867 828 860
1026 987 1006
1006 961 988
1006 988 1028
1026 1006 1046
807 768 780
780 768 734
807 780 830
1226 1167 1204
499 468 514
783 753 790
1047 1037 999
676 720 726
1444 1380 1405
1025 986 1007
1007 986 970
1025 1007 1066
1007 970 999
13 8 9
748 717 763
763 717 730
341 307 305
717 684 730
730 684 689
1299 1331 1384
882 848 869
869 848 830
1043 1084 1073
734 748 780
912 960 951
559 579 610
610 579 622
1422 1473 1403
1046 1006 1028
1046 1028 1086
1405 1380 1325
521 516 478
244 249 220
220 249 243
780 748 796
277 308 302
1378 1430 1352
89 80 69
999 1037 1007
659 689 608
659 608 584
941 935 978
763 796 748
796 830 780
869 908 882
908 935 882
626 619 558
587 626 558
978 1035 1013
1013 1035 1053
1053 1035 1079
1013 1053 1048
1053 1079 1097
1053 1097 1048
402 417 441
441 417 472
1353 1422 1403
1097 1113 1048
69 65 48
1123 1149 1129
1509 1520 1555
1604 1599 1655
1344 1362 1371
1603 1611 1657
1238 1264 1262
1436 1453 1470
1568 1579 1620
1623 1621 1667
1181 1209 1196
1387 1410 1419
1542 1557 1587
1616 1622 1658
1291 1315 1319
1474 1488 1513
1590 1594 1642
1617 1612 1660
1149 1181 1158
1520 1542 1577
1599 1593 1648
1362 1387 1398
1611 1616 1669
1264 1291 1286
1453 1474 1496
1579 1590 1640
1621 1617 1674
1209 1238 1230
1410 1436 1446
1557 1568 1610
1622 1623 1678
1315 1344 1341
1488 1509 1535
1594 1603 1656
1612 1604 1664
1138 1129 1158
1648 1696 1655
1153 1138 1182
1696 1744 1710
1744 1797 1765
1555 1520 1577
1555 1577 1629
1196 1209 1230
1196 1230 1231
1158 1181 1196
1158 1196 1182
1230 1238 1262
1230 1262 1231
1262 1264 1286
1262 1286 1292
1319 1315 1341
1319 1341 1354
1286 1291 1319
1286 1319 1292
1341 1344 1371
1341 1371 1354
1371 1362 1398
1371 1398 1412
1587 1557 1610
1587 1610 1661
1398 1387 1419
1398 1475 1412
1610 1568 1620
1610 1688 1661
1620 1579 1640
1620 1640 1688
1642 1594 1656
1642 1656 1723
1640 1590 1642
1640 1642 1723
1656 1603 1657
1656 1734 1723
1655 1599 1648
1419 1410 1446
1419 1446 1475
1577 1542 1587
1577 1587 1661
1446 1436 1470
1446 1525 1475
1470 1453 1496
1470 1496 1525
1513 1488 1535
1513 1535 1584
1496 1474 1513
1496 1513 1584
1535 1509 1555
1535 1555 1629
1657 1611 1669
1657 1669 1734
1658 1622 1678
1658 1678 1716
1669 1616 1658
1669 1658 1716
1678 1623 1667
1678 1741 1716
1667 1621 1674
1667 1674 1741
1660 1612 1664
1660 1664 1719
1674 1617 1660
1674 1660 1719
1664 1604 1655
1664 1655 1710
1149 1158 1129
1161 1153 1195
1797 1848 1822
1179 1161 1206
1848 1902 1879
1710 1744 1765
1710 1765 1719
1696 1710 1655
1191 1179 1221
1902 1966 1933
1182 1138 1158
1153 1182 1195
1195 1182 1231
1765 1797 1822
1765 1822 1809
1211 1191 1241
1966 2030 1994
1161 1195 1206
1206 1195 1247
1822 1848 1879
1822 1879 1809
1228 1211 1255
2030 2092 2050
1179 1206 1221
1221 1206 1247
1879 1902 1933
1879 1933 1901
2092 2156 2122
1245 1228 1276
1191 1221 1241
1241 1221 1273
2156 2211 2183
1933 1966 1994
1933 1994 1901
1267 1245 1296
1211 1241 1255
1255 1241 1273
1994 2030 2050
1994 2050 2028
2211 2262 2235
1741 1674 1719
1667 1741 1678
1719 1664 1710
1688 1640 1723
1620 1688 1610
1734 1669 1716
1657 1734 1656
1288 1267 1318
1629 1577 1661
1196 1231 1182
1470 1525 1446
1525 1496 1584
1584 1535 1629
1262 1292 1231
1371 1412 1354
1419 1475 1398
1319 1354 1292
2050 2092 2122
2050 2122 2028
1308 1288 1347
2262 2310 2287
1228 1255 1276
1276 1255 1303
2310 2357 2330
2122 2156 2183
2122 2183 2157
1245 1276 1296
1296 1276 1329
1335 1308 1366
2357 2402 2373
2183 2211 2235
2183 2235 2212
1267 1296 1318
1318 1296 1343
1357 1335 1379
1765 1809 1719
1719 1809 1741
1247 1195 1231
1247 1231 1292
2402 2441 2420
1879 1901 1809
1273 1221 1247
2235 2262 2287
2235 2287 2263
1994 2028 1901
1303 1255 1273
1276 1303 1329
1329 1303 1364
1288 1318 1347
1347 1318 1373
1364 1303 1337
1329 1364 1385
2157 2183 2212
2157 2212 2181
2122 2157 2028
1391 1357 1425
1296 1329 1343
1343 1329 1385
1343 1385 1373
1343 1373 1318
2181 2212 2247
2157 2181 2107
2441 2478 2461
2212 2235 2263
2212 2263 2247
2247 2263 2306
2263 2287 2320
2306 2263 2320
2306 2320 2355
2355 2320 2373
2306 2355 2337
2247 2306 2289
2287 2310 2330
2287 2330 2320
2320 2330 2373
2373 2330 2357
1347 1373 1404
1308 1347 1366
1366 1347 1404
1366 1404 1417
1335 1366 1379
1379 1366 1417
1379 1417 1425
1379 1425 1357
2373 2402 2420
2373 2420 2405
1417 1404 1461
2405 2420 2445
2373 2405 2355
1424 1391 1455
2478 2515 2499
2602 2626 2615
2683 2696 2691
2725 2729 2728
2550 2578 2564
2648 2666 2656
2709 2717 2714
2420 2441 2461
2420 2461 2445
2445 2461 2484
2515 2550 2533
2626 2648 2637
2696 2709 2704
2729 2732 2730
2729 2730 2728
2578 2602 2590
2666 2683 2676
2717 2725 2721
2484 2461 2499
2499 2461 2478
2484 2499 2519
2519 2499 2533
2519 2533 2554
2484 2519 2505
2554 2533 2564
2554 2564 2579
2519 2554 2536
2579 2564 2590
2579 2590 2603
2554 2579 2566
2603 2590 2615
2603 2615 2627
2579 2603 2594
2627 2615 2637
2627 2637 2649
2603 2627 2617
2649 2637 2656
2649 2656 2668
2627 2649 2640
2668 2656 2676
2668 2676 2685
2649 2668 2661
2685 2676 2691
2685 2691 2698
2668 2685 2677
2533 2499 2515
2637 2615 2626
2698 2691 2704
2698 2704 2710
2704 2691 2696
2710 2704 2714
2710 2714 2718
2698 2710 2705
2714 2704 2709
2718 2714 2721
2718 2721 2724
2718 2724 2720
2721 2714 2717
2590 2564 2578
2676 2656 2666
2710 2718 2720
2564 2533 2550
2656 2637 2648
2685 2698 2692
2615 2590 2602
2691 2676 2683
2445 2484 2468
2337 2355 2386
2306 2337 2289
2289 2337 2316
2316 2337 2369
2289 2316 2259
1337 1303 1273
1364 1337 1396
1385 1364 1427
2107 2181 2142
1391 1425 1455
1455 1425 1486
2181 2247 2222
2157 2107 2028
2247 2289 2222
1404 1373 1445
2316 2369 2353
2289 2259 2222
2222 2259 2195
2195 2259 2238
2222 2195 2142
2369 2337 2386
2369 2386 2410
2410 2386 2430
2369 2410 2394
2259 2316 2294
1486 1425 1499
1455 1486 1522
1461 1404 1445
2536 2554 2566
2536 2566 2556
2556 2566 2581
2536 2556 2522
2430 2386 2405
2394 2410 2437
1417 1461 1499
2519 2536 2505
2505 2536 2522
2505 2522 2485
2485 2522 2508
2505 2485 2468
2468 2457 2430
2505 2468 2484
2410 2430 2457
2369 2394 2353
2353 2394 2383
2383 2394 2426
2353 2383 2333
2566 2579 2594
2566 2594 2581
2581 2594 2607
2607 2594 2617
2607 2617 2630
2617 2594 2603
2630 2617 2640
2630 2640 2651
2640 2617 2627
2607 2630 2622
2651 2640 2661
2651 2661 2671
2661 2640 2649
2630 2651 2642
2671 2661 2677
2671 2677 2686
2677 2661 2668
2651 2671 2663
2686 2677 2692
2686 2692 2701
2692 2677 2685
2701 2692 2705
2701 2705 2712
2686 2701 2694
2705 2692 2698
2671 2686 2679
2581 2607 2597
2383 2426 2412
2353 2333 2294
2426 2394 2437
2426 2437 2466
2466 2437 2476
2426 2466 2452
2333 2383 2365
2476 2437 2457
2476 2457 2508
2476 2508 2513
2513 2508 2542
2476 2513 2466
2542 2508 2522
2513 2542 2543
2452 2466 2488
2426 2452 2412
2412 2452 2442
2442 2452 2479
2412 2442 2399
2072 2015 2074
2074 2015 2020
2020 2015 1956
2020 1956 1991
2074 2020 2078
2078 2020 1991
1991 1956 1893
1991 1893 1911
1911 1893 1836
1991 1911 2009
1911 1836 1858
1858 1836 1778
1858 1778 1799
1911 1858 1944
1799 1778 1727
1799 1727 1750
1858 1799 1886
1750 1727 1673
1750 1673 1699
1799 1750 1838
2009 1911 1944
2009 1944 2032
1991 2009 2086
1699 1673 1606
1699 1606 1644
1750 1699 1782
1644 1606 1550
1644 1550 1582
1699 1644 1736
1944 1858 1886
1944 1886 1975
2032 1944 1975
2009 2093 2086
1582 1550 1506
1582 1506 1530
1644 1582 1685
2032 1975 2103
1530 1506 1458
1530 1458 1492
1582 1530 1631
2399 2442 2428
1492 1458 1424
1492 1424 1455
1492 1455 1522
1492 1522 1573
1492 1573 1530
1530 1573 1631
1631 1573 1676
1676 1573 1614
1631 1676 1721
2479 2452 2488
2479 2488 2516
2516 2488 2524
2479 2516 2506
2412 2399 2365
2365 2399 2351
2442 2479 2469
1886 1799 1838
1886 1838 1925
2405 2445 2430
2705 2710 2720
1573 1522 1614
1614 1522 1563
1563 1522 1486
1563 1486 1499
1614 1563 1665
2445 2468 2430
2195 2238 2175
2679 2686 2694
2679 2694 2688
2506 2516 2538
2694 2701 2707
2524 2488 2513
2721 2725 2728
1665 1563 1597
2238 2259 2294
2238 2294 2278
2278 2294 2333
2238 2278 2218
2278 2333 2314
2218 2278 2256
2238 2218 2175
2175 2218 2151
2151 2218 2198
2175 2151 2099
2198 2218 2256
2198 2256 2237
2237 2256 2299
2198 2237 2172
2151 2198 2124
2175 2099 2127
2237 2299 2285
2198 2172 2124
2124 2172 2098
2098 2172 2159
2124 2098 2037
2099 2151 2063
2299 2256 2314
2299 2314 2351
2299 2351 2336
2172 2237 2220
2159 2172 2220
2159 2220 2203
2203 2220 2268
2159 2203 2126
2098 2159 2069
2037 2098 2011
2124 2037 2063
2063 2037 1974
2268 2220 2285
2268 2285 2325
2203 2268 2250
2126 2203 2185
2159 2126 2069
2069 2126 2044
2044 2126 2115
2069 2044 1983
2651 2663 2642
2642 2663 2653
2653 2663 2673
2642 2653 2632
2671 2679 2663
2663 2679 2673
2673 2679 2688
2479 2506 2469
2469 2506 2494
2494 2506 2529
2469 2494 2458
2516 2524 2551
1614 1665 1708
2386 2355 2405
2063 1974 2003
2529 2506 2538
2529 2538 2558
2558 2538 2567
2529 2558 2552
1427 1364 1396
1838 1750 1782
1838 1782 1870
2069 1983 2011
2011 1983 1924
1396 1337 1361
2622 2630 2642
2622 2642 2632
2622 2632 2609
2609 2632 2624
2622 2609 2597
2597 2609 2575
2622 2597 2607
2575 2609 2600
2597 2575 2569
2044 2115 2029
2142 2181 2222
1974 2037 1952
2458 2494 2482
1385 1427 1451
2485 2508 2457
2485 2457 2468
2115 2126 2185
2115 2185 2169
2169 2185 2232
2115 2169 2090
2494 2529 2520
1983 2044 1963
2107 2142 2046
1975 1886 1925
2469 2458 2428
2428 2458 2415
1445 1373 1385
1782 1699 1736
1782 1736 1816
2597 2569 2581
2581 2569 2556
2556 2569 2542
1631 1721 1685
1631 1685 1582
2325 2285 2336
2336 2285 2299
2325 2336 2371
2371 2336 2381
2325 2371 2360
2552 2558 2583
2115 2090 2029
2029 2090 2005
2005 2090 2068
2029 2005 1941
2068 2090 2154
2005 2068 1985
1941 2005 1918
2029 1941 1963
1963 1941 1877
2294 2316 2353
1676 1614 1708
1676 1708 1757
1757 1708 1791
1676 1757 1721
1721 1757 1800
1791 1708 1745
1757 1791 1845
1800 1757 1845
1721 1800 1766
1800 1845 1889
1766 1800 1853
1721 1766 1685
1685 1766 1736
1736 1766 1816
1685 1736 1644
2567 2538 2551
2567 2551 2584
2169 2232 2221
2543 2542 2575
2365 2351 2314
2365 2314 2333
2575 2600 2571
2351 2399 2381
2351 2381 2336
2381 2399 2428
2268 2325 2305
2232 2185 2250
2232 2250 2293
2529 2552 2520
2520 2552 2544
2544 2552 2572
2520 2544 2509
2572 2552 2583
2572 2583 2606
2544 2572 2577
2509 2544 2540
2520 2509 2482
2482 2509 2474
2600 2609 2624
2600 2624 2614
2614 2624 2641
2600 2614 2584
2513 2543 2524
2524 2543 2551
1925 1838 1870
2558 2567 2586
2090 2169 2154
2154 2169 2221
2154 2221 2207
2569 2575 2542
2437 2410 2457
2011 1924 1952
2011 1952 2037
1952 1924 1865
1865 1924 1839
1952 1865 1895
1877 1941 1857
2175 2127 2195
2195 2127 2142
2415 2458 2448
2256 2278 2314
1889 1845 1932
2220 2237 2285
2474 2509 2501
2522 2556 2542
1782 1816 1870
1870 1816 1909
2293 2250 2305
2305 2250 2268
2293 2305 2346
2346 2305 2360
2293 2346 2339
2346 2360 2391
1499 1461 1536
2567 2584 2595
2207 2221 2270
2151 2124 2063
1925 1870 1951
2428 2415 2381
2325 2360 2305
2482 2474 2448
2482 2448 2458
2448 2474 2433
2433 2474 2463
2448 2433 2407
2371 2381 2415
2371 2415 2407
2407 2415 2448
2232 2293 2277
1417 1499 1425
1800 1889 1853
2488 2466 2513
2365 2383 2412
1975 1925 2031
1963 1877 1896
2099 2063 2003
2360 2371 2407
2360 2407 2391
1924 1983 1896
1924 1896 1839
2154 2207 2134
2127 2099 2041
2584 2551 2571
2442 2469 2428
2270 2221 2277
2277 2221 2232
2270 2277 2324
2324 2277 2339
2270 2324 2309
2324 2339 2372
2134 2207 2188
2309 2324 2362
2270 2309 2255
1451 1427 1500
2509 2540 2501
2501 2540 2526
2526 2540 2561
2501 2526 2492
2492 2526 2518
2501 2492 2463
2518 2526 2547
2518 2547 2528
2518 2528 2493
2493 2528 2511
2518 2493 2492
2098 2069 2011
1396 1361 1428
2540 2544 2577
2558 2586 2583
1361 1337 1301
2571 2600 2584
1983 1963 1896
1952 1895 1974
1974 1895 1922
1922 1895 1821
1974 1922 2003
2003 1922 1950
1821 1895 1808
1922 1821 1855
1950 1922 1855
2003 1950 2041
1950 1855 1891
1891 1855 1803
1950 1891 1971
1803 1855 1734
1891 1803 1840
1971 1891 1929
1950 1971 2041
1808 1895 1865
1808 1865 1781
1781 1865 1839
1781 1839 1755
1808 1781 1723
1755 1839 1814
1781 1755 1688
1781 1688 1723
1814 1839 1896
1814 1896 1877
1755 1814 1735
1855 1821 1734
1891 1840 1929
1735 1814 1792
1821 1808 1723
1840 1803 1741
1971 1929 2046
1971 2046 2041
1755 1735 1661
1661 1735 1629
1755 1661 1688
1708 1665 1745
1745 1665 1703
1703 1665 1597
1703 1597 1662
1745 1703 1789
1662 1597 1536
1703 1662 1747
1789 1703 1747
1789 1747 1833
1833 1747 1795
1789 1833 1876
1745 1789 1828
1747 1662 1712
1795 1747 1712
1795 1712 1759
1759 1712 1675
1795 1759 1846
1876 1833 1923
1745 1828 1791
1791 1828 1883
1883 1828 1917
1791 1883 1845
1845 1883 1932
1932 1883 1967
1967 1883 1917
1967 1917 2007
1932 1967 2019
2007 1917 1958
1967 2007 2052
1917 1828 1876
1917 1876 1958
1958 1876 1923
1958 1923 2010
2010 1923 1968
1958 2010 2042
1876 1828 1789
2010 1968 2053
1958 2042 2007
2007 2042 2096
2096 2042 2128
2007 2096 2052
2052 2096 2125
2125 2096 2191
2125 2191 2176
2125 2176 2105
2052 2125 2105
2105 2176 2163
2105 2163 2077
2128 2042 2083
2096 2128 2191
1968 1923 1881
2042 2010 2083
2083 2010 2053
2083 2053 2148
2148 2053 2114
2083 2148 2168
2077 2163 2149
2114 2053 2025
2168 2148 2244
2105 2077 2019
2105 2019 2052
2052 2019 1967
2148 2114 2187
2083 2168 2128
2128 2168 2210
1968 1881 1926
2053 1968 2025
1881 1923 1833
1881 1833 1795
1881 1795 1846
1932 2019 1979
1675 1712 1618
2148 2187 2244
1979 2019 2077
1759 1675 1722
2114 2025 2089
1932 1979 1889
1712 1662 1618
1618 1662 1536
1618 1536 1547
1547 1536 1461
1618 1547 1675
1846 1759 1801
2187 2114 2167
1968 1926 2025
1918 2005 1985
2041 2099 2003
2632 2653 2644
1951 1870 1909
2494 2520 2482
2433 2463 2424
1985 2068 2054
1909 1816 1853
1853 1816 1766
1909 1853 1942
1926 1881 1846
1926 1846 1887
1887 1846 1801
1926 1887 1976
1887 1801 1856
1976 1887 1947
1926 1976 2025
2025 1976 2089
1856 1801 1767
1887 1856 1947
1767 1801 1722
1767 1722 1686
1856 1767 1820
1686 1722 1628
1767 1686 1738
1976 1947 2033
1820 1767 1738
1820 1738 1787
1787 1738 1704
1820 1787 1874
1856 1820 1906
1787 1704 1771
1820 1874 1906
1906 1874 1964
1964 1874 1946
1906 1964 2024
1704 1738 1651
1874 1787 1841
2107 2046 2028
2339 2346 2382
2463 2474 2501
2203 2250 2185
2595 2584 2614
1385 1451 1445
2207 2270 2255
2653 2673 2664
2068 2154 2134
2068 2134 2054
2054 2134 2120
2120 2134 2188
2120 2188 2179
2054 2120 2040
2179 2188 2241
2120 2179 2110
2241 2188 2255
2241 2255 2301
2301 2255 2309
2241 2301 2291
2179 2241 2234
2110 2179 2171
2120 2110 2040
2040 2110 2027
2027 2110 2101
2040 2027 1960
2291 2301 2345
2101 2110 2171
2101 2171 2166
2166 2171 2227
2101 2166 2084
1960 2027 1943
2241 2291 2234
2234 2291 2281
2281 2291 2335
2234 2281 2227
2227 2281 2276
2335 2291 2345
2335 2345 2380
2380 2345 2390
2335 2380 2377
2276 2281 2326
2227 2276 2216
2281 2335 2326
2390 2345 2347
2380 2390 2422
2377 2380 2435
2335 2377 2326
2326 2377 2368
2368 2377 2418
2326 2368 2318
2318 2368 2361
2326 2318 2276
2276 2318 2269
2269 2318 2311
2276 2269 2216
2216 2269 2208
2208 2269 2258
2216 2208 2152
2027 2101 2017
2040 1960 1973
2227 2171 2234
2084 2166 2152
2152 2166 2216
2084 2152 2070
2216 2166 2227
2070 2152 2146
2084 2070 2001
2146 2152 2208
2146 2208 2205
2205 2208 2258
2205 2258 2254
2146 2205 2138
2254 2258 2319
2205 2254 2193
2070 2146 2065
2084 2001 2017
2017 2001 1936
2084 2017 2101
1936 2001 1919
2017 1936 1943
1943 1936 1860
1860 1936 1852
1943 1860 1875
2146 2138 2065
2065 2138 2043
2043 2138 2133
2065 2043 1946
2001 2070 1992
2138 2205 2193
2138 2193 2133
2133 2193 2194
2194 2193 2267
2133 2194 2113
2267 2193 2254
2267 2254 2343
2194 2267 2252
2113 2194 2186
2133 2113 2024
2319 2258 2311
2319 2311 2378
1919 2001 1992
1919 1992 1946
1875 1860 1793
1852 1936 1919
1852 1919 1847
1847 1919 1946
1852 1847 1772
1772 1847 1771
1852 1772 1783
2254 2319 2343
1943 1875 1960
1960 1875 1888
1860 1852 1783
1860 1783 1793
1793 1783 1717
1717 1783 1709
1793 1717 1730
2043 2133 2024
2311 2318 2361
2311 2361 2378
2378 2361 2398
2398 2361 2368
1888 1875 1806
2269 2311 2258
1960 1888 1973
2054 2040 1973
2054 1973 1985
1985 1973 1900
1900 1973 1888
1900 1888 1824
1985 1900 1918
1824 1888 1806
1824 1806 1743
1900 1824 1844
1743 1806 1730
1824 1743 1763
1844 1824 1763
1900 1844 1918
1918 1844 1857
1743 1730 1659
1844 1763 1779
1857 1844 1779
1857 1779 1792
1918 1857 1941
1779 1763 1706
1792 1779 1707
1707 1779 1706
1707 1706 1584
1792 1707 1735
1763 1743 1681
1659 1730 1641
1743 1659 1681
1681 1659 1580
1580 1659 1566
1681 1580 1584
1706 1763 1681
1706 1681 1584
2171 2179 2234
2380 2422 2435
2027 2017 1943
1992 2070 2065
2113 2186 2089
1709 1783 1772
1709 1772 1697
1697 1772 1771
1709 1697 1626
1697 1771 1704
1626 1697 1609
1709 1626 1638
1609 1697 1704
1626 1609 1532
1638 1626 1548
2345 2301 2347
2347 2301 2309
2347 2309 2362
1580 1566 1475
2390 2347 2393
2252 2267 2323
1793 1730 1806
1793 1806 1875
1641 1730 1717
1709 1638 1717
1717 1638 1641
1641 1638 1556
1556 1638 1548
1556 1548 1482
1482 1548 1479
1556 1482 1494
1479 1548 1532
1479 1532 1471
1471 1532 1528
1479 1471 1415
1482 1479 1414
1494 1482 1412
1556 1494 1566
1528 1532 1609
1528 1609 1608
1608 1609 1704
1528 1608 1551
1471 1528 1468
1415 1471 1428
1428 1471 1468
1428 1468 1396
1479 1415 1414
1414 1415 1367
1367 1415 1361
1414 1367 1354
1566 1494 1475
1551 1608 1651
1651 1608 1704
1528 1551 1468
1468 1551 1500
1482 1414 1412
1641 1556 1566
1641 1566 1659
2194 2252 2186
2422 2390 2439
2641 2624 2644
2641 2644 2670
2293 2339 2277
1597 1563 1499
2127 2041 2046
2046 2142 2127
2575 2571 2543
2586 2567 2595
2586 2595 2611
2611 2595 2618
2586 2611 2621
2618 2595 2614
2618 2614 2641
2611 2618 2634
1499 1536 1597
1963 2044 2029
1925 1951 2031
2624 2632 2644
2516 2551 2538
2407 2433 2391
2391 2433 2424
2391 2424 2382
2382 2424 2414
2391 2382 2346
2414 2424 2454
2382 2414 2372
2372 2414 2408
2408 2414 2450
2372 2408 2362
2372 2362 2324
2454 2424 2463
2454 2463 2492
2414 2454 2450
2450 2454 2493
2362 2408 2393
2362 2393 2347
2408 2450 2431
2592 2577 2572
2592 2572 2606
2664 2673 2681
2664 2681 2670
2390 2393 2439
2303 2283 2249
2249 2283 2224
2224 2283 2266
2224 2266 2187
2224 2187 2167
2224 2167 2186
1722 1675 1628
1856 1906 1947
2688 2681 2673
1792 1814 1877
1792 1877 1857
2456 2435 2422
2456 2422 2473
1801 1759 1722
1841 1787 1771
2720 2712 2705
2372 2339 2382
2229 2210 2168
2229 2168 2244
1428 1361 1415
2024 1964 2043
2646 2634 2618
2111 2103 2031
1738 1686 1651
1651 1686 1586
1586 1686 1628
1651 1586 1551
1586 1628 1529
1529 1628 1547
1586 1529 1500
2378 2359 2319
1548 1626 1532
2728 2724 2721
2266 2244 2187
1451 1500 1529
2561 2547 2526
2670 2659 2641
2130 2118 2021
2021 2118 2031
2130 2021 2048
2048 2021 1942
2130 2048 2149
2149 2048 2077
2418 2398 2368
2303 2249 2252
2252 2249 2186
2186 2249 2224
2707 2700 2694
2694 2700 2688
2431 2450 2471
2491 2473 2439
2621 2606 2583
2093 2009 2032
2093 2032 2103
2033 1947 2024
2343 2323 2267
2577 2561 2540
1500 1427 1468
1942 1853 1889
2167 2114 2089
2435 2418 2377
1874 1841 1946
1946 1841 1847
1847 1841 1771
2712 2707 2701
2210 2191 2128
2644 2653 2664
2511 2491 2471
2471 2491 2439
2511 2471 2493
1906 2024 1947
2634 2621 2611
2359 2343 2319
2408 2431 2393
1964 1946 2043
2422 2439 2473
2659 2646 2641
2118 2111 2031
1909 1942 2021
2188 2207 2255
1975 2031 2103
2086 2078 1991
1976 2033 2089
2089 2033 2113
2323 2303 2252
1951 1909 2021
1628 1675 1547
2031 1951 2021
1942 1889 1979
2439 2393 2431
2167 2089 2186
2644 2664 2670
1929 1840 1901
2583 2586 2621
2454 2492 2493
1475 1494 1412
2543 2571 2551
1992 2065 1946
1461 1445 1547
2077 2048 1979
1735 1707 1629
1629 1707 1584
1942 1979 2048
2439 2431 2471
2471 2450 2493
2033 2024 2113
1354 1367 1292
1500 1551 1586
1716 1741 1803
1716 1803 1734
1427 1396 1468
1723 1734 1821
1529 1547 1445
1529 1445 1451
1840 1741 1809
1929 1901 2028
1525 1584 1580
1525 1580 1475
1354 1412 1414
1809 1901 1840
1273 1247 1301
1301 1247 1292
1273 1301 1337
1361 1301 1367
2618 2641 2646
1292 1367 1301
2046 1929 2028
1593 1585 1648
1143 1122 1128
1578 1567 1624
1169 1143 1175
1585 1578 1635
1192 1169 1201
1567 1558 1613
1217 1192 1224
1558 1546 1598
1259 1239 1270
1239 1217 1249
1546 1531 1591
1531 1519 1574
1278 1259 1293
1519 1511 1559
1511 1501 1544
1314 1297 1330
1297 1278 1305
1501 1484 1526
1332 1314 1349
1484 1472 1510
1472 1456 1503
1368 1351 1382
1351 1332 1369
1456 1443 1481
1443 1434 1469
1399 1381 1416
1381 1368 1406
1434 1411 1452
1411 1399 1439
1696 1648 1679
1128 1137 1163
1744 1696 1718
1137 1152 1180
1797 1744 1769
1175 1143 1128
1635 1578 1624
1635 1624 1700
1201 1169 1175
1201 1175 1216
1585 1635 1648
1192 1201 1224
1224 1201 1258
1624 1567 1613
1624 1613 1700
1613 1558 1598
1613 1598 1677
1217 1224 1249
1249 1224 1258
1598 1546 1591
1598 1591 1677
1239 1249 1270
1270 1249 1312
1259 1270 1293
1293 1270 1312
1591 1531 1574
1591 1574 1639
1574 1519 1559
1574 1559 1639
1559 1511 1544
1559 1544 1602
1305 1278 1293
1305 1293 1348
1297 1305 1330
1330 1305 1348
1544 1501 1526
1544 1526 1602
1314 1330 1349
1349 1330 1394
1526 1484 1510
1526 1510 1575
1510 1472 1503
1510 1503 1575
1369 1332 1349
1369 1349 1394
1351 1369 1382
1382 1369 1431
1503 1456 1481
1503 1481 1537
1368 1382 1406
1406 1382 1431
1481 1443 1469
1481 1469 1537
1469 1434 1452
1469 1452 1508
1416 1381 1406
1416 1406 1478
1399 1416 1439
1439 1416 1478
1452 1411 1439
1452 1439 1508
1848 1797 1819
1152 1160 1188
1679 1648 1635
1679 1635 1700
1696 1679 1718
1718 1679 1700
1902 1848 1880
1160 1178 1200
1163 1137 1180
1163 1180 1216
1128 1163 1175
1175 1163 1216
1178 1190 1220
1744 1718 1769
1769 1718 1700
1966 1902 1938
1180 1152 1188
1180 1243 1216
1797 1769 1819
1819 1769 1813
2030 1966 1995
1190 1210 1240
1188 1160 1200
1188 1200 1243
2092 2030 2058
1210 1227 1254
1848 1819 1880
1880 1819 1813
1902 1880 1938
1938 1880 1931
1200 1178 1220
1200 1220 1243
2156 2092 2123
1227 1244 1275
1220 1190 1240
1220 1240 1274
1966 1938 1995
1995 1938 1931
2211 2156 2184
1244 1266 1295
2030 1995 2058
2058 1995 2051
1240 1210 1254
1240 1254 1274
2262 2211 2236
1266 1287 1317
1613 1677 1700
1591 1639 1677
1258 1201 1216
1559 1602 1639
1312 1249 1258
1348 1293 1312
1526 1575 1602
1503 1537 1575
1394 1330 1348
1431 1369 1394
1469 1508 1537
1478 1406 1431
1439 1478 1508
2092 2058 2123
2123 2058 2051
2310 2262 2288
1254 1227 1275
1254 1275 1309
1287 1307 1346
2357 2310 2331
2156 2123 2184
2184 2123 2158
1275 1244 1295
1275 1295 1328
2402 2357 2374
1307 1334 1365
2211 2184 2236
2236 2184 2213
1295 1266 1317
1295 1317 1342
1334 1356 1392
1813 1769 1700
1188 1243 1180
2441 2402 2421
1931 1880 1813
1220 1274 1243
2262 2236 2288
2288 2236 2264
2051 1995 1931
1317 1287 1346
1317 1346 1372
1309 1275 1328
1309 1328 1363
1254 1309 1274
2158 2123 2051
2184 2158 2213
2213 2158 2182
1363 1328 1386
1309 1363 1336
1356 1390 1418
1328 1295 1342
1328 1342 1386
1386 1342 1372
1372 1342 1317
2182 2158 2108
2213 2182 2248
2236 2213 2264
2264 2213 2248
2264 2248 2307
2478 2441 2462
2288 2264 2321
2307 2248 2290
2264 2307 2321
2321 2307 2364
2364 2307 2338
2321 2364 2374
2310 2288 2331
2331 2288 2321
2331 2321 2374
2331 2374 2357
1346 1307 1365
1346 1365 1400
1372 1346 1400
1372 1400 1438
1400 1365 1429
1438 1400 1459
1372 1438 1386
2402 2374 2421
2421 2374 2406
1365 1334 1392
1365 1392 1429
1429 1392 1454
1454 1392 1418
1454 1418 1485
1418 1392 1356
1485 1418 1441
1454 1485 1521
1429 1454 1497
2406 2374 2364
2421 2406 2446
1390 1423 1441
1441 1423 1498
1390 1441 1418
1498 1423 1457
1441 1498 1485
2732 2729 2731
2731 2729 2726
2726 2729 2725
2726 2725 2722
2722 2725 2717
2722 2717 2711
2726 2722 2727
2731 2726 2727
2727 2722 2723
2711 2717 2709
2711 2709 2702
2722 2711 2716
2702 2709 2696
2702 2696 2687
2711 2702 2708
2687 2696 2683
2687 2683 2674
2702 2687 2695
2674 2683 2666
2674 2666 2655
2687 2674 2682
2655 2666 2648
2655 2648 2636
2674 2655 2665
2636 2648 2626
2636 2626 2613
2655 2636 2647
2613 2626 2602
2613 2602 2589
2636 2613 2625
2589 2602 2578
2589 2578 2562
2613 2589 2601
2562 2578 2550
2562 2550 2532
2589 2562 2574
2532 2550 2515
2532 2515 2497
2562 2532 2548
2497 2515 2478
2497 2478 2462
2497 2462 2481
2532 2497 2514
2481 2462 2446
2446 2462 2421
2481 2446 2465
2421 2462 2441
2497 2481 2514
2514 2481 2500
2500 2481 2465
2500 2465 2486
2514 2500 2535
2465 2446 2423
2486 2465 2447
2500 2486 2523
2338 2307 2290
2338 2290 2317
2317 2290 2260
2338 2317 2370
2364 2338 2387
1363 1386 1426
1336 1363 1395
1309 1336 1274
2108 2158 2051
2248 2182 2223
2722 2716 2723
2182 2108 2143
2716 2711 2708
2716 2708 2715
1521 1485 1564
1454 1521 1497
1497 1521 1576
1576 1521 1619
1497 1576 1533
2290 2248 2223
2708 2702 2695
2708 2695 2703
2260 2290 2223
2260 2223 2196
2196 2223 2143
2260 2196 2239
2370 2317 2354
2317 2260 2295
2338 2370 2387
2387 2370 2411
2411 2370 2395
2387 2447 2423
2715 2708 2703
2715 2703 2713
2716 2715 2723
1400 1429 1459
1459 1429 1497
1438 1459 1507
2695 2687 2682
2695 2682 2690
2395 2370 2354
2395 2354 2384
2384 2354 2334
2395 2384 2427
2411 2395 2438
2682 2674 2665
2682 2665 2675
2384 2334 2366
2395 2427 2438
2438 2427 2467
2467 2427 2453
2438 2467 2477
2334 2354 2295
2427 2384 2413
2535 2500 2523
2514 2535 2548
2548 2535 2565
2514 2548 2532
2565 2535 2555
2548 2565 2574
2574 2565 2593
2548 2574 2562
2593 2565 2580
2574 2593 2601
2601 2593 2616
2574 2601 2589
2616 2593 2604
2601 2616 2625
2625 2616 2638
2601 2625 2613
2638 2616 2628
2625 2638 2647
2647 2638 2657
2625 2647 2636
2657 2638 2650
2647 2657 2665
2665 2657 2675
2675 2657 2667
2647 2665 2655
2667 2657 2650
2667 2650 2660
2675 2667 2684
2660 2650 2639
2667 2660 2678
2703 2695 2690
2703 2690 2697
2423 2446 2406
2423 2406 2364
2465 2423 2447
2580 2565 2555
2580 2555 2568
2568 2555 2537
2580 2568 2596
2593 2580 2604
2604 2580 2596
2604 2596 2619
2619 2596 2608
2604 2619 2628
2628 2619 2639
2639 2619 2631
2628 2639 2650
2604 2628 2616
2631 2619 2608
2631 2608 2623
2639 2631 2652
2628 2650 2638
2623 2608 2598
2631 2623 2643
2652 2631 2643
2639 2652 2660
2660 2652 2672
2672 2652 2662
2660 2672 2678
2678 2672 2689
2652 2643 2662
2662 2643 2654
2654 2643 2635
2662 2654 2669
2669 2654 2658
2672 2662 2680
2635 2643 2623
2635 2623 2612
2612 2623 2598
2635 2612 2629
2612 2598 2582
2582 2598 2563
2612 2582 2599
2654 2635 2658
2629 2612 2599
2635 2629 2658
2453 2427 2413
2453 2413 2443
2443 2413 2400
2453 2443 2480
2667 2678 2684
2684 2678 2693
2693 2678 2689
2684 2693 2697
2477 2467 2503
2467 2453 2489
2690 2682 2675
2690 2675 2684
2438 2477 2447
2555 2535 2523
2555 2523 2537
2537 2523 2504
2504 2523 2486
2504 2486 2477
2504 2477 2503
2537 2504 2534
2598 2608 2585
1605 1672 1701
2400 2413 2366
2400 2366 2352
1835 1892 1921
2480 2443 2470
1505 1549 1588
1955 2014 2079
1726 1777 1804
1457 1505 1534
1892 1955 1978
1672 1726 1753
2443 2400 2429
1549 1605 1649
1777 1835 1864
2014 2073 2075
2014 2075 2079
2453 2480 2489
2489 2480 2517
2517 2480 2507
2489 2517 2525
2486 2447 2477
2260 2239 2295
2295 2239 2279
2279 2239 2219
2295 2279 2334
2219 2239 2174
2279 2219 2257
2334 2279 2315
2239 2196 2174
2174 2196 2121
2121 2196 2143
2174 2121 2097
2121 2143 2057
2097 2121 2036
2174 2097 2155
2057 2143 2108
2121 2057 2036
2036 2057 1972
1972 2057 2006
2036 1972 1954
2006 2057 2108
1972 2006 1915
1954 1972 1867
2036 1954 2022
2507 2480 2470
2507 2470 2495
2495 2470 2459
2507 2495 2530
2517 2507 2539
2525 2517 2549
2489 2525 2503
2503 2525 2534
1619 1521 1564
1619 1564 1663
1663 1564 1592
1619 1663 1714
1533 1576 1632
2697 2690 2684
1576 1619 1680
1497 1533 1459
1459 1533 1507
1507 1533 1589
2703 2697 2713
1426 1386 1450
2530 2495 2521
1395 1363 1426
2459 2470 2429
2459 2429 2416
2364 2387 2423
1336 1395 1360
2507 2530 2539
2539 2530 2559
2559 2530 2553
2539 2559 2570
2495 2459 2483
2223 2182 2143
1589 1533 1632
1589 1632 1689
1689 1632 1725
1589 1689 1668
1507 1589 1553
1564 1485 1498
2563 2598 2585
2563 2585 2557
2557 2585 2568
2557 2568 2537
2557 2537 2534
2557 2534 2563
2568 2585 2596
2596 2585 2608
2599 2582 2570
2570 2559 2587
2582 2563 2549
2553 2530 2521
2553 2521 2545
2545 2521 2510
2553 2545 2573
2559 2553 2588
2539 2570 2549
2549 2570 2582
2354 2317 2295
2352 2366 2315
2315 2366 2334
2573 2545 2576
2400 2352 2388
2510 2521 2483
2510 2483 2475
2545 2510 2541
2553 2573 2588
2588 2573 2605
2534 2525 2563
1714 1663 1748
1592 1564 1498
1438 1507 1450
2503 2534 2504
1619 1714 1680
1680 1714 1761
1761 1714 1815
1680 1761 1725
1663 1592 1698
2411 2438 2447
2411 2447 2387
2257 2219 2189
1972 1915 1867
2036 2022 2097
2097 2022 2076
2076 2022 1993
2097 2076 2155
2155 2076 2135
2135 2076 2049
2155 2135 2189
2189 2135 2180
2155 2189 2219
2155 2219 2174
2180 2135 2106
2189 2180 2242
2106 2135 2049
2106 2049 2023
2023 2049 1965
2106 2023 2082
2180 2106 2161
2242 2180 2233
2189 2242 2257
2257 2242 2300
2300 2242 2284
2257 2300 2315
2315 2300 2352
2352 2300 2328
2328 2300 2284
2328 2284 2297
2352 2328 2388
2297 2284 2233
2233 2284 2242
2328 2297 2363
2363 2297 2349
2328 2363 2388
1993 2022 1945
2076 1993 2049
2049 1993 1965
1965 1993 1904
1904 1993 1945
1904 1945 1863
1965 1904 1882
1863 1954 1867
1904 1863 1823
1823 1863 1764
1904 1823 1882
1882 1823 1798
1798 1823 1739
1882 1798 1859
1965 1882 1939
2023 1965 1939
2023 1939 1997
1997 1939 1910
2023 1997 2082
2106 2082 2161
2161 2082 2141
2141 2082 2055
2161 2141 2226
1739 1823 1764
1739 1764 1684
1684 1764 1711
1739 1684 1652
1859 1798 1773
2055 2082 1997
2055 1997 1970
1970 1997 1910
2055 1970 2035
2226 2141 2204
1798 1739 1715
1882 1859 1939
1939 1859 1910
1910 1859 1825
1825 1859 1773
1825 1773 1746
1910 1825 1885
1746 1773 1692
1825 1746 1810
1692 1773 1715
1692 1715 1627
1627 1715 1652
1627 1652 1537
1692 1627 1595
1652 1715 1739
1746 1692 1666
1810 1746 1733
1825 1810 1885
1885 1810 1872
1872 1810 1790
1885 1872 1957
1790 1810 1733
1790 1733 1713
1713 1733 1645
1790 1713 1774
1872 1790 1850
1957 1872 1940
1885 1957 1970
1970 1957 2035
2035 1957 2012
1885 1970 1910
2012 1957 1940
2012 1940 2000
2035 2012 2102
2000 1940 1914
2012 2000 2081
1914 1940 1850
1914 1850 1834
1834 1850 1774
1774 1850 1790
1834 1774 1756
1914 1834 1899
1756 1774 1693
1834 1756 1817
2000 1914 1977
2081 2000 2066
2012 2081 2102
2102 2081 2165
2165 2081 2145
2102 2165 2173
2145 2081 2066
2145 2066 2129
2129 2066 2047
2145 2129 2201
2165 2145 2215
2173 2165 2230
2102 2173 2116
2047 2066 1977
2129 2047 2117
2201 2129 2192
2145 2201 2215
2215 2201 2261
2261 2201 2251
2215 2261 2274
1595 1627 1508
1645 1733 1666
2261 2251 2308
1692 1595 1666
1666 1595 1565
1565 1595 1478
1666 1565 1645
1774 1713 1693
1693 1713 1625
1625 1713 1645
1693 1625 1601
1625 1645 1552
1552 1645 1565
1552 1565 1502
1625 1552 1527
1502 1565 1478
1502 1478 1431
1502 1431 1483
1483 1431 1394
1502 1483 1552
1552 1483 1527
1527 1483 1460
1460 1483 1394
1527 1460 1516
1601 1625 1527
1693 1601 1683
2215 2274 2230
2230 2274 2286
2141 2055 2116
2116 2055 2035
2116 2035 2102
2274 2261 2313
2161 2226 2233
2251 2201 2192
2251 2192 2240
2240 2192 2178
2251 2240 2298
1914 1899 1977
1977 1899 1969
1969 1899 1884
1977 1969 2047
2047 1969 2038
1884 1899 1817
1884 1817 1802
1802 1817 1740
1884 1802 1878
1969 1884 1953
1527 1516 1601
1899 1834 1817
1516 1460 1449
2178 2192 2117
2178 2117 2109
2240 2178 2231
2298 2240 2292
2251 2298 2308
2308 2298 2348
2348 2298 2344
2308 2348 2356
2233 2180 2161
1817 1756 1740
1756 1693 1683
1756 1683 1740
1740 1683 1654
1654 1683 1581
1740 1654 1724
1711 1764 1794
2047 2038 2117
2117 2038 2109
1884 1878 1953
1953 1878 1948
1948 1878 1861
1953 1948 2026
1861 1878 1796
1948 1861 1935
2026 1948 2018
1953 2026 2038
2038 2026 2109
2109 2026 2095
2095 2026 2018
2095 2018 2085
2085 2018 2002
2095 2085 2162
2109 2095 2170
2002 2018 1935
2002 1935 1927
1927 1935 1851
2002 1927 1999
2085 2002 2071
2162 2085 2160
2095 2162 2170
2170 2162 2225
2225 2162 2217
2170 2225 2231
2217 2162 2160
2217 2160 2214
2214 2160 2147
2217 2214 2273
2225 2217 2275
2147 2160 2071
2147 2071 2067
2214 2147 2206
2273 2214 2272
2217 2273 2275
2275 2273 2329
2329 2273 2312
2275 2329 2332
2312 2273 2272
2312 2272 2342
2329 2312 2379
2332 2329 2397
2275 2332 2280
2308 2356 2313
2313 2356 2367
1652 1684 1575
1575 1684 1602
1802 1740 1724
2348 2344 2401
1684 1711 1602
1602 1711 1639
2344 2298 2292
2344 2292 2340
2340 2292 2280
2344 2340 2385
2038 1969 1953
1878 1802 1796
1796 1802 1724
2356 2348 2392
2385 2340 2375
2344 2385 2401
2401 2385 2436
2349 2297 2296
1851 1935 1861
1999 1927 1920
2067 2071 1999
1999 2071 2002
2067 1999 1989
1989 1999 1920
1989 1920 1913
1913 1920 1843
1989 1913 1988
2067 1989 2062
1913 1843 1832
1989 1988 2062
2062 1988 2061
2061 1988 1980
2062 2061 2136
1843 1920 1849
1988 1913 1912
1980 1988 1912
1980 1912 1903
1903 1912 1830
1980 1903 1982
2061 1980 2056
2136 2061 2139
2062 2136 2140
1830 1912 1832
1830 1832 1760
1903 1830 1826
1982 1903 1908
1980 1982 2056
2056 1982 2059
2059 1982 1981
2056 2059 2132
1981 1982 1908
1981 1908 1907
1907 1908 1829
1981 1907 1984
2059 1981 2060
2132 2059 2137
2056 2132 2139
2139 2132 2199
1760 1832 1762
1829 1908 1826
1829 1826 1758
1984 1907 1905
1830 1760 1754
1907 1829 1831
1981 1984 2060
2060 1984 2064
2064 1984 1990
2060 2064 2153
1990 1984 1905
1990 1905 1916
1916 1905 1815
1990 1916 1998
2064 1990 2080
2153 2064 2144
2060 2153 2137
2137 2153 2243
2363 2349 2396
1927 1851 1849
1849 1851 1775
1927 1849 1920
1775 1851 1780
1849 1775 1776
1780 1851 1861
1775 1780 1705
1776 1775 1702
1849 1776 1843
1843 1776 1762
1762 1776 1691
2147 2067 2140
2140 2067 2062
2147 2140 2206
1764 1863 1794
1794 1863 1867
2066 2000 1977
2199 2132 2197
1746 1666 1733
1654 1581 1561
1998 1916 1928
1581 1683 1601
1581 1601 1516
1581 1516 1512
1512 1516 1449
1581 1512 1561
1561 1512 1495
1495 1512 1442
1561 1495 1560
1442 1512 1449
1442 1449 1389
1389 1449 1407
1442 1389 1388
1495 1442 1432
1560 1495 1487
1561 1560 1646
1407 1449 1460
1389 1407 1348
1348 1407 1394
1394 1407 1460
1388 1389 1312
1442 1388 1432
1432 1388 1377
1377 1388 1324
1432 1377 1433
1324 1388 1312
1377 1324 1323
1433 1377 1374
1432 1433 1487
1487 1433 1480
1480 1433 1413
1487 1480 1554
1487 1495 1432
1646 1560 1647
1560 1487 1554
1561 1646 1654
1654 1646 1724
1724 1646 1720
1323 1324 1277
1374 1377 1323
1413 1433 1374
1413 1374 1360
1360 1374 1320
1413 1360 1395
1320 1374 1323
1320 1323 1243
1360 1320 1336
1554 1480 1538
1480 1413 1464
2139 2199 2202
1990 1998 2080
2080 1998 2091
2091 1998 2004
2080 2091 2190
1945 2022 1954
1945 1954 1863
2178 2109 2170
2004 1998 1928
2004 1928 1937
1937 1928 1868
2004 1937 2016
2384 2366 2413
1915 2006 1931
2459 2416 2449
2416 2429 2388
2388 2429 2400
2416 2388 2363
2367 2356 2404
2313 2367 2327
2091 2004 2088
2279 2257 2315
2503 2467 2489
2165 2215 2230
1832 1843 1762
2004 2016 2088
2088 2016 2100
2100 2016 2034
2088 2100 2164
2164 2100 2150
2150 2100 2034
1872 1850 1940
1861 1796 1780
1948 1935 2018
1758 1826 1754
1754 1826 1830
1758 1754 1689
2173 2230 2245
2286 2274 2327
2286 2327 2341
2341 2327 2376
2286 2341 2304
2160 2085 2071
1815 1714 1748
1815 1748 1837
1837 1748 1788
1815 1837 1916
2129 2117 2192
1937 1868 1862
1761 1815 1831
1761 1831 1725
1913 1832 1912
1868 1928 1837
1868 1837 1788
1868 1788 1862
1829 1758 1725
2116 2173 2204
2204 2173 2245
2204 2245 2296
2230 2286 2245
2016 1937 1949
1701 1672 1753
1701 1753 1784
2510 2475 2502
2214 2206 2272
2376 2327 2367
1784 1753 1842
1804 1777 1864
1804 1864 1894
1894 1864 1961
1804 1894 1842
1842 1894 1930
1804 1842 1753
1804 1753 1726
1930 1894 1996
1842 1930 1871
2525 2549 2563
1908 1903 1826
2470 2443 2429
1864 1835 1921
1864 1921 1961
1961 1921 2008
2008 1921 1978
1978 1921 1892
2008 1978 2087
2008 2087 2094
1961 2008 2094
2140 2136 2200
2341 2376 2389
1978 1955 2079
1576 1680 1632
2292 2240 2231
1649 1605 1701
1649 1701 1737
1737 1701 1784
1737 1784 1818
1649 1737 1687
1818 1784 1871
1871 1784 1842
1818 1871 1890
1890 1871 1962
1818 1890 1873
1737 1818 1768
2204 2141 2116
2139 2061 2056
1534 1505 1588
1534 1588 1643
1643 1588 1687
1687 1588 1649
1643 1687 1742
1649 1588 1549
1742 1687 1768
1742 1768 1862
1643 1742 1698
1534 1643 1592
1768 1687 1737
1689 1725 1758
1689 1754 1668
2231 2178 2170
2517 2539 2549
2313 2261 2308
2286 2304 2245
1589 1668 1553
1553 1668 1607
1607 1668 1682
1553 1607 1523
2225 2275 2280
2225 2280 2231
2231 2280 2292
2034 2016 1949
2034 1949 1959
1959 1949 1873
2034 1959 2039
2039 1959 1962
2034 2039 2150
1725 1632 1680
1798 1715 1773
2304 2341 2350
2226 2204 2296
2136 2139 2202
1457 1534 1498
2274 2313 2327
2475 2483 2449
2449 2483 2459
2475 2449 2434
2434 2449 2396
2475 2434 2464
1788 1748 1698
1450 1386 1438
2545 2541 2576
2064 2080 2144
2385 2417 2436
1702 1775 1705
2348 2401 2392
1907 1831 1905
1554 1538 1630
2559 2588 2587
2132 2137 2197
2197 2137 2243
1480 1464 1538
2521 2495 2483
2464 2434 2425
2059 2060 2137
1323 1277 1243
2356 2392 2404
2404 2392 2440
2440 2392 2432
2404 2440 2444
2432 2392 2401
2440 2432 2472
2444 2440 2490
2404 2444 2409
2432 2401 2455
2409 2444 2451
2404 2409 2367
2367 2409 2376
2376 2409 2419
2419 2409 2451
2419 2451 2460
2460 2451 2496
2419 2460 2425
2419 2425 2389
2389 2425 2403
2403 2425 2434
2403 2434 2396
2403 2396 2349
2389 2403 2350
2496 2451 2487
2460 2496 2498
2376 2419 2389
2496 2487 2527
2460 2498 2464
2460 2464 2425
2487 2451 2444
2487 2444 2490
2498 2496 2546
2153 2144 2228
2475 2464 2502
1760 1762 1682
1523 1607 1572
1426 1450 1493
2280 2332 2340
1754 1760 1668
1507 1553 1450
1277 1324 1258
1277 1258 1216
1647 1560 1554
1553 1523 1450
1831 1829 1725
1705 1720 1647
2541 2510 2502
2541 2502 2531
2531 2502 2498
2531 2498 2546
2498 2502 2464
2541 2531 2560
1464 1413 1395
2570 2587 2599
2375 2340 2332
1711 1794 1752
1748 1663 1698
1890 1962 1959
1890 1959 1873
2091 2088 2177
1928 1916 1837
1871 1930 1962
1962 1930 2013
2013 1930 1996
1962 2013 2045
2013 1996 2104
2045 2013 2112
1962 2045 2039
2039 2045 2131
1698 1592 1643
1818 1873 1768
2202 2199 2246
1894 1961 1996
1996 1961 2094
1937 1862 1949
2140 2200 2206
2206 2200 2271
2271 2200 2253
2206 2271 2272
2253 2200 2202
2253 2202 2246
2271 2253 2322
2272 2271 2342
2199 2265 2282
2200 2136 2202
2349 2296 2350
2349 2350 2403
2449 2416 2396
2363 2396 2416
2265 2199 2197
2265 2197 2243
2560 2576 2541
1630 1538 1615
1760 1682 1668
1615 1538 1524
1630 1615 1702
1702 1615 1691
1691 1615 1572
1702 1691 1776
1762 1691 1682
1682 1691 1572
1524 1538 1464
1615 1524 1572
1572 1524 1493
1493 1524 1464
1572 1493 1523
1523 1493 1450
1426 1493 1464
2131 2150 2039
2417 2385 2375
2417 2375 2397
2669 2680 2662
2094 2104 1996
2342 2358 2312
2312 2358 2379
2620 2633 2610
2610 2633 2629
2620 2610 2588
1711 1752 1639
2190 2209 2144
2144 2209 2228
2490 2512 2487
2487 2512 2527
2706 2713 2697
2079 2087 1978
2302 2322 2253
2591 2605 2573
2591 2573 2576
2164 2177 2088
2455 2472 2432
2455 2401 2436
2689 2699 2693
2693 2699 2706
2112 2119 2045
2045 2119 2131
2379 2397 2329
2645 2658 2629
2296 2297 2226
2226 2297 2233
2228 2243 2153
2527 2546 2496
2719 2723 2715
2719 2715 2713
2282 2302 2246
2246 2302 2253
2282 2246 2199
2341 2389 2350
1572 1607 1682
2680 2689 2672
2304 2350 2296
2304 2296 2245
2104 2112 2013
2633 2645 2629
2322 2342 2271
2605 2620 2588
1752 1794 1867
2177 2190 2091
2472 2490 2440
2546 2560 2531
1554 1630 1647
2697 2693 2706
1788 1698 1742
1768 1873 1862
2629 2599 2610
1639 1752 1677
1949 1862 1873
2144 2080 2190
1905 1831 1815
2587 2588 2610
2587 2610 2599
1796 1724 1720
1720 1646 1647
1720 1705 1780
1720 1780 1796
1702 1705 1630
1630 1705 1647
1627 1537 1508
1867 1915 1827
1827 1915 1854
1867 1827 1752
1854 1915 1931
1827 1854 1770
1854 1931 1813
1770 1854 1813
1827 1770 1752
1770 1813 1700
1498 1534 1592
2375 2332 2397
1537 1652 1575
1277 1216 1243
1700 1677 1770
1770 1677 1752
1274 1336 1320
1508 1478 1595
1395 1426 1464
1389 1348 1312
1312 1258 1324
2108 2051 2006
2006 2051 1931
1862 1788 1742
1274 1320 1243

