1 1.0000000000000 1.0000000000000
2 0.9861162940142 0.9861162940142
3 1.0000000000000 0.9800000000000
4 0.9800000000000 1.0000000000000
5 0.9860753716369 0.9672075682123
6 0.9722325880284 0.9722325880284
7 0.9600000000000 1.0000000000000
8 1.0000000000000 0.9600000000000
9 0.9795127255720 0.9531357893609
10 0.9530432863216 0.9775381837494
11 0.9583488820426 0.9583488820426
12 0.9400000000000 1.0000000000000
13 1.0000000000000 0.9400000000000
14 0.9346123819982 0.9824226444171
15 0.9819941866719 0.9315016498356
16 0.9391595803357 0.9636544777636
17 0.9603740525158 0.9394441098965
18 0.9444651760568 0.9444651760568
19 0.9200000000000 1.0000000000000
20 1.0000000000000 0.9200000000000
21 0.9208590433337 0.9709205605726
22 0.9856683717247 0.9158528361802
23 0.9664099702189 0.9205771635761
24 0.9252758743499 0.9497707717778
25 0.9472064996896 0.9254372752626
26 0.9305814700709 0.9305814700710
27 1.0000000000000 0.9000000000000
28 0.9000000000000 1.0000000000000
29 0.9025499392032 0.9774373072608
30 0.9722471131406 0.9015784876671
31 0.9060865726431 0.9550763674988
32 0.9529775048282 0.9064471753005
33 0.9113921683641 0.9358870657920
34 0.9337740890355 0.9114628725372
35 0.9166977640851 0.9166977640851
36 0.9779240632094 0.8824794725571
37 0.9586078972248 0.8873667900126
38 0.8800000000000 1.0000000000000
39 1.0000000000000 0.8800000000000
40 0.8867443144789 0.9599895540151
41 0.8816097047634 0.9786373614782
42 0.8925295336621 0.9413503215916
43 0.9393589326956 0.8923907113722
44 0.8975084623783 0.9220033598062
45 0.9201593657124 0.8975204713928
46 0.8673267161571 0.9646545818350
47 0.9028140580993 0.9028140580993
48 0.9834769465834 0.8633083010359
49 0.8730948862108 0.9455356429686
50 0.9448548611709 0.8732625959326
51 0.8623476554419 0.9839754647006
52 0.9651891982338 0.8650924711815
53 0.8600000000000 1.0000000000000
54 1.0000000000000 0.8600000000000
55 0.8783191606715 0.9273089555272
56 0.9256268693850 0.8783981934593
57 0.8836247563925 0.9081196538203
58 0.9064309016471 0.8836010707768
59 0.8538954170814 0.9509068121913
60 0.8482218495830 0.9698847170572
61 0.8590569636230 0.9316499300197
62 0.8889303521135 0.8889303521135
63 0.9300569009574 0.8579730738157
64 0.8400000000000 1.0000000000000
65 1.0000000000000 0.8400000000000
66 0.8647621216905 0.9135829096200
67 0.9118283218484 0.8644494452645
68 0.9502350266380 0.8452379500328
69 0.9766912017074 0.8387749624626
70 0.8697410504067 0.8942359478345
71 0.8926349367495 0.8696964323087
72 0.8349271868837 0.9558750850756
73 0.8397235446299 0.9365134974819
74 0.8281753910739 0.9775764767841
75 0.9333653977758 0.8392969413757
76 0.9150857360576 0.8470685617736
77 0.8453929494941 0.9174008517491
78 0.8750466461277 0.8750466461277
79 0.8200000000000 1.0000000000000
80 1.0000000000000 0.8200000000000
81 0.8505517486999 0.8995415435556
82 0.8979918054616 0.8505280402325
83 0.9605884643520 0.8196880053988
84 0.9408991622690 0.8225776000625
85 0.8558573444209 0.8803522418487
86 0.8788000906343 0.8558007415488
87 0.8206866107349 0.9419079052339
88 0.9218403350760 0.8284663714859
89 0.9812193537533 0.8124108067619
90 0.8154372692195 0.9601712141153
91 0.8262588994486 0.9229222768374
92 0.8104660407574 0.9795278444565
93 0.8313321530887 0.9036645484238
94 0.9029263552048 0.8314539676811
95 0.8611629401419 0.8611629401419
96 0.8373089927185 0.8846678278070
97 0.8000000000000 1.0000000000000
98 1.0000000000000 0.8000000000000
99 0.8841339828411 0.8366229292484
100 0.9458075166338 0.8060143032189
101 0.9653220265379 0.8003281377878
102 0.9261472195999 0.8091501390092
103 0.9847144299225 0.7956737349221
104 0.8014154022500 0.9462549194898
105 0.9074993976577 0.8157777198807
106 0.8068532827300 0.9275372699631
107 0.8129697630105 0.9124332568523
108 0.7962252546237 0.9655067082371
109 0.8419736384351 0.8664685358629
110 0.8649432897288 0.8419102904590
111 0.7915988642698 0.9849207027782
112 0.8878238903109 0.8191337819329
113 0.8135569465992 0.8940271803608
114 0.8472792341561 0.8472792341561
115 0.9719099958600 0.7821968290045
116 0.8702643581330 0.8227272508923
117 0.9330162800162 0.7907583204136
118 0.9522349196610 0.7855077891462
119 0.7800000000000 1.0000000000000
120 1.0000000000000 0.7800000000000
121 0.9139136697753 0.7952896849145
122 0.7876120812886 0.9328490649750
123 0.7824464888860 0.9519770237354
124 0.8153624750204 0.8714498341462
125 0.7758966062859 0.9765156892059
126 0.8946476948316 0.8005060966428
127 0.7932330374988 0.9086961426438
128 0.8510742684997 0.8280228373422
129 0.8270758042327 0.8517728518178
130 0.8755443534293 0.8035527697265
131 0.9555853495436 0.7699059872026
132 0.8333955281703 0.8333955281703
133 0.9192590116283 0.7780490883093
134 0.9782189985518 0.7644807394547
135 0.9378909015216 0.7716812446753
136 0.8563882612761 0.8088369255859
137 0.7911352582585 0.8832514722918
138 0.7683077924600 0.9378973290947
139 0.7600000000000 1.0000000000000
140 1.0000000000000 0.7600000000000
141 0.8083190175904 0.8551978348780
142 0.8996646765186 0.7813127420076
143 0.7631201121856 0.9569567662373
144 0.7578855240361 0.9762486234532
145 0.8806922872458 0.7871095870704
146 0.7692245306049 0.9157538678680
147 0.8161249320242 0.8368461436931
148 0.8371985195395 0.8141370709829
149 0.7930697772114 0.8635005288922
150 0.7729659534352 0.8915876281976
151 0.9621253125977 0.7510339830518
152 0.8610783102120 0.7899288289103
153 0.9425825000692 0.7547451968880
154 0.9229734230999 0.7584754495110
155 0.9062722552114 0.7630180018010
156 0.8195118221845 0.8195118221845
157 0.7976223651360 0.8440615073922
158 0.8429638031322 0.7970966257942
159 0.9796933333098 0.7437476374694
160 0.8875744686835 0.7683799412230
161 0.7748644974785 0.8716876115251
162 0.7400000000000 1.0000000000000
163 1.0000000000000 0.7400000000000
164 0.8679409133864 0.7719419015405
165 0.7383714614025 0.9590923803909
166 0.7416286876934 0.9410949369886
167 0.8003225204776 0.8248174179055
168 0.8233190989937 0.8002522415362
169 0.7445526633892 0.9215264082332
170 0.7785948178364 0.8497499956377
171 0.8495653691922 0.7776833520630
172 0.9488566859683 0.7362137881466
173 0.7319628375149 0.9809237992561
174 0.9294444401130 0.7397178197114
175 0.7486756555576 0.9019666340636
176 0.9683952996853 0.7320705730384
177 0.9100769807497 0.7440334024869
178 0.8921488246461 0.7490495332765
179 0.7526920104328 0.8823846851437
180 0.9864921232097 0.7258653472002
181 0.7836588718634 0.8305468237234
182 0.8056281161986 0.8056281161987
183 0.8301304554399 0.7818921034930
184 0.8727056683483 0.7525650812373
185 0.7200000000000 1.0000000000000
186 1.0000000000000 0.7200000000000
187 0.7597930747068 0.8558444957596
188 0.7226769976450 0.9474420175822
189 0.7198494551459 0.9653359715403
190 0.8535876103185 0.7582803163223
191 0.7266246713542 0.9278914722370
192 0.7156705845049 0.9848658201522
193 0.7866359478498 0.8111308452777
194 0.8111308452776 0.7866359478498
195 0.9737658387975 0.7158331871179
196 0.7296990185232 0.9081490742618
197 0.9353911115636 0.7217988017677
198 0.7647236297549 0.8367045348568
199 0.9547810712870 0.7171827597933
200 0.9157448555861 0.7249405643879
201 0.8359091859111 0.7632286601136
202 0.7337367923901 0.8887316166022
203 0.8964460132686 0.7298615355361
204 0.9862464309667 0.7104160775530
205 0.8793454688113 0.7337631690771
206 0.7921386769288 0.7921386769288
207 0.7366079190071 0.8689661841710
208 0.7691605314022 0.8172938495551
209 0.8172938495550 0.7691605314023
210 0.8593852951962 0.7392421927331
211 0.7078465256122 0.9341054119311
212 0.7408621939236 0.8496146564464
213 0.7015743461252 0.9733339560457
214 0.7036801443975 0.9536526177500
215 0.7000000000000 1.0000000000000
216 1.0000000000000 0.7000000000000
217 0.7111073077527 0.9153047603875
218 0.8400796838273 0.7440750665583
219 0.9422215565776 0.7030289713880
220 0.9721388638756 0.6982908532601
221 0.9225670475433 0.7065873117586
222 0.7733538917717 0.7978487891996
223 0.7978487891996 0.7733538917718
224 0.7140350784746 0.8958406813750
225 0.9035694634868 0.7113281961904
226 0.7462014725995 0.8278310830807
227 0.8840429302611 0.7149257940693
228 0.7181134765292 0.8762886391147
229 0.8217452728526 0.7456176640135
230 0.7790640040426 0.7790640040426
231 0.7207862177666 0.8569106245064
232 0.8569106245064 0.7207862177666
233 0.8036627872972 0.7546729924415
234 0.7500628951794 0.8078039386140
235 0.6892237890906 0.9413530505617
236 0.6860213940112 0.9610907888079
237 0.6830844524818 0.9808220264863
238 0.6922224648514 0.9216465473513
239 0.6964413976924 0.9021771827242
240 0.7250638047584 0.8374120125791
241 0.8374120125790 0.7250638047584
242 0.6800000000000 1.0000000000000
243 1.0000000000000 0.6800000000000
244 0.9502518798524 0.6832300994336
245 0.9282870017560 0.6874498188356
246 0.9088745020240 0.6921526228635
247 0.6992046169031 0.8824625986716
248 0.8906678611776 0.6960931802589
249 0.9698441335239 0.6766357307953
250 0.7553232030874 0.7849733386463
251 0.7849733386462 0.7553232030874
252 0.7036830700214 0.8630820360731
253 0.8630820360730 0.7036830700215
254 0.7273357805783 0.8181575064328
255 0.8181575064328 0.7273357805783
256 0.7664048744635 0.7664048744635
257 0.7997018843658 0.7357868122424
258 0.7061272910221 0.8433603667869
259 0.8433603667868 0.7061272910221
260 0.6705383251866 0.9484374009180
261 0.6738027910429 0.9287224866664
262 0.6778171970252 0.9094031221579
263 0.6667618512093 0.9680276268094
264 0.7318029982206 0.7987356998326
265 0.9156651082434 0.6734289539551
266 0.9348488650419 0.6688509973090
267 0.6809507704857 0.8896735563096
268 0.9544646340926 0.6650388466299
269 0.7109597856671 0.8241088352693
270 0.8241088352693 0.7109597856671
271 0.9780159646603 0.6616606522453
272 0.8961072493236 0.6771943576112
273 0.6600000000000 1.0000000000000
274 1.0000000000000 0.6600000000000
275 0.7498356903463 0.7691895819917
276 0.7691895819916 0.7498356903463
277 0.8705001768873 0.6851439006551
278 0.6851439006551 0.8705001768873
279 0.6880983871729 0.8507517434470
280 0.8507517434469 0.6880983871730
281 0.7321279703256 0.7799076336966
282 0.7799076336966 0.7321279703256
283 0.7129193759351 0.8043977868773
284 0.8043977868773 0.7129193759352
285 0.7541607521129 0.7541607521129
286 0.6925410917121 0.8317797588562
287 0.8317797588562 0.6925410917122
288 0.6517967914735 0.9548334730556
289 0.6548718593022 0.9351220495191
290 0.6588517244944 0.9155390146592
291 0.6619781586488 0.8959277589990
292 0.6469429311222 0.9779062199216
293 0.7184366681647 0.7854713528028
294 0.7854713528028 0.7184366681647
295 0.9212365622610 0.6542925370199
296 0.9406943775125 0.6497423376960
297 0.9026116593256 0.6583034953206
298 0.6661267381394 0.8763864095215
299 0.9602931270872 0.6460079362080
300 0.7359978642905 0.7604927617183
301 0.7604927617183 0.7359978642905
302 0.8831951337021 0.6630384730288
303 0.6952718440196 0.8120152870060
304 0.8120152870060 0.6952718440197
305 0.9834938932579 0.6422813998389
306 0.6400000000000 1.0000000000000
307 1.0000000000000 0.6400000000000
308 0.8567966579926 0.6690671333501
309 0.6690671333501 0.8567966579926
310 0.7003310322856 0.7934716545407
311 0.7934716545407 0.7003310322856
312 0.7423298738959 0.7423298738959
313 0.6734554493950 0.8373166093216
314 0.8373166093216 0.6734554493950
315 0.7177304784254 0.7663199348400
316 0.7663199348400 0.7177304784255
317 0.6402085402515 0.9227556743766
318 0.6363737671983 0.9421793598036
319 0.6324648256454 0.9648206033754
320 0.6433104242435 0.9030065778937
321 0.6300000000000 0.9826794919243
322 0.9278363492962 0.6354742284926
323 0.6760880607344 0.8174992467566
324 0.8174992467566 0.6760880607344
325 0.9082776584712 0.6393656983885
326 0.6465030516073 0.8832719477550
327 0.9471320912664 0.6310131412614
328 0.7247589502384 0.7484802622840
329 0.7484802622840 0.7247589502385
330 0.8888509261595 0.6438699182355
331 0.7031732884279 0.7738823600535
332 0.7738823600535 0.7031732884279
333 0.9667301415959 0.6270849599872
334 0.8637334675824 0.6506091269467
335 0.6504683036157 0.8640205492398
336 0.6810916581701 0.7981846054609
337 0.7981846054608 0.6810916581702
338 0.8444676941565 0.6548099961398
339 0.6548099961398 0.8444676941566
340 0.6200000000000 1.0000000000000
341 1.0000000000000 0.6200000000000
342 0.7309093386265 0.7309093386265
343 0.7066620321089 0.7544388658842
344 0.7544388658842 0.7066620321090
345 0.8247614481767 0.6580433861242
346 0.6580433861242 0.8247614481767
347 0.6159101960474 0.9776397223016
348 0.6841692928824 0.7799158791597
349 0.7799158791597 0.6841692928824
350 0.6212986443969 0.9291127254816
351 0.7139636679466 0.7368408683634
352 0.7368408683633 0.7139636679467
353 0.6226466476086 0.9067795472608
354 0.6137652680311 0.9536853532458
355 0.9146771012284 0.6204324310111
356 0.8058830377731 0.6627290527671
357 0.6627290527671 0.8058830377731
358 0.9335827111901 0.6163683114941
359 0.6271817300559 0.8873123908607
360 0.8946521909685 0.6247448873126
361 0.9530711160171 0.6119280117138
362 0.6383864682988 0.8495614767817
363 0.6311361564140 0.8678970121657
364 0.6886539403098 0.7604879833151
365 0.7604879833151 0.6886539403098
366 0.8504105756497 0.6357866817210
367 0.9763720647009 0.6068701322373
368 0.7198951976835 0.7198951976835
369 0.6655506376309 0.7861728932757
370 0.7861728932756 0.6655506376309
371 0.8699163851371 0.6247257944436
372 0.6960551890613 0.7429921349831
373 0.7429921349830 0.6960551890614
374 0.8305706094764 0.6389410168811
375 0.6389410168811 0.8305706094764
376 0.6000000000000 1.0000000000000
377 1.0000000000000 0.6000000000000
378 0.6032314474317 0.9368622172687
379 0.8111498497503 0.6435757722541
380 0.6435757722541 0.8111498497504
381 0.7035672337961 0.7256105101766
382 0.7256105101765 0.7035672337962
383 0.5959889830040 0.9751522832301
384 0.6028184647225 0.9193397178002
385 0.9010231820141 0.6058742138364
386 0.9204896946278 0.6014667107020
387 0.6196110541465 0.8557034605568
388 0.6689412271532 0.7634820005999
389 0.7634820005999 0.6689412271532
390 0.9400477691748 0.5974851384962
391 0.8835772499046 0.6095145235175
392 0.7918158406399 0.6485600432562
393 0.6485600432562 0.7918158406400
394 0.9594227035878 0.5931075873622
395 0.6245238632283 0.8365696044841
396 0.7092825462892 0.7092825462892
397 0.6103487913551 0.8687117978331
398 0.9790084270046 0.5891002343607
399 0.6019410644592 0.8957898885279
400 0.8342236487372 0.6233772461285
401 0.6764026688557 0.7449919468624
402 0.7449919468623 0.6764026688557
403 0.5904809050045 0.9530154711750
404 0.6515960408990 0.7725567257498
405 0.7725567257498 0.6515960408991
406 0.8168396074068 0.6244110031650
407 0.6244110031650 0.8168396074068
408 0.7147847489191 0.6935634117796
409 0.6935634117796 0.7147847489192
410 0.8473125042343 0.6098745078564
411 0.5860912964791 0.9335031331122
412 0.5800000000000 1.0000000000000
413 1.0000000000000 0.5800000000000
414 0.7992395448192 0.6300223306003
415 0.6300223306003 0.7992395448192
416 0.8644459073631 0.6013942265090
417 0.7244454518185 0.6813448921211
418 0.6809599920868 0.7238683948173
419 0.6069065680904 0.8458944257983
420 0.9069316333795 0.5867775386868
421 0.9268135472800 0.5825035441169
422 0.8878485840401 0.5908334954860
423 0.9459180772947 0.5784017100323
424 0.5757775289408 0.9665731526580
425 0.6990656144095 0.6990656144096
426 0.6522393302723 0.7526723673376
427 0.7526723673375 0.6522393302724
428 0.5817016879595 0.9139907951503
429 0.9654277956406 0.5740393333971
430 0.7794891926010 0.6329688135056
431 0.6329688135056 0.7794891926011
432 0.9843298739623 0.5713548353365
433 0.8259849469187 0.6078730210188
434 0.6078730210187 0.8259849469187
435 0.5713879203004 0.9470608146129
436 0.8076402896435 0.6124134656792
437 0.6124134656792 0.8076402896436
438 0.6839452385334 0.7043582322608
439 0.7043582322607 0.6839452385335
440 0.5849080483701 0.8750265017172
441 0.7314051165994 0.6579123274957
442 0.6556663765569 0.7331168495966
443 0.5773120794400 0.8944784570782
444 0.6362411062737 0.7597902008936
445 0.7597902008935 0.6362411062737
446 0.8715059521086 0.5826832109128
447 0.5882629620686 0.8533815628962
448 0.7884081959484 0.6156954177684
449 0.6156954177684 0.7884081959485
450 0.5669983117609 0.9275484766758
451 0.6892378563847 0.6892378563847
452 0.8517753106554 0.5859215953325
453 0.5600000000000 1.0000000000000
454 1.0000000000000 0.5600000000000
455 0.9132355135827 0.5678577253352
456 0.8936511870684 0.5718425359584
457 0.5590738735330 0.9835613044567
458 0.9327298770214 0.5635180478137
459 0.9522875146888 0.5594730736800
460 0.8320847994322 0.5888963727418
461 0.5888963727417 0.8320847994323
462 0.5566845441862 0.9606184962305
463 0.6186294502190 0.7691907488084
464 0.7691907488083 0.6186294502190
465 0.6371994894599 0.7404063627009
466 0.7404063627009 0.6371994894599
467 0.6943247850773 0.6747051098215
468 0.9772131471664 0.5536346089247
469 0.6752659646816 0.6918579933155
470 0.8126512275326 0.5933300691383
471 0.5933300691383 0.8126512275326
472 0.7052637399310 0.6602141262642
473 0.5606923972681 0.9033006448517
474 0.5522949355538 0.9411061581828
475 0.7951106221472 0.5969807539349
476 0.5969807539348 0.7951106221472
477 0.5639156139256 0.8803727823113
478 0.8785529383619 0.5639672732874
479 0.6797920385141 0.6797920385141
480 0.5679725819378 0.8594511243095
481 0.6575198260244 0.7012243409227
482 0.8588217248687 0.5672269589373
483 0.7206508309461 0.6400734580010
484 0.6194209214748 0.7492429593735
485 0.7492429593734 0.6194209214748
486 0.6388067218168 0.7189472449022
487 0.8999899181519 0.5528773935010
488 0.7761853478044 0.6000403327000
489 0.6000403327000 0.7761853478045
490 0.9192190714996 0.5487812270619
491 0.8391207282869 0.5705454099166
492 0.5705454099166 0.8391207282870
493 0.5419811680709 0.9741761778518
494 0.5479053270490 0.9215938201344
495 0.6846774984952 0.6658348639516
496 0.6658348639515 0.6846774984953
497 0.9390006561784 0.5445340260986
498 0.5400000000000 1.0000000000000
499 1.0000000000000 0.5400000000000
500 0.9582450919710 0.5404058254641
501 0.8199419800129 0.5748393295826
502 0.5748393295825 0.8199419800129
503 0.6060543355092 0.7572486579833
504 0.5375915594315 0.9546638397929
505 0.7564771505055 0.6032351543758
506 0.6707203239327 0.6707203239327
507 0.6206010327303 0.7293143852269
508 0.7293143852269 0.6206010327303
509 0.8003516764884 0.5781982771657
510 0.5781982771657 0.8003516764884
511 0.5435157350220 0.9020814845744
512 0.6400496181072 0.7002703643543
513 0.7004096196283 0.6396938840887
514 0.9795257108294 0.5314533038796
515 0.5443819008104 0.8850450477056
516 0.8848727813821 0.5440373244708
517 0.7810479695974 0.5829342481661
518 0.5829342481660 0.7810479695975
519 0.5332019509264 0.9351515017039
520 0.5482266757274 0.8649349182057
521 0.8649074489309 0.5479864481063
522 0.6734358819299 0.6587018724935
523 0.6576436533541 0.6733173002660
524 0.8452674556518 0.5515359615838
525 0.5515359615838 0.8452674556519
526 0.6832566133273 0.6457707584853
527 0.6449521908748 0.6837763511617
528 0.9059001533933 0.5338744670647
529 0.9254762060388 0.5298268460403
530 0.7619562021663 0.5867513440588
531 0.5867513440587 0.7619562021664
532 0.7093511666118 0.6218039880221
533 0.6218039880220 0.7093511666119
534 0.8257471594242 0.5557903027080
535 0.5557903027080 0.8257471594243
536 0.9449900277669 0.5255346836011
537 0.6620143542238 0.6620143542238
538 0.7418331443541 0.5976592956283
539 0.5984984730161 0.7396803004309
540 0.5286923981872 0.9138396799766
541 0.5216752180471 0.9702658784477
542 0.9645473975177 0.5214455290097
543 0.5200000000000 1.0000000000000
544 1.0000000000000 0.5200000000000
545 0.8069294347253 0.5595914358359
546 0.5594474136582 0.8072197728758
547 0.6665106196705 0.6491690618743
548 0.5184985746755 0.9487091831928
549 0.6478673534017 0.6670311229826
550 0.5641145005721 0.7877194546866
551 0.7877194546866 0.5641145005721
552 0.6039147387198 0.7182927525064
553 0.7182927525063 0.6039147387198
554 0.5253982634343 0.8913244593055
555 0.8911067288195 0.5250372598549
556 0.5294409777608 0.8717567702969
557 0.8715439611894 0.5291307115647
558 0.6893873144005 0.6230053122146
559 0.9826433514309 0.5117140161461
560 0.6536653273209 0.6536653273210
561 0.5329737309584 0.8520854772817
562 0.8519028610557 0.5328467956623
563 0.7681063305336 0.5678584254849
564 0.5678584254848 0.7681063305336
565 0.5141089987376 0.9291968447391
566 0.5371297263695 0.8327523573349
567 0.8325153354223 0.5370226042702
568 0.9121811053592 0.5148889222822
569 0.5069124464720 0.9816714606100
570 0.9315123279291 0.5107646266854
571 0.6301523844738 0.6721871860810
572 0.7484333965158 0.5732368400042
573 0.9512239070739 0.5065362172683
574 0.5406262254936 0.8131292994456
575 0.8129088639970 0.5407132667096
576 0.6142959283384 0.6882471483423
577 0.6561617928827 0.6420438566433
578 0.5738917848605 0.7450127891511
579 0.9676816054323 0.5034392982074
580 0.5037951978589 0.9622668643611
581 0.6387762101630 0.6572262188419
582 0.7933548145769 0.5449934890709
583 0.5448482287065 0.7936494484215
584 0.6993270005851 0.6008221401516
585 0.5000000000000 1.0000000000000
586 1.0000000000000 0.5000000000000
587 0.6651780836496 0.6278464996116
588 0.6456640713478 0.6456640713479
589 0.5080241139538 0.9036899694020
590 0.5955266898697 0.7019968361389
591 0.7291151641848 0.5764550380342
592 0.4994056218371 0.9427545155039
593 0.7739231519231 0.5496575084735
594 0.5489731514744 0.7746652426958
595 0.5105175470449 0.8779902074704
596 0.8973071514230 0.5060262284362
597 0.8777453341599 0.5101735000008
598 0.5139895168277 0.8583336552468
599 0.8581149861259 0.5138470167795
600 0.6497908624244 0.6338743230617
601 0.5788551537591 0.7166943566088
602 0.5181180635264 0.8387787270649
603 0.8385621317677 0.5180024929171
604 0.6240449706940 0.6570524534222
605 0.4910573099276 0.9786482817148
606 0.7545163061636 0.5534852408897
607 0.5529468364315 0.7547902719913
608 0.7096104100760 0.5808676877480
609 0.6314426171820 0.6472716744753
610 0.9826794919243 0.4900000000000
611 0.6076317382248 0.6733325329818
612 0.9182327396588 0.4958874955632
613 0.5218260457284 0.8199024610086
614 0.6149940073190 0.6639877866690
615 0.8195080113888 0.5218463662899
616 0.4947333350946 0.9222427162427
617 0.6380011141383 0.6380011141383
618 0.9377940910673 0.4917920523835
619 0.6822955853720 0.5974464313789
620 0.5997730261526 0.6789592287208
621 0.5917148481022 0.6877450763702
622 0.9573138792148 0.4875007286128
623 0.7999772951851 0.5261130739608
624 0.6488948404583 0.6238071072415
625 0.5258097399619 0.7997205622474
626 0.6656345438320 0.6081892401183
627 0.7350549426985 0.5573964547537
628 0.4847022120908 0.9563121656473
629 0.6549192670469 0.6145718101065
630 0.5834276163627 0.6927537240922
631 0.7804903772917 0.5307808992489
632 0.4906256387099 0.9037287016528
633 0.5293880599403 0.7800483222723
634 0.5746745557840 0.7008936284402
635 0.4800000000000 1.0000000000000
636 1.0000000000000 0.4800000000000
637 0.7190532091538 0.5622009903462
638 0.6109497450531 0.6545631364814
639 0.6177980440348 0.6468281369972
640 0.6038291860024 0.6620482246329
641 0.5542181914866 0.7302747769778
642 0.6243712927140 0.6388580521041
643 0.4916904228325 0.8847094372451
644 0.9038801946773 0.4872434796155
645 0.8843033831816 0.4912869091121
646 0.5964393055479 0.6692675029586
647 0.6306667482612 0.6306667482613
648 0.4953183278202 0.8650511829921
649 0.8646728165070 0.4950753354872
650 0.7608680692646 0.5345782473435
651 0.5887833105498 0.6762038829512
652 0.4803131575549 0.9367996473697
653 0.4993772631576 0.8456279103047
654 0.6367831029102 0.6221203126042
655 0.8452166371250 0.4991787781517
656 0.5659813186180 0.7052083585044
657 0.6658010986897 0.5953604205060
658 0.5329529224790 0.7603689080902
659 0.6870247745442 0.5778946828259
660 0.5808648187402 0.6828389658129
661 0.6426598910988 0.6132873701218
662 0.5029763510680 0.8260020224081
663 0.8256099287668 0.5029459609823
664 0.5726880291198 0.6891529219787
665 0.5565384391216 0.7125991394049
666 0.9244640794373 0.4768868327983
667 0.7413729033954 0.5384598780280
668 0.6706549903991 0.5855756234473
669 0.6482777213654 0.6041875934450
670 0.5070686997658 0.8064730287922
671 0.8060761709432 0.5070747603730
672 0.4709340031442 0.9716391996703
673 0.9438349743045 0.4727298613507
674 0.4759224797746 0.9172866187885
675 0.9846562299137 0.4692544448052
676 0.9663397685904 0.4699966762303
677 0.5642579254841 0.6951243746238
678 0.6535827362996 0.5949066135653
679 0.7865319274935 0.5113098477893
680 0.5348189057895 0.7387812366952
681 0.5105680454356 0.7868017253809
682 0.6750531462860 0.5757311987748
683 0.5464572751160 0.7164430543483
684 0.7217837484258 0.5424464365617
685 0.5555805189413 0.7007302934443
686 0.4656092209588 0.9503568011208
687 0.6585358241675 0.5855262908367
688 0.7673534698099 0.5156670042833
689 0.6997017803842 0.5538393346336
690 0.4715325585735 0.8977743510887
691 0.5141279815698 0.7671223655184
692 0.8905642502606 0.4723342041563
693 0.4763545639858 0.8713744982702
694 0.9101404804507 0.4682511380105
695 0.5373518562569 0.7226507956091
696 0.8709405178928 0.4760904140572
697 0.4600000000000 1.0000000000000
698 1.0000000000000 0.4600000000000
699 0.4803935250772 0.8517965655863
700 0.5466631353151 0.7059459078414
701 0.6767671613834 0.5666488244620
702 0.8513703444200 0.4801793787930
703 0.6631354016666 0.5760712871133
704 0.4845326979112 0.8322395744291
705 0.8321451427268 0.4840529821733
706 0.7477382368800 0.5195319973519
707 0.4612193207024 0.9308445356293
708 0.4552947566367 0.9834270462053
709 0.4880702252500 0.8126851293591
710 0.8122611967961 0.4880642599856
711 0.5375147533997 0.7107446519081
712 0.6831368774570 0.5559396099432
713 0.6673547637848 0.5666271774789
714 0.9305153068978 0.4578733996229
715 0.5272158056758 0.7252618957463
716 0.4917655822420 0.7936038410339
717 0.7281385334586 0.5234749860800
718 0.5137871214467 0.7456096083093
719 0.7926319205887 0.4918816021052
720 0.9520417426761 0.4523415430633
721 0.4509060127247 0.9639146248072
722 0.4568293997227 0.9113322682867
723 0.5281463976283 0.7150981586693
724 0.6712662448447 0.5570514532872
725 0.7738201100943 0.4967417953195
726 0.9779309639291 0.4483474753699
727 0.6851091725415 0.5465051847391
728 0.5171902815394 0.7308029623359
729 0.4953041301101 0.7738788589648
730 0.7054840913855 0.5296336623611
731 0.8970706002589 0.4534273957023
732 0.4465161691469 0.9444024507790
733 0.8774469658763 0.4572631446299
734 0.7541973965568 0.5006057420475
735 0.9166572510425 0.4494163166862
736 0.8579437716185 0.4613159650293
737 0.6748645944785 0.5473537233517
738 0.5185715871646 0.7189763254221
739 0.4524394784166 0.8918200005902
740 0.6899161478684 0.5356552694729
741 0.4603995064183 0.8553733727268
742 0.8383366599087 0.4651368934970
743 0.4400000000000 1.0000000000000
744 1.0000000000000 0.4400000000000
745 0.5075328031865 0.7324526282619
746 0.4692576068779 0.8193790068156
747 0.8187797452709 0.4692069566176
748 0.7345223564370 0.5045231870161
749 0.4421262420033 0.9248901861259
750 0.6781440629400 0.5375435738627
751 0.4728575694785 0.7997137857228
752 0.4602370873352 0.8365560712159
753 0.7991504239805 0.4729768487660
754 0.5088068373592 0.7223474783404
755 0.4362022439348 0.9774712405777
756 0.9367110981543 0.4388603732887
757 0.4928944800676 0.7509972643863
758 0.6911117547776 0.5250991173881
759 0.4769857749108 0.7801774346664
760 0.7794415530780 0.4769043925068
761 0.4961764902115 0.7367762487458
762 0.4461340626910 0.8693326967722
763 0.7109255349486 0.5095229436737
764 0.4318133072253 0.9579605300404
765 0.6810983636986 0.5276306598647
766 0.4377363193432 0.9053779188357
767 0.4988722021094 0.7251786695738
768 0.7598714644258 0.4808020086604
769 0.6953395341907 0.5149511935938
770 0.9605874190555 0.4283134000917
771 0.8837534704859 0.4382887409285
772 0.9033724515336 0.4344751070364
773 0.8641713988722 0.4423313227190
774 0.8448272096997 0.4462257236654
775 0.9192040330341 0.4299743459884
776 0.4272200499397 0.9382620944849
777 0.6837206367449 0.5176248016480
778 0.4863551391109 0.7373056891811
779 0.8250291797586 0.4502147437509
780 0.7402607632855 0.4847244117241
781 0.4411398714897 0.8501358088886
782 0.4887918339709 0.7274361439555
783 0.8056983111689 0.4540822527488
784 0.4499511795990 0.8163756070746
785 0.4319310736271 0.8833927251674
786 0.4200000000000 1.0000000000000
787 1.0000000000000 0.4200000000000
788 0.6959102992006 0.5046577093118
789 0.9818915872678 0.4185262633990
790 0.7858834234364 0.4579714182365
791 0.4227849933549 0.9191094308926
792 0.4700081154431 0.7560209477643
793 0.4171127955357 0.9715110769115
794 0.6860034128058 0.5075360877030
795 0.4583388022225 0.7778981222205
796 0.7148402164952 0.4882431781233
797 0.4745023825810 0.7402671322205
798 0.7662689703935 0.4618565264171
799 0.4785945234402 0.7290860124655
800 0.6993444350876 0.4939033355541
801 0.4359852239729 0.8305925629901
802 0.4268427797436 0.8641119976748
803 0.4127207799345 0.9520277595163
804 0.8902241808800 0.4194228248295
805 0.8706882733486 0.4234404360828
806 0.9277881505019 0.4135248010072
807 0.7466720973121 0.4657808206968
808 0.9098429753020 0.4155543676912
809 0.4176194141952 0.8973421230442
810 0.4443990718212 0.7971801248656
811 0.6879385789702 0.4973749860344
812 0.8510809003133 0.4272986965064
813 0.8315080150674 0.4313282639763
814 0.9490313705588 0.4075624441068
815 0.4646533471849 0.7395575604076
816 0.8118852569338 0.4351513477498
817 0.4080421849413 0.9326112663559
818 0.4683141601230 0.7300951629619
819 0.6993645803053 0.4842409562695
820 0.9686264497054 0.4035584285638
821 0.4027788909405 0.9849111201725
822 0.7922701736951 0.4390375133008
823 0.4218815411146 0.8447639007964
824 0.6895173465984 0.4871524657839
825 0.4305956708850 0.8116286043914
826 0.4127443794858 0.8779606026342
827 0.4000000000000 1.0000000000000
828 1.0000000000000 0.4000000000000
829 0.7727262879552 0.4429323650445
830 0.7176081651999 0.4681931497642
831 0.4399361774736 0.7783237451461
832 0.4037115469661 0.9131216430164
833 0.3980726366080 0.9654810018069
834 0.7025460743820 0.4745117026210
835 0.4579900388112 0.7304324219651
836 0.4458461042075 0.7559726951579
837 0.4524520389665 0.7409721371260
838 0.7531181884458 0.4468629606366
839 0.6907302228684 0.4768801312287
840 0.8769672346243 0.4044661675564
841 0.8965574960479 0.4004557171379
842 0.8575404553735 0.4083749558314
843 0.3936329208060 0.9464410373170
844 0.4166548920078 0.8254858075125
845 0.4076306597096 0.8586478247870
846 0.9161731106280 0.3966023485429
847 0.8379571073915 0.4124219400752
848 0.7335002641904 0.4507354828058
849 0.4256331848025 0.7922601996032
850 0.9357663153341 0.3925949264248
851 0.3983828376206 0.8919859744477
852 0.8183395184112 0.4162833091864
853 0.3874003672393 0.9805970771715
854 0.9553612834619 0.3885906420955
855 0.7987241887748 0.4201113551459
856 0.7011662735293 0.4629424298360
857 0.4476669174377 0.7300699515696
858 0.3890808822337 0.9267063216167
859 0.4427553222152 0.7389262036351
860 0.9778246428282 0.3845812332759
861 0.6915669878938 0.4665703705044
862 0.7791036507350 0.4239840712881
863 0.4026369133441 0.8397146168700
864 0.4113464784253 0.8062221303268
865 0.3934819784367 0.8726602796303
866 0.3800000000000 1.0000000000000
867 1.0000000000000 0.3800000000000
868 0.7595242206786 0.4279185709893
869 0.7181488335651 0.4455023577293
870 0.4206873449577 0.7730055867280
871 0.3788883259502 0.9599424512051
872 0.3839303599778 0.9057881885894
873 0.7027838541863 0.4511178449203
874 0.4373947285335 0.7289848222511
875 0.6920166801643 0.4562365211299
876 0.8834448886172 0.3855563183406
877 0.8638373225385 0.3894403563277
878 0.9030034399877 0.3815630480236
879 0.8442533971378 0.3934418890983
880 0.4304168219307 0.7386314120707
881 0.9226188698254 0.3776720187891
882 0.7335316936639 0.4321425482236
883 0.8248439414804 0.3973715159392
884 0.3745600175531 0.9404480734471
885 0.3973631157144 0.8204956751133
886 0.3883436147812 0.8536936376255
887 0.9420959747392 0.3736229819002
888 0.8052142420385 0.4011975247092
889 0.4063762456400 0.7869483465622
890 0.3792562022252 0.8863581223381
891 0.9616879347770 0.3696119057597
892 0.7855863629758 0.4050328613033
893 0.4178583110795 0.7500173980606
894 0.7026220245238 0.4403511939095
895 0.6920675991684 0.4458934061038
896 0.4272278596828 0.7271606494332
897 0.3659160965143 0.9784580691101
898 0.9812721890248 0.3657264232365
899 0.3699121255664 0.9210274113103
900 0.7660024098463 0.4090276357467
901 0.4203228715366 0.7346974858526
902 0.3833773505475 0.8343498572319
903 0.3924056130043 0.8011259125840
904 0.3742795345223 0.8680483655610
905 0.7463793960241 0.4128546346807
906 0.3600000000000 1.0000000000000
907 1.0000000000000 0.3600000000000
908 0.7085411738990 0.4297995221143
909 0.3598740487708 0.9538414446410
910 0.4014384762340 0.7676493596669
911 0.3655395695789 0.9008772837802
912 0.8702755043311 0.3705079657005
913 0.8897593149073 0.3665892730907
914 0.8505779468710 0.3744712362280
915 0.6917073721134 0.4355572004439
916 0.9093551982244 0.3626009710402
917 0.8311117024543 0.3784306235003
918 0.4172239584809 0.7245891295959
919 0.9288320853686 0.3586895523660
920 0.8115342377227 0.3824596969897
921 0.9484139605759 0.3546541238774
922 0.3554912884134 0.9348406105618
923 0.7919621253714 0.3862930442716
924 0.4088874065089 0.7330888401027
925 0.3781151700583 0.8150844717738
926 0.3691354840590 0.8482261579036
927 0.3873886226988 0.7817714727359
928 0.3497770338593 0.9871725244995
929 0.7723767861305 0.3900841204969
930 0.3598030807821 0.8818273248086
931 0.9714831607798 0.3492917460738
932 0.6909229653105 0.4252453050059
933 0.3981767348412 0.7455095749963
934 0.7009759407473 0.4188417852801
935 0.7155097788442 0.4113243086094
936 0.7527735525419 0.3940319798698
937 0.3509835911805 0.9153767290049
938 0.4074422844978 0.7212712769082
939 0.3454728997808 0.9676529862539
940 0.3641333623733 0.8293447198155
941 0.7331764171497 0.3978721201465
942 0.3731499982128 0.7958080715514
943 0.3550944061225 0.8624485192132
944 0.3984826872985 0.7291114185156
945 0.3400000000000 1.0000000000000
946 1.0000000000000 0.3400000000000
947 0.8960917143064 0.3476428456592
948 0.8373925623621 0.3594779547269
949 0.3406680945789 0.9484300587245
950 0.9156833636804 0.3436638011307
951 0.8764709012455 0.3498035027108
952 0.3821347271157 0.7624944216991
953 0.3462609074831 0.8959638910284
954 0.6897007336358 0.4149769328114
955 0.6983348129739 0.4094818245251
956 0.9352922239246 0.3397704580327
957 0.7984190797499 0.3673788095931
958 0.3979417151660 0.7172181619579
959 0.9548453883770 0.3357580235689
960 0.8536332159189 0.3501610799596
961 0.8184952451257 0.3590834395829
962 0.7788778739795 0.3711837157443
963 0.3364025650410 0.9289429279986
964 0.3591713231074 0.8099794927675
965 0.3497855342926 0.8432254704631
966 0.3307326792208 0.9811020632408
967 0.7592486432440 0.3750002143348
968 0.3678840978896 0.7765189552947
969 0.3407232965722 0.8760246049416
970 0.9783645053017 0.3286399564228
971 0.3879737607277 0.7225234047229
972 0.6880265332461 0.4047733816440
973 0.7396443026568 0.3789547985787
974 0.3318605531077 0.9098127831671
975 0.6974610783961 0.3974927142808
976 0.3266127546026 0.9615782829947
977 0.3887785936492 0.7124510018462
978 0.7112366124236 0.3886553421267
979 0.8832195040414 0.3335530834343
980 0.3759346887530 0.7349986067894
981 0.3449037772586 0.8239820278147
982 0.3359351584568 0.8575738784780
983 0.3538245174784 0.7907361248737
984 0.9221146491696 0.3247282539484
985 0.3200000000000 1.0000000000000
986 1.0000000000000 0.3200000000000
987 0.8329170406658 0.3408050758765
988 0.8047226232508 0.3484572211143
989 0.3217140478788 0.9422101616306
990 0.9415870783574 0.3207972855179
991 0.3628602860090 0.7571617006296
992 0.3787311187720 0.7188378345053
993 0.6858858894853 0.3946583252601
994 0.7851382233677 0.3524436448280
995 0.3265003553243 0.8897616329476
996 0.9013538200211 0.3243983945861
997 0.8658461539681 0.3303667684202
998 0.6939578821198 0.3883914960337
999 0.9611789907290 0.3167899688940
1000 0.3800046583367 0.7070005425937
1001 0.3173574793237 0.9235524980817
1002 0.3130742744151 0.9782897617168
1003 0.3310433692194 0.8381957791031
1004 0.3399012801402 0.8050553078237
1005 0.7460215694154 0.3599989895670
1006 0.8133694696740 0.3365746952794
1007 0.9826794919243 0.3100000000000
1008 0.3486071020226 0.7711913921709
1009 0.3215108393066 0.8713470540868
1010 0.8464593831751 0.3261002089932
1011 0.6832642353963 0.3846581160156
1012 0.7622760448761 0.3498975004503
1013 0.7248131383642 0.3633040574856
1014 0.3693536170896 0.7107510846534
1015 0.3126884331664 0.9041959573663
1016 0.3074110258499 0.9560632974420
1017 0.8793628472933 0.3156414487740
1018 0.6919415948977 0.3764929824854
1019 0.3716652948960 0.7009057895539
1020 0.3255729594615 0.8189965596853
1021 0.3167411978828 0.8521560166506
1022 0.3344449668502 0.7858211577290
1023 0.9202149002954 0.3047251088787
1024 0.3000000000000 1.0000000000000
1025 1.0000000000000 0.3000000000000
1026 0.8268066380018 0.3217609800462
1027 0.3024834474473 0.9370458787171
1028 0.7934177399508 0.3300879746925
1029 0.7753834887105 0.3352048583121
1030 0.3435834044850 0.7518327032258
1031 0.3555867127781 0.7212820661714
1032 0.6801472384541 0.3748020864028
1033 0.3070758842149 0.8850916396671
1034 0.8598903875398 0.3112862840609
1035 0.7016959238513 0.3634047097241
1036 0.3607803006654 0.7057291904425
1037 0.9662647047409 0.2958546113050
1038 0.3637982984249 0.6942122470522
1039 0.3464733308844 0.7329530468500
1040 0.6869169426656 0.3671809916027
1041 0.2983491289212 0.9176230566696
1042 0.2936891868174 0.9709949266232
1043 0.8927897613611 0.3008342202774
1044 0.3118501279451 0.8327761685054
1045 0.3206556290748 0.7996456690179
1046 0.8072968932545 0.3173642855569
1047 0.9465952816910 0.2922422447537
1048 0.7365635102901 0.3408997236162
1049 0.3023246134875 0.8659461004588
1050 0.8403584988503 0.3070575342704
1051 0.3300586370584 0.7597506213462
1052 0.7597506220866 0.3300586361809
1053 0.7137169115478 0.3479107813009
1054 0.6765212344016 0.3651228297854
1055 0.2888537254833 0.9496158291811
1056 0.2935618786679 0.8997151588934
1057 0.8732444060939 0.2966491127981
1058 0.3527156222501 0.6963911939607
1059 0.3564332407648 0.6869698946590
1060 0.6842787217232 0.3560823496159
1061 0.3179544126525 0.7756509510223
1062 0.7756509517404 0.3179544117451
1063 0.3064388369453 0.8136642256233
1064 0.9284659163259 0.2851267747054
1065 0.2975423970661 0.8467328843211
1066 0.9791881521422 0.2808015420968
1067 0.2837551235118 0.9304437208478
1068 0.8208618929921 0.3026689854696
1069 0.2800000000000 1.0000000000000
1070 1.0000000000000 0.2800000000000
1071 0.3280702527739 0.7408442859460
1072 0.2888088674830 0.8803144982486
1073 0.9071187305830 0.2846309784019
1074 0.2779316984543 0.9819616206505
1075 0.8537352147978 0.2922733713676
1076 0.6723737864075 0.3556564313509
1077 0.9595531228576 0.2770160852523
1078 0.2765815519628 0.9626810875270
1079 0.6949581684606 0.3427511177334
1080 0.3375909221639 0.7048386476409
1081 0.3495914350592 0.6792311395254
1082 0.2793871303333 0.9134044036363
1083 0.3436924036655 0.6895064594218
1084 0.8868232612530 0.2816951663224
1085 0.3026167068933 0.7923625289783
1086 0.7923625296581 0.3026167060114
1087 0.6796029863489 0.3461897844214
1088 0.2921311197839 0.8274918043763
1089 0.9399090620183 0.2733998444992
1090 0.2837933623136 0.8609800353215
1091 0.8344504634450 0.2880153936364
1092 0.3102291832218 0.7572756480490
1093 0.7597232905254 0.3093095049850
1094 0.2698563361761 0.9439005269561
1095 0.6676943837661 0.3464426092702
1096 0.2744089352419 0.8940458108798
1097 0.7131053390463 0.3247187995771
1098 0.3216870492281 0.7197133175472
1099 0.3432864046949 0.6710489470140
1100 0.8672591077511 0.2775721145582
1101 0.9202830549109 0.2695760469629
1102 0.3365720827045 0.6796808240597
1103 0.2982088221820 0.7729228406709
1104 0.7729228413546 0.2982088212784
1105 0.6819546431463 0.3342828311590
1106 0.2878105594156 0.8057830628406
1107 0.8057830635389 0.2878105585503
1108 0.9726378110539 0.2619082340182
1109 0.2782044934035 0.8418288248802
1110 0.2646385276071 0.9274742628071
1111 0.3292511190506 0.6899270566853
1112 0.2612731157450 0.9784211155790
1113 0.7346575206901 0.3097593928495
1114 0.2600000000000 1.0000000000000
1115 1.0000000000000 0.2600000000000
1116 0.9006670062013 0.2657014869099
1117 0.2696194379906 0.8750540048421
1118 0.6903526535605 0.3266685683354
1119 0.8478465257533 0.2731855225175
1120 0.3197302494365 0.7005476000683
1121 0.9530562606426 0.2581151060325
1122 0.3375247144218 0.6624752852241
1123 0.6624752851398 0.3375247140769
1124 0.2569873852385 0.9589385465298
1125 0.3038990118524 0.7368423854455
1126 0.2601438066818 0.9079977378684
1127 0.6989119288490 0.3167663959154
1128 0.3300728292872 0.6699271703665
1129 0.6699271703807 0.3300728288533
1130 0.8805917296674 0.2626971750550
1131 0.7862381566337 0.2836477053996
1132 0.9333913088930 0.2544969220591
1133 0.3103148470099 0.7083441383527
1134 0.2643719635523 0.8562566520617
1135 0.2913775290346 0.7536147141385
1136 0.7556345167551 0.2905662628710
1137 0.3222553589034 0.6777446407585
1138 0.6777446408685 0.3222553583836
1139 0.8283566794955 0.2689826492219
1140 0.2795700090596 0.7876958339138
1141 0.7056010238726 0.3090016729296
1142 0.2502781299495 0.9409943659359
1143 0.3322918429544 0.6535321302521
1144 0.2551508936790 0.8888229769085
1145 0.3015524629619 0.7179585592762
1146 0.7179585597628 0.3015524622575
1147 0.9856143485918 0.2467073883958
1148 0.2655586912465 0.8309780027846
1149 0.6567135973255 0.3289510557940
1150 0.8610260661157 0.2586713282909
1151 0.9138434339180 0.2506620941293
1152 0.3140605562352 0.6859394434353
1153 0.6859394436380 0.3140605556331
1154 0.2803298871953 0.7667878142127
1155 0.7667878149187 0.2803298862681
1156 0.9659532335743 0.2431161782406
1157 0.2923851616968 0.7279983106665
1158 0.6633492702025 0.3203715726816
1159 0.2455357666876 0.9215902110451
1160 0.3054770029310 0.6945229967484
1161 0.6945229970402 0.3054770022509
1162 0.2416815278256 0.9737560282064
1163 0.3180453566543 0.6657171681300
1164 0.7253402582554 0.2917002825255
1165 0.8089164312328 0.2644517619607
1166 0.2400000000000 1.0000000000000
1167 1.0000000000000 0.2400000000000
1168 0.8941743533637 0.2470816247237
1169 0.3275999946754 0.6442879966356
1170 0.2504346696305 0.8694981044438
1171 0.2636158439174 0.8071216802322
1172 0.8415358727238 0.2542727250133
1173 0.2388636487596 0.9527306564081
1174 0.9463410280959 0.2392814331453
1175 0.3203455378812 0.6537827245963
1176 0.2828027093407 0.7384720605320
1177 0.7384720611532 0.2828027085009
1178 0.2964937054006 0.7035062942883
1179 0.7035062946647 0.2964937046472
1180 0.3096473463386 0.6733314308751
1181 0.6504085685129 0.3207688648042
1182 0.6702769896526 0.3103873130392
1183 0.2412253666232 0.9021076390687
1184 0.2498883906008 0.8434018256521
1185 0.2671941361310 0.7753880928793
1186 0.7753880936200 0.2671941351676
1187 0.8746877695133 0.2431633462629
1188 0.3010880711226 0.6832336031750
1189 0.9266768520092 0.2357421522647
1190 0.2871001979688 0.7128998017300
1191 0.7128998021861 0.2871001971477
1192 0.3234419791754 0.6347863946846
1193 0.2727955604157 0.7493875359210
1194 0.7493875365988 0.2727955595177
1195 0.6794093410176 0.3001779797190
1196 0.6557439499683 0.3108690390976
1197 0.8224317825277 0.2499209654608
1198 0.2581649574270 0.7905940084944
1199 0.7905940092956 0.2581649563692
1200 0.2939399617296 0.6904798846172
1201 0.3156532154289 0.6438554513654
1202 0.2311266786397 0.9353169414263
1203 0.2282213545438 0.9858804360303
1204 0.9788959864093 0.2278731730388
1205 0.2361661110323 0.8828839961113
1206 0.6896851529421 0.2916558605171
1207 0.2469613176263 0.8236263096870
1208 0.9070845827820 0.2318469294386
1209 0.6435667635573 0.3130301099021
1210 0.2772866527547 0.7227133469544
1211 0.7227133474846 0.2772866518719
1212 0.8550252935443 0.2396133620354
1213 0.2623549769495 0.7607513942220
1214 0.7607513949485 0.2623549760003
1215 0.2247436626663 0.9665654146912
1216 0.3043932849036 0.6557402768084
1217 0.3198077682952 0.6250672537540
1218 0.9594143085279 0.2242326845778
1219 0.2267804776197 0.9158964501342
1220 0.2820414404074 0.6984475367421
1221 0.6984475370880 0.2820414395374
1222 0.8029755077650 0.2460142865766
1223 0.8874170496741 0.2283888800590
1224 0.3123930479671 0.6321304038783
1225 0.2200000000000 1.0000000000000
1226 1.0000000000000 0.2200000000000
1227 0.2670439957572 0.7329560039626
1228 0.7329560045607 0.2670439948196
1229 0.2319402023844 0.8623391352516
1230 0.6472843822475 0.3036088109997
1231 0.6595777256371 0.2970475631587
1232 0.2206189644979 0.9472325046918
1233 0.2436295287294 0.8040528636731
1234 0.9398027737829 0.2206601225215
1235 0.8358472283185 0.2351808230174
1236 0.2514731527932 0.7725690915370
1237 0.7725690923035 0.2514731518007
1238 0.6362017061615 0.3057877571467
1239 0.3166853452385 0.6151669064857
1240 0.2720016890267 0.7076148380178
1241 0.7076148384470 0.2720016880977
1242 0.2221639857264 0.8964677566238
1243 0.2845390588490 0.6738103414236
1244 0.2563640284512 0.7436359712798
1245 0.7436359719388 0.2563640274663
1246 0.8678668722431 0.2243832847700
1247 0.6764537371954 0.2824395837149
1248 0.9201743803491 0.2168543880602
1249 0.3079646732399 0.6233598340678
1250 0.2398967448996 0.7845981522893
1251 0.7845981530571 0.2398967438424
1252 0.8163506229774 0.2313550176028
1253 0.2260861746262 0.8389929988373
1254 0.2615279391712 0.7171972903849
1255 0.7171972908921 0.2615279381905
1256 0.2091426451229 0.9842248285467
1257 0.2120511692918 0.9293893635524
1258 0.2980573072623 0.6349269110009
1259 0.3140614104517 0.6051182183690
1260 0.9771802459880 0.2083877070932
1261 0.2169944169389 0.8792750893054
1262 0.6392197045080 0.2942708135264
1263 0.9005829176383 0.2133481527312
1264 0.6283347097315 0.2990942140996
1265 0.8482100856430 0.2211472165466
1266 0.2452395540009 0.7547604457418
1267 0.7547604464541 0.2452395529767
1268 0.2272728737838 0.8153587903150
1269 0.2053785547376 0.9643241434034
1270 0.3059465635122 0.6114054265077
1271 0.2092351465804 0.9116638568357
1272 0.9527126709182 0.2054063220236
1273 0.6953687954932 0.2640577225453
1274 0.2637164321447 0.6943966070553
1275 0.2506124637927 0.7272044393213
1276 0.7272044399007 0.2506124627681
1277 0.2844046419731 0.6458792595588
1278 0.3119219482756 0.5949508101981
1279 0.2276369329276 0.7968579642743
1280 0.7968579650734 0.2276369318545
1281 0.8809670191365 0.2095036652795
1282 0.2000000000000 1.0000000000000
1283 1.0000000000000 0.2000000000000
1284 0.2120714514776 0.8599827971600
1285 0.2009508771443 0.9450073889045
1286 0.6306463880147 0.2892489187990
1287 0.2336645069915 0.7663354927634
1288 0.7663354935209 0.2336645059369
1289 0.9331056077536 0.2016050995065
1290 0.8289783435699 0.2165375178059
1291 0.6199953462676 0.2929994605138
1292 0.6444132932285 0.2787179375322
1293 0.3015877560704 0.6005854476060
1294 0.2025098544886 0.8930338858338
1295 0.2392486055027 0.7376450227995
1296 0.7376450234445 0.2392486044427
1297 0.3102526679694 0.5846913328740
1298 0.8614189198046 0.2062038565998
1299 0.9134299763201 0.1980516545189
1300 0.1959166841474 0.9265196604738
1301 0.6686636111799 0.2633035751774
1302 0.8095774970528 0.2149173999047
1303 0.7085004391265 0.2465353027361
1304 0.2071643444360 0.8418254502280
1305 0.3020891936906 0.5905997819273
1306 0.9834020846726 0.1908848813882
1307 0.2216340853672 0.7783659144003
1308 0.7783659151939 0.2216340842917
1309 0.2443654835936 0.7094337360000
1310 0.9658366713881 0.1903168886238
1311 0.1895856765463 0.9834273458505
1312 0.2885889456001 0.6111257472814
1313 0.2126481789793 0.8061053738881
1314 0.3090393369837 0.5743637650247
1315 0.6112214109270 0.2875490007612
1316 0.1979120598275 0.8735925043103
1317 0.2274309081991 0.7485268469681
1318 0.7485268476715 0.2274309071129
1319 0.6212688863377 0.2811621683229
1320 0.2565975549684 0.6720267057497
1321 0.2066751098142 0.8225172315305
1322 0.8418355872875 0.2024262391053
1323 0.2650227960527 0.6507577682309
1324 0.2734261565187 0.6325893791146
1325 0.9462056873429 0.1865018061770
1326 0.1898697266716 0.9075062271016
1327 0.1850628237064 0.9626214862476
1328 0.2332121854931 0.7196701125600
1329 0.7196701131907 0.2332121844307
1330 0.2989204342853 0.5807876388771
1331 0.8922966694680 0.1902611938710
1332 0.3082680252185 0.5639897132519
1333 0.8227577995123 0.2017370974758
1334 0.2091448830473 0.7908551167333
1335 0.7908551175535 0.2091448819611
1336 0.2427243516255 0.6897708165235
1337 0.6897708170880 0.2427243505285
1338 0.1928888949146 0.8557706689185
1339 0.1800000000000 1.0000000000000
1340 1.0000000000000 0.1800000000000
1341 0.6120262442619 0.2774765976668
1342 0.2246119068404 0.7328058636333
1343 0.7328058643112 0.2246119057599
1344 0.6020582893807 0.2827818401909
1345 0.1817217662588 0.9403141922364
1346 0.2154018474590 0.7601032548743
1347 0.7601032556577 0.2154018463862
1348 0.2869184748920 0.5903127013526
1349 0.2991180389467 0.5687371823894
1350 0.1844135978466 0.8882785675774
1351 0.3079252778567 0.5535887021045
1352 0.8722587585164 0.1850035311532
1353 0.9787927656027 0.1750965693206
1354 0.6213465367382 0.2651748764218
1355 0.1763873517682 0.9222624004807
1356 0.1961950214781 0.8038049783160
1357 0.8038049791527 0.1961950203920
1358 0.9221100563346 0.1755774641536
1359 0.1880966928829 0.8363982043605
1360 0.2402493783075 0.6699413626895
1361 0.6699413632616 0.2402493771474
1362 0.5925577200038 0.2787287248121
1363 0.2270771590162 0.7017911775798
1364 0.7017911781946 0.2270771579533
1365 0.2031420354869 0.7723630668593
1366 0.7723630676740 0.2031420343983
1367 0.6424426113084 0.2518912020752
1368 0.3079982322336 0.5431784462724
1369 0.2972948097150 0.5591451637228
1370 0.1697996789522 0.9830415812758
1371 0.6015173176706 0.2708885833721
1372 0.2094059912348 0.7418350423533
1373 0.7418350431448 0.2094059901053
1374 0.2432727828932 0.6546046878665
1375 0.1784050974228 0.8694250892990
1376 0.8329219495028 0.1847724495096
1377 0.2512550637647 0.6363261106608
1378 0.8498757850941 0.1803150988791
1379 0.7873518216471 0.1938946248020
1380 0.9557708845555 0.1667405493965
1381 0.3084746917413 0.5327751012865
1382 0.2984797860334 0.5471768880076
1383 0.1705012657322 0.9025731800336
1384 0.9028082890366 0.1704034211741
1385 0.7204299914040 0.2123041647059
1386 0.2137618437721 0.7163522934857
1387 0.5827760459461 0.2754108717210
1388 0.2561878880254 0.6178643034359
1389 0.2667077963950 0.5978166149001
1390 0.1827842781781 0.8172157216302
1391 0.8172157224725 0.1827842771033
1392 0.1904225035424 0.7850825988172
1393 0.1629403885992 0.9596142658150
1394 0.2823308073580 0.5671216391734
1395 0.2243490486441 0.6820455871121
1396 0.6820455877343 0.2243490475218
1397 0.1741438635241 0.8499811835347
1398 0.5911125983744 0.2669111613386
1399 0.3093431673478 0.5223934915572
1400 0.1970244927526 0.7539857121593
1401 0.1624441177504 0.9361967829935
1402 0.1600000000000 1.0000000000000
1403 1.0000000000000 0.1600000000000
1404 0.7563704719007 0.1959471349860
1405 0.9361509452450 0.1616397356521
1406 0.2974321963858 0.5374819526353
1407 0.2691691821867 0.5812507524030
1408 0.8837330561599 0.1652567383691
1409 0.1652550380760 0.8833282839437
1410 0.5727721446324 0.2728393515060
1411 0.3105928951372 0.5120473162136
1412 0.6018232706967 0.2544904265669
1413 0.2268216462709 0.6578108722737
1414 0.6259341336639 0.2415972194167
1415 0.6449743388777 0.2324727841390
1416 0.2995338718381 0.5256597874264
1417 0.7727271268644 0.1846412083749
1418 0.1772422011078 0.7982629012656
1419 0.5789085569863 0.2648018690979
1420 0.9168838161541 0.1562897645719
1421 0.1563090085140 0.9166751874627
1422 0.9698403923045 0.1525275065528
1423 0.1689142101470 0.8310857896758
1424 0.8310857905126 0.1689142090954
1425 0.7933248908384 0.1774827671705
1426 0.2076374707041 0.6973832928888
1427 0.6973832935067 0.2076374696396
1428 0.6622118863038 0.2218078921467
1429 0.1836493775750 0.7686449811624
1430 0.8647985721149 0.1620244053190
1431 0.2840994874321 0.5438718556864
1432 0.2402889342106 0.6206763476019
1433 0.2315872973483 0.6384407582653
1434 0.3122133041369 0.5017523654420
1435 0.1504372986149 0.9818423173472
1436 0.5626052756314 0.2710151783403
1437 0.1600641333648 0.8640418145369
1438 0.1910835692908 0.7355482367690
1439 0.2992231384676 0.5159225145060
1440 0.1489435764665 0.9509284388567
1441 0.1670780511834 0.8152275492691
1442 0.2451587561879 0.6013454235705
1443 0.3141939967372 0.4915241334258
1444 0.9504999875171 0.1474486008276
1445 0.7312783989832 0.1887558192889
1446 0.5695831826706 0.2613685885385
1447 0.1511574556165 0.8973765134262
1448 0.8978496067087 0.1510972761448
1449 0.2519498442605 0.5850321351124
1450 0.1942169368574 0.7121894403806
1451 0.7121894409990 0.1942169357932
1452 0.3021864547452 0.5043016698116
1453 0.5523330865985 0.2699300487126
1454 0.1710216570247 0.7834624809882
1455 0.8119033077928 0.1636017943712
1456 0.3165256730282 0.4813738161346
1457 0.1548380259680 0.8451619738695
1458 0.8451619746365 0.1548380250041
1459 0.1775682179907 0.7500790332655
1460 0.2579389880282 0.5659706714765
1461 0.7530386830196 0.1763736889705
1462 0.1400000000000 1.0000000000000
1463 1.0000000000000 0.1400000000000
1464 0.2060927705987 0.6692900407628
1465 0.9311375449239 0.1422823011324
1466 0.1421785575707 0.9306817312176
1467 0.1400067797037 0.9654891702598
1468 0.6674708484151 0.2055454766033
1469 0.3025812462499 0.4945812255673
1470 0.5572446821547 0.2610737966364
1471 0.6489315844610 0.2129771828443
1472 0.3191997279483 0.4713120804734
1473 0.9839365741063 0.1381650051340
1474 0.5420099650423 0.2695675780380
1475 0.5782988133081 0.2474793723855
1476 0.8785236995222 0.1459711975953
1477 0.1459815488114 0.8780893904092
1478 0.2831961652478 0.5197258771471
1479 0.6303189805323 0.2190206938101
1480 0.2125558797986 0.6438681087797
1481 0.3063476714640 0.4832196800421
1482 0.6119802835750 0.2267068142222
1483 0.2629133561610 0.5469285212341
1484 0.3222082163657 0.4613491893795
1485 0.1581644133382 0.7975737597061
1486 0.7928356562532 0.1581745484673
1487 0.2180844819097 0.6248658576958
1488 0.5316858435300 0.2699048367978
1489 0.9645558277465 0.1332422811681
1490 0.1370433432644 0.9114015303531
1491 0.9119321272126 0.1369284993117
1492 0.8258561371012 0.1500188157142
1493 0.1904567888320 0.6872208364414
1494 0.5931764224979 0.2331720336051
1495 0.2261415499369 0.6066317291232
1496 0.5475479652682 0.2590278628269
1497 0.1641527722256 0.7648191757967
1498 0.1501242155279 0.8196848999683
1499 0.7739138261065 0.1610069999218
1500 0.6902397820286 0.1877801702372
1501 0.3255438159019 0.4514951159846
1502 0.2673125099504 0.5312449559873
1503 0.3074132090367 0.4735658415533
1504 0.1299532465208 0.9827642540283
1505 0.1407618417891 0.8592381580632
1506 0.8592381587605 0.1407618409129
1507 0.1716433210291 0.7310173495022
1508 0.2875380625247 0.4978707461640
1509 0.5214054799989 0.2709139870864
1510 0.3120964247102 0.4631774295827
1511 0.3291997884584 0.4417596486543
1512 0.2304394727785 0.5881946876252
1513 0.5353466567599 0.2604424392710
1514 0.9452762460116 0.1281587411208
1515 0.1279328727947 0.9447079437088
1516 0.2384873280880 0.5702683314929
1517 0.8925998836461 0.1318950135041
1518 0.1318939536652 0.8921133757595
1519 0.3331699409130 0.4321524889359
1520 0.5112081692452 0.2725638554233
1521 0.1517899149460 0.7788527822793
1522 0.8071111058004 0.1442293298043
1523 0.1766116252970 0.6965152730247
1524 0.1876571445856 0.6679630863714
1525 0.5541539006046 0.2440273047638
1526 0.3136421897672 0.4529580069309
1527 0.2447539810574 0.5513589154097
1528 0.6517081816376 0.1932787369520
1529 0.7065261952036 0.1717312103981
1530 0.8399358672056 0.1359581848141
1531 0.3374485851961 0.4226833440681
1532 0.6334033903701 0.2010680167073
1533 0.1584641277892 0.7457272738114
1534 0.1355524851582 0.8399526172588
1535 0.5254976211809 0.2597328672132
1536 0.7501116100643 0.1565981730027
1537 0.2924036361914 0.4774144025739
1538 0.1931714153556 0.6487385014723
1539 0.1200000000000 1.0000000000000
1540 1.0000000000000 0.1200000000000
1541 0.9259616085318 0.1230281860952
1542 0.5011278008722 0.2748213296667
1543 0.1229011573390 0.9253849386135
1544 0.3172611526789 0.4428305171201
1545 0.9784966101176 0.1189230371342
1546 0.3420304976823 0.4133620156172
1547 0.7285589672104 0.1613116100631
1548 0.6142516684863 0.2073063548746
1549 0.1266856576102 0.8733143422569
1550 0.8733143428844 0.1266856568216
1551 0.6705613716300 0.1813159379771
1552 0.2512400772617 0.5325058771147
1553 0.1655495369790 0.7119846051145
1554 0.1986892688117 0.6295283093869
1555 0.5136448643444 0.2626943100672
1556 0.5973754934904 0.2137361889906
1557 0.4911931653971 0.2776525207905
1558 0.3469108776058 0.4041984856652
1559 0.3212074674720 0.4328329159384
1560 0.2065055580858 0.6086384637868
1561 0.2154209240815 0.5910283698305
1562 0.1153721109207 0.9624965760441
1563 0.7879285493842 0.1400172019839
1564 0.1385810808138 0.7937961422516
1565 0.2579538599854 0.5161261742780
1566 0.5770698543527 0.2214507005672
1567 0.3520853040051 0.3952030018521
1568 0.4814284153608 0.2810236736301
1569 0.9591123685260 0.1140612122980
1570 0.9066760677701 0.1178188294128
1571 0.1177977515807 0.9060952772854
1572 0.1731933623066 0.6782390186818
1573 0.8215949036938 0.1305749098247
1574 0.3254751994614 0.4229743832622
1575 0.2980187804332 0.4567020295763
1576 0.1449747069969 0.7603866368135
1577 0.5038235130309 0.2632237503205
1578 0.3575496904987 0.3863861624625
1579 0.4718536046685 0.2849018403317
1580 0.5580474190619 0.2275929900179
1581 0.2199722391030 0.5715646173173
1582 0.8540184517042 0.1219106090437
1583 0.1099774462896 0.9827204476042
1584 0.5299918887781 0.2439790514790
1585 0.3633002369874 0.3777590026385
1586 0.6873075424174 0.1662339910120
1587 0.4930565373080 0.2678722177584
1588 0.1214763009793 0.8540288014525
1589 0.1521534747313 0.7268144762951
1590 0.4624852486726 0.2892553470668
1591 0.3292833849108 0.4128259767386
1592 0.1277412420868 0.8149964677473
1593 0.3693332517386 0.3693332517386
1594 0.4533368665382 0.2940540911306
1595 0.2629651296377 0.4958477847822
1596 0.9400781590806 0.1088687238710
1597 0.7680449365586 0.1374242871264
1598 0.3349540166517 0.4037117922749
1599 0.3756287074058 0.3611419477455
1600 0.1087131911271 0.9392949479637
1601 0.2250462687167 0.5548681046028
1602 0.3050371045648 0.4379847304742
1603 0.4444194827187 0.2992697055341
1604 0.3822019562151 0.3531718627103
1605 0.1126094734313 0.8873905264505
1606 0.8873905270084 0.1126094727303
1607 0.1596415015102 0.6929424645053
1608 0.6556168335727 0.1740349172387
1609 0.6374485717038 0.1814858512589
1610 0.4828097211832 0.2691970365159
1611 0.4357420759525 0.3048756244035
1612 0.3890502553365 0.3454368630940
1613 0.3401559420577 0.3943269070523
1614 0.8020879412087 0.1264074953524
1615 0.1737658090554 0.6535748048946
1616 0.4273119721190 0.3108470771044
1617 0.3961708145314 0.3379517748260
1618 0.7352574538608 0.1437793944845
1619 0.1321331283381 0.7756167141110
1620 0.4730052996908 0.2748451627829
1621 0.4035606951504 0.3307324963842
1622 0.4191351823093 0.3171610333424
1623 0.4112166903186 0.3237961162918
1624 0.3473596363692 0.3848492990503
1625 0.2318345600259 0.5361735587416
1626 0.6184774308254 0.1877623627460
1627 0.2702106671333 0.4773017487600
1628 0.7029271322261 0.1529145807235
1629 0.5077702081074 0.2492721746107
1630 0.1792829656548 0.6343516841873
1631 0.8347449624876 0.1166717154378
1632 0.1389739343895 0.7413286705696
1633 0.9207522518940 0.1037426453215
1634 0.1036872301302 0.9200034159942
1635 0.3514653333307 0.3761004234321
1636 1.0000000000000 0.1000000000000
1637 0.1000000000000 1.0000000000000
1638 0.5994491627658 0.1938634935697
1639 0.3128229639879 0.4181118588709
1640 0.4626481459547 0.2773492031456
1641 0.5812416917144 0.2019495623395
1642 0.4525292402284 0.2838685211959
1643 0.1144552222896 0.8314353331721
1644 0.8681060467957 0.1078866237949
1645 0.2377021293685 0.5181270748508
1646 0.1955102236506 0.5920101021521
1647 0.1865602721530 0.6098776234040
1648 0.3619988857647 0.3619988857647
1649 0.1074001168004 0.8681049856462
1650 0.9770093572808 0.0979056504583
1651 0.6681106860412 0.1607085116502
1652 0.2759321892884 0.4593253651891
1653 0.0965651513494 0.9694208353555
1654 0.2008670669232 0.5773266410295
1655 0.3687121739608 0.3528346944149
1656 0.4434615626284 0.2874008593696
1657 0.4340186828625 0.2947916403216
1658 0.4176381193775 0.3077943575733
1659 0.5622149135580 0.2080749202882
1660 0.3850059930189 0.3360122127262
1661 0.4863284860567 0.2544664514984
1662 0.7495047148353 0.1299147795683
1663 0.1190329814768 0.7904963336249
1664 0.3764551238397 0.3432912003146
1665 0.7830055843247 0.1207249097955
1666 0.2453071484464 0.4993054757856
1667 0.4002269745205 0.3210407704286
1668 0.1445961605751 0.7009605125462
1669 0.4239980903378 0.3002027876105
1670 0.9541606795845 0.0946999470378
1671 0.0944560886597 0.9530784333885
1672 0.0985332892524 0.9014667106442
1673 0.9014667111323 0.0985332886390
1674 0.3923682622707 0.3266674662482
1675 0.7160018709177 0.1383835870617
1676 0.8155864028538 0.1117214318229
1677 0.3228224079609 0.3962755450533
1678 0.4082851527658 0.3122549226410
1679 0.3502091373332 0.3661256768922
1680 0.1253122310191 0.7568366526361
1681 0.5417985110071 0.2158544541628
1682 0.1497159411690 0.6784804184041
1683 0.2053233196828 0.5580140571406
1684 0.2829690973213 0.4406738877119
1685 0.8488425448923 0.1026234860570
1686 0.6824143401461 0.1468663172116
1687 0.1022740382032 0.8487790784652
1688 0.4662866112869 0.2617540602912
1689 0.1325942477917 0.7206292829251
1690 0.0887311496571 0.9831149019822
1691 0.1546214599669 0.6593170013861
1692 0.2507700712718 0.4801082226159
1693 0.2125501272479 0.5393951154848
1694 0.9348284360180 0.0896664612302
1695 0.0895541040299 0.9337856039670
1696 0.3543359284607 0.3543359284607
1697 0.6224869886106 0.1682401042426
1698 0.1067800717049 0.8084236225920
1699 0.8822022488256 0.0939047223694
1700 0.3352350526191 0.3727955882034
1701 0.0933239326215 0.8821811698399
1702 0.1592647076464 0.6398768580339
1703 0.7638053346366 0.1162836584861
1704 0.6488697889593 0.1552573586274
1705 0.1673407383901 0.6209297933786
1706 0.5234584782902 0.2188022464659
1707 0.5083593396113 0.2279336199354
1708 0.7974901471643 0.1069661136978
1709 0.6037389979753 0.1743469340227
1710 0.3616524420793 0.3430683414934
1711 0.2893380802933 0.4217838971707
1712 0.7302935231824 0.1244079824440
1713 0.2182026131927 0.5221579317148
1714 0.1125829509003 0.7716111188597
1715 0.2570838068277 0.4626901574205
1716 0.4081328441979 0.2996023843689
1717 0.5851074526161 0.1815595563149
1718 0.3439822060110 0.3579714432184
1719 0.3724195294881 0.3295801775876
1720 0.1729231557120 0.6007802934891
1721 0.8294987349134 0.0974268193607
1722 0.6967538774614 0.1329607685945
1723 0.4407143773483 0.2712831052669
1724 0.1816286737114 0.5826269002602
1725 0.1194082708291 0.7373028238411
1726 0.0844571050735 0.9155428948379
1727 0.9155428952563 0.0844571045477
1728 0.0800000000000 1.0000000000000
1729 1.0000000000000 0.0800000000000
1730 0.5663967505433 0.1885642712093
1731 0.0801127888017 0.9666515756479
1732 0.9702864854567 0.0797497062800
1733 0.2242333460512 0.5034617820102
1734 0.4211448475171 0.2833056418911
1735 0.4877804216205 0.2341647232391
1736 0.8629566571896 0.0885984692313
1737 0.0881145759906 0.8628956290356
1738 0.6632049602580 0.1413213755972
1739 0.2634744163204 0.4437626025995
1740 0.1868083740901 0.5633556982928
1741 0.3869097102714 0.3099704399530
1742 0.0934638770831 0.8250134103335
1743 0.5475173151237 0.1945792251111
1744 0.3463346723960 0.3463346723960
1745 0.7779915672880 0.1026042906484
1746 0.2315149045418 0.4848779998061
1747 0.7447045687395 0.1105618109427
1748 0.0994170829672 0.7866518462144
1749 0.9489046201419 0.0755902771389
1750 0.8963127702218 0.0799965837590
1751 0.0753887571531 0.9473618269115
1752 0.2964998859373 0.3971930782450
1753 0.0792477484426 0.8962573540336
1754 0.1231322985132 0.7005795481181
1755 0.4688940425709 0.2406893100522
1756 0.1932122477144 0.5442244157192
1757 0.8109402937635 0.0925919898437
1758 0.1173013477119 0.7167896661807
1759 0.7110806884259 0.1190096145272
1760 0.1297593586734 0.6791221135103
1761 0.1058256471638 0.7529183742151
1762 0.1364838039820 0.6603013997951
1763 0.5285432452080 0.2006724344788
1764 0.2698403927013 0.4259355071366
1765 0.3529759908327 0.3327469187557
1766 0.8438211966467 0.0835396293266
1767 0.6776269246962 0.1274738633681
1768 0.0829884973934 0.8435697218545
1769 0.3334893799108 0.3508309378903
1770 0.3107893163925 0.3749817338456
1771 0.6270948714434 0.1468951824250
1772 0.6071744753561 0.1558180488309
1773 0.2366059408671 0.4662197514933
1774 0.1985290554443 0.5252287725876
1775 0.1475497714789 0.6236887594528
1776 0.1393817427515 0.6418673283465
1777 0.0703809208946 0.9296190790316
1778 0.9296190793802 0.0703809204564
1779 0.5096340847177 0.2068612237511
1780 0.1550076887382 0.6052075113762
1781 0.4499981180678 0.2462743601099
1782 0.8770988430600 0.0746150610709
1783 0.5881311030898 0.1618749646494
1784 0.0740383918117 0.8769718132292
1785 0.9820648556225 0.0657403416568
1786 0.0657315115015 0.9798965532857
1787 0.6439929335155 0.1358685721733
1788 0.0865700243256 0.8019483444596
1789 0.7588757675062 0.0969758118111
1790 0.2059925255768 0.5067686655530
1791 0.7915680347544 0.0879448347021
1792 0.4915209561541 0.2145223000669
1793 0.5697580317893 0.1688701555604
1794 0.2759820749007 0.4069189706106
1795 0.7254666019119 0.1051777350916
1796 0.1611814194612 0.5844259864363
1797 0.3379856454050 0.3379856454050
1798 0.2439466272886 0.4476400167251
1799 0.9104458962680 0.0662143958808
1800 0.8245860906837 0.0782483482208
1801 0.6918636216422 0.1134781991160
1802 0.1672027224801 0.5669676047996
1803 0.3905595244427 0.2857306564528
1804 0.0651715642637 0.9103335382273
1805 0.9629808042659 0.0615140930476
1806 0.5508013030816 0.1751425190796
1807 0.0611884817914 0.9606281641970
1808 0.4312006314784 0.2520253812298
1809 0.3567895175863 0.3149214926765
1810 0.2118906272020 0.4877762681050
1811 0.0600000000000 1.0000000000000
1812 1.0000000000000 0.0600000000000
1813 0.3168421142061 0.3536983273957
1814 0.4726450940064 0.2211191337660
1815 0.0895169217298 0.7628400214394
1816 0.8578496361150 0.0692903720442
1817 0.1737076952663 0.5483290666668
1818 0.0688290351808 0.8576862724249
1819 0.3265838632121 0.3411919443878
1820 0.6583915140673 0.1220296446560
1821 0.4169855454625 0.2598788351864
1822 0.3426741380420 0.3245911829749
1823 0.2501155738312 0.4290008204536
1824 0.5329967037112 0.1812479850162
1825 0.2197208752339 0.4695499290321
1826 0.1042866085953 0.7016447584393
1827 0.2908423124967 0.3767034825684
1828 0.7733258790144 0.0831748092666
1829 0.0976583058030 0.7203816808432
1830 0.1101094228080 0.6825323537229
1831 0.0916908703748 0.7394554341039
1832 0.1168311796845 0.6639362020838
1833 0.7398035936302 0.0912659304315
1834 0.1801305777865 0.5294605133111
1835 0.0563047367157 0.9436952632253
1836 0.9436952635042 0.0563047363651
1837 0.0798256202500 0.7831456109357
1838 0.8912868092166 0.0607050518185
1839 0.4539069357961 0.2278973056160
1840 0.3718245503138 0.2927060627587
1841 0.6288032775643 0.1298831152672
1842 0.0599218412562 0.8911312754566
1843 0.1225129621415 0.6447880974841
1844 0.5140831084307 0.1874688631133
1845 0.8052945044577 0.0734257387595
1846 0.7062689791151 0.0996081634888
1847 0.6112417646544 0.1363038954087
1848 0.3292796756119 0.3292796756119
1849 0.1279232324556 0.6255615133679
1850 0.1864393161446 0.5108364280588
1851 0.1353093750015 0.6082329859252
1852 0.5924635722881 0.1423668646099
1853 0.8387976018955 0.0641938226734
1854 0.2993848488333 0.3585261723914
1855 0.3959321484641 0.2668356585504
1856 0.6727457548680 0.1081157555345
1857 0.4955752482778 0.1945868708019
1858 0.9246112430909 0.0526381730231
1859 0.2242475740906 0.4505237968613
1860 0.5737687873845 0.1492926385717
1861 0.1417224138448 0.5889361767647
1862 0.0664603680010 0.8151984327983
1863 0.2568033088909 0.4055068232601
1864 0.0510953800848 0.9244097224209
1865 0.4348157245837 0.2337877803502
1866 0.9770569883898 0.0474379089563
1867 0.2728324895183 0.3842326404792
1868 0.0690186564778 0.7964098222448
1869 0.0471862021807 0.9794838926881
1870 0.8720671275961 0.0552920560056
1871 0.0548725618222 0.8717907706168
1872 0.1927858754998 0.4918998001845
1873 0.0596786943118 0.8380868845315
1874 0.6391898703801 0.1164613739288
1875 0.5548453732511 0.1555668496851
1876 0.7543072960784 0.0775280173540
1877 0.4767910431404 0.2014356288276
1878 0.1474823264947 0.5698888076084
1879 0.3341651356358 0.3153225009266
1880 0.3153225009264 0.3341651356361
1881 0.7214743624812 0.0863639660061
1882 0.2318936687673 0.4321415739008
1883 0.7868286662631 0.0688027153451
1884 0.1550207535339 0.5514334679625
1885 0.2003029044744 0.4738584773447
1886 0.9055439116274 0.0469215664872
1887 0.6872972888544 0.0946064443084
1888 0.5358956239759 0.1618240331981
1889 0.8191409024656 0.0590336236443
1890 0.0526677086400 0.8545758793807
1891 0.3751805944296 0.2729983861672
1892 0.0422285525367 0.9577714474190
1893 0.9577714476281 0.0422285522739
1894 0.0458860234539 0.9051241816166
1895 0.4156612978248 0.2394693271188
1896 0.4579847558128 0.2082235155448
1897 0.0400000000000 1.0000000000000
1898 1.0000000000000 0.0400000000000
1899 0.1604186429941 0.5323072323925
1900 0.5184579207590 0.1680450522662
1901 0.3424801735111 0.2987756584515
1902 0.3202079609505 0.3202079609505
1903 0.0906976847764 0.6869979045504
1904 0.2380437970820 0.4132486553050
1905 0.0727238907200 0.7442401544931
1906 0.6535134350947 0.1026359735131
1907 0.0781933932239 0.7247164904646
1908 0.0840231956695 0.7058298023454
1909 0.8535753612394 0.0489853961621
1910 0.2066451847327 0.4550065103888
1911 0.9388115183981 0.0393718358091
1912 0.0963303860176 0.6681485133898
1913 0.1031567394658 0.6493779657087
1914 0.1680790201494 0.5139229237401
1915 0.2793491681703 0.3599265411658
1916 0.0656501675970 0.7625056513824
1917 0.7674540117110 0.0641290286010
1918 0.4992245184488 0.1755119654234
1919 0.5959849959730 0.1237894592055
1920 0.1085904643162 0.6305791460486
1921 0.0370191959059 0.9384859066146
1922 0.3972599701422 0.2463538970611
1923 0.7351444715164 0.0718220498714
1924 0.4392112560950 0.2143618323597
1925 0.8863764933005 0.0413607721250
1926 0.7020446642364 0.0816659209244
1927 0.1156960503503 0.6118966187962
1928 0.0591589125453 0.7814120846955
1929 0.3563206208977 0.2796283897208
1930 0.0406752486706 0.8858615435002
1931 0.2947229090061 0.3394970160626
1932 0.7997358999497 0.0542211600153
1933 0.3247340347991 0.3081420060712
1934 0.0330025010775 0.9862434523021
1935 0.1222051008767 0.5931869662073
1936 0.5769779745522 0.1298106872329
1937 0.0530783572671 0.8003446383351
1938 0.3056752142719 0.3252948896836
1939 0.2122805446265 0.4358854988839
1940 0.1730127267322 0.4947100099127
1941 0.4802381429240 0.1817601390083
1942 0.8334527047212 0.0449266832235
1943 0.5590899080570 0.1360874951824
1944 0.9198872114248 0.0333484243133
1945 0.2401288769039 0.3971255932415
1946 0.6170484216888 0.1087325555295
1947 0.6683139978304 0.0883860302523
1948 0.1283655497508 0.5741858192407
1949 0.0466404272326 0.8192725668564
1950 0.3789179962440 0.2534914487457
1951 0.8684464225277 0.0376755875707
1952 0.4203879907158 0.2200572068724
1953 0.1355735627512 0.5559660494663
1954 0.2507570398127 0.3805790777627
1955 0.0281523683578 0.9718476316126
1956 0.9718476317521 0.0281523681826
1957 0.1805561692618 0.4762175475103
1958 0.7478723713177 0.0603455632879
1959 0.0404861294229 0.8382184338744
1960 0.5401009435092 0.1423160699336
1961 0.0297081036346 0.9202479895246
1962 0.0355150197028 0.8668014756556
1963 0.4615305821651 0.1885466518563
1964 0.6355962295661 0.0968508224423
1965 0.2189520296450 0.4170657512637
1966 0.3107621430050 0.3107621430050
1967 0.7803128869742 0.0500317476135
1968 0.7158541867122 0.0672131741106
1969 0.1414766946966 0.5368901338222
1970 0.1870911352846 0.4592867327678
1971 0.3632335618832 0.2596119927627
1972 0.2595936364198 0.3628005097416
1973 0.5210615242526 0.1483886667750
1974 0.4017315052059 0.2272224690447
1975 0.9008105244835 0.0275544511746
1976 0.6832470686626 0.0751171838574
1977 0.1487247707749 0.5187996450510
1978 0.0229430117269 0.9525620908083
1979 0.8132097924237 0.0394519518550
1980 0.0780583785824 0.6719222682675
1981 0.0653688815034 0.7096756964763
1982 0.0711051348283 0.6905879886901
1983 0.4425095016416 0.1946724002071
1984 0.0586012029176 0.7284339459342
1985 0.5031118290863 0.1554891886120
1986 1.0000000000000 0.0200000000000
1987 0.0200000000000 1.0000000000000
1988 0.0835589194421 0.6527920097786
1989 0.0907509551182 0.6342446415172
1990 0.0526907884771 0.7474893836340
1991 0.9528137979175 0.0205161072504
1992 0.6001346872411 0.1043621870500
1993 0.2238146514367 0.3999596666441
1994 0.3160547608934 0.2956417670221
1995 0.2956417670219 0.3160547608936
1996 0.0229409807260 0.9020152571057
1997 0.1930705645715 0.4404085636297
1998 0.0460579389849 0.7663139356521
1999 0.0959955884299 0.6150583445606
2000 0.1543147925617 0.4996392422364
2001 0.5811221412652 0.1104997037457
2002 0.1032615293914 0.5964758040553
2003 0.3830196226583 0.2342417913126
2004 0.0400229203973 0.7853456281029
2005 0.4842926767541 0.1622242932299
2006 0.2685923396226 0.3420326513640
2007 0.7610868319813 0.0454079168990
2008 0.0179340622535 0.9342591973895
2009 0.9311427669951 0.0178703124861
2010 0.7299096811843 0.0532203224088
2011 0.4238891985619 0.2015639139692
2012 0.1616947199422 0.4817661690423
2013 0.0213765085970 0.8808578279926
2014 0.0140761841789 0.9859238158063
2015 0.9859238158760 0.0140761840913
2016 0.0334860182522 0.8042168388562
2017 0.5629313148904 0.1159261795594
2018 0.1086392009927 0.5773268192489
2019 0.7936763250576 0.0351953169471
2020 0.9669974989898 0.0137565477412
2021 0.8521456855178 0.0242933326572
2022 0.2308092503804 0.3813705491037
2023 0.1996483227467 0.4218017222589
2024 0.6454831589439 0.0784386854839
2025 0.6950253462437 0.0603785841958
2026 0.1158636298373 0.5587041893527
2027 0.5441652678042 0.1227972344117
2028 0.3239766787053 0.2786845091246
2029 0.4654580948159 0.1683572030323
2030 0.3009343849106 0.3009343849106
2031 0.8780674449846 0.0184463809036
2032 0.9153440742302 0.0139855075441
2033 0.6642758332219 0.0688039479095
2034 0.0259208821512 0.8220348528660
2035 0.1674846638628 0.4629773952468
2036 0.2402097982180 0.3637588930068
2037 0.4048220549529 0.2075229706609
2038 0.1218410826032 0.5403367324553
2039 0.0208936713754 0.8421351802673
2040 0.5253750821709 0.1288753601328
2041 0.3623585295901 0.2396970775712
2042 0.7452774414407 0.0406828279101
2043 0.6226184078299 0.0819713006228
2044 0.4466758329548 0.1751801742709
2045 0.0162340558854 0.8615465666553
2046 0.3440810295060 0.2535587834041
2047 0.1288835423646 0.5216862615516
2048 0.8279864147964 0.0210641663953
2049 0.2048893771108 0.4030192454711
2050 0.3056232085934 0.2880735206035
2051 0.2755526401694 0.3186138418893
2052 0.7747499293079 0.0308794957284
2053 0.7106618689859 0.0479419768844
2054 0.5066545388869 0.1358084940245
2055 0.1742528398120 0.4442096967872
2056 0.0586038688380 0.6764585371643
2057 0.2473276317539 0.3477606689362
2058 0.2852152503032 0.3064365875747
2059 0.0518824739676 0.6950004791861
2060 0.0458725754275 0.7140580870429
2061 0.0644809950440 0.6573662593416
2062 0.0713501437471 0.6389894871958
2063 0.3863475113255 0.2145356858984
2064 0.0392690472066 0.7327279620879
2065 0.6039636800436 0.0839884615327
2066 0.1345798566025 0.5026228109520
2067 0.0770326140500 0.6198423053241
2068 0.4878427099689 0.1425905014659
2069 0.4278703545202 0.1811446302461
2070 0.5852635729352 0.0910206738310
2071 0.0838280180994 0.6010844244136
2072 1.0000000000000 0.0000000000000
2073 0.0000000000000 1.0000000000000
2074 0.9800000000000 0.0000000000000
2075 0.0000000000000 0.9800000000000
2076 0.2115918032424 0.3843045816128
2077 0.8091103061157 0.0177130306361
2078 0.9600000000000 0.0000000000000
2079 0.0000000000000 0.9600000000000
2080 0.0301569667537 0.7525289193404
2081 0.1419953111804 0.4840922844349
2082 0.1800580192277 0.4251606699091
2083 0.7256833354491 0.0369311450372
2084 0.5665248574328 0.0969533622687
2085 0.0896449806547 0.5819777844847
2086 0.9400000000000 0.0000000000000
2087 0.0000000000000 0.9400000000000
2088 0.0204761008101 0.7895383045451
2089 0.6731507378032 0.0524721779839
2090 0.4691211940493 0.1494892953120
2091 0.0232869532866 0.7721597755506
2092 0.2907174529674 0.2907174529674
2093 0.9200000000000 0.0000000000000
2094 0.0000000000000 0.9200000000000
2095 0.0966277821840 0.5637116309029
2096 0.7587331964916 0.0256134867884
2097 0.2205108065177 0.3670311858308
2098 0.4091401473248 0.1880905398682
2099 0.3672309229093 0.2203076557033
2100 0.0140190466242 0.8083660973414
2101 0.5475631239726 0.1031514143585
2102 0.1480372901999 0.4672709980992
2103 0.9000000000000 0.0000000000000
2104 0.0000000000000 0.9000000000000
2105 0.7892310157379 0.0164628522836
2106 0.1873487716283 0.4066699303155
2107 0.3235973303884 0.2550080522162
2108 0.2550080522160 0.3235973303886
2109 0.1023227681839 0.5446680114917
2110 0.5289266060503 0.1102354719413
2111 0.8800000000000 0.0000000000000
2112 0.0000000000000 0.8800000000000
2113 0.6490953420184 0.0558307098809
2114 0.6921444441683 0.0406081403941
2115 0.4501205687046 0.1555475742349
2116 0.1559225926491 0.4489253286839
2117 0.1093790867761 0.5259923036277
2118 0.8600000000000 0.0000000000000
2119 0.0000000000000 0.8600000000000
2120 0.5099291125395 0.1162282613133
2121 0.2274432733227 0.3484039584113
2122 0.2964327654909 0.2743894889926
2123 0.2743894889924 0.2964327654911
2124 0.3903747957946 0.1938283735125
2125 0.7724246035481 0.0147585138934
2126 0.4314777206857 0.1626009001388
2127 0.3480217130287 0.2257634639727
2128 0.7388603726718 0.0219521662996
2129 0.1154877300642 0.5069751991334
2130 0.8400000000000 0.0000000000000
2131 0.0000000000000 0.8400000000000
2132 0.0389595204612 0.6798267366218
2133 0.6261144067880 0.0583421849884
2134 0.4915226091504 0.1236652619600
2135 0.1923597095568 0.3875865337727
2136 0.0516914548691 0.6421133775905
2137 0.0322346649447 0.6986439525680
2138 0.6075045499488 0.0654750937601
2139 0.0448140275540 0.6608685549670
2140 0.0588025660812 0.6234455501264
2141 0.1608792709360 0.4294545895842
2142 0.3310587720488 0.2365179984608
2143 0.2365179984605 0.3310587720490
2144 0.0196370725670 0.7364824591178
2145 0.1226777205547 0.4887610119327
2146 0.5884766236367 0.0713671660554
2147 0.0643167864611 0.6044688430863
2148 0.7070388171531 0.0272256024182
2149 0.8200000000000 0.0000000000000
2150 0.0000000000000 0.8200000000000
2151 0.3717169926572 0.2009449717303
2152 0.5699572998286 0.0786896457164
2153 0.0228355600243 0.7169854101361
2154 0.4724930946318 0.1297877112341
2155 0.2007604543091 0.3699776688144
2156 0.2801048015161 0.2801048015161
2157 0.3039448101851 0.2570078641520
2158 0.2570078641518 0.3039448101853
2159 0.4124383231969 0.1684592555454
2160 0.0699621841354 0.5853672186445
2161 0.1679151997260 0.4111036267136
2162 0.0769577402700 0.5666599222843
2163 0.8000000000000 0.0000000000000
2164 0.0000000000000 0.8000000000000
2165 0.1287154307577 0.4698265887956
2166 0.5515585030597 0.0837635395897
2167 0.6736465202420 0.0330174011917
2168 0.7242630140124 0.0170650214456
2169 0.4542416759538 0.1362104983694
2170 0.0828809026793 0.5492272814064
2171 0.5330097470405 0.0906770330800
2172 0.3939046992190 0.1757235566468
2173 0.1361052559866 0.4513778271267
2174 0.2081841584092 0.3514399561246
2175 0.3530058691129 0.2064265103285
2176 0.7800000000000 0.0000000000000
2177 0.0000000000000 0.7800000000000
2178 0.0897734601965 0.5291409845601
2179 0.5140517524590 0.0969856789320
2180 0.1740150522297 0.3921269784304
2181 0.3113460588978 0.2395120157880
2182 0.2395120157878 0.3113460588980
2183 0.2860363312796 0.2631591307598
2184 0.2631591307596 0.2860363312798
2185 0.4356990684560 0.1430718200476
2186 0.6546206100653 0.0335492784578
2187 0.6894802403031 0.0208073307478
2188 0.4957075492065 0.1041105188344
2189 0.1831603915795 0.3755889961376
2190 0.0000000000000 0.7600000000000
2191 0.7600000000000 0.0000000000000
2192 0.0957654764734 0.5101372395294
2193 0.6117662192252 0.0463384562386
2194 0.6300542416102 0.0390557208456
2195 0.3344493616090 0.2138271058204
2196 0.2138271058202 0.3344493616092
2197 0.0194883950519 0.6843523050233
2198 0.3748149730337 0.1813123236661
2199 0.0253374114111 0.6652370100559
2200 0.0390610805958 0.6266137786620
2201 0.1029720185874 0.4915084570431
2202 0.0312850417869 0.6461521682443
2203 0.4166969272779 0.1492462331251
2204 0.1401408695462 0.4301157965124
2205 0.5926982743655 0.0521502035534
2206 0.0448350795003 0.6089015326423
2207 0.4766827965842 0.1102717272910
2208 0.5743264575898 0.0591922438147
2209 0.0000000000000 0.7400000000000
2210 0.7400000000000 0.0000000000000
2211 0.2690906605233 0.2690906605233
2212 0.2933379670802 0.2455611332090
2213 0.2455611332088 0.2933379670804
2214 0.0508045899870 0.5898345300631
2215 0.1091947242678 0.4740317759670
2216 0.5553014800571 0.0651085865794
2217 0.0576215238931 0.5713818961864
2218 0.3564242270608 0.1888501492798
2219 0.1888501492796 0.3564242270609
2220 0.3983026470193 0.1562409735070
2221 0.4577290456924 0.1165313246302
2222 0.3158307063334 0.2200841199444
2223 0.2200841199442 0.3158307063335
2224 0.6682153410525 0.0169016350196
2225 0.0635196084922 0.5523714017329
2226 0.1458363889250 0.4099694682598
2227 0.5362349418062 0.0709904563270
2228 0.0000000000000 0.7200000000000
2229 0.7200000000000 0.0000000000000
2230 0.1163317588198 0.4541617794976
2231 0.0702177941906 0.5332443457591
2232 0.4389595729438 0.1233970743699
2233 0.1541055733568 0.3930934315559
2234 0.5172711165369 0.0772666458428
2235 0.2752410489339 0.2515197368011
2236 0.2515197368009 0.2752410489341
2237 0.3792595124138 0.1622635987693
2238 0.3372709465583 0.1941169613288
2239 0.1941169613286 0.3372709465585
2240 0.0765028545940 0.5142770143234
2241 0.4986087916144 0.0844026250697
2242 0.1634303944888 0.3754761363182
2243 0.0000000000000 0.7000000000000
2244 0.7000000000000 0.0000000000000
2245 0.1212395890944 0.4341265342405
2246 0.0152731144420 0.6485702878480
2247 0.2968267107837 0.2261176390402
2248 0.2261176390400 0.2968267107839
2249 0.6515446757043 0.0140357997202
2250 0.4200558582370 0.1295504891936
2251 0.0835443064324 0.4958758107481
2252 0.6331027684563 0.0193092120676
2253 0.0197431190120 0.6314622609398
2254 0.5970431595912 0.0328999130497
2255 0.4805554702305 0.0900868185448
2256 0.3610589823911 0.1694293895413
2257 0.1694293895411 0.3610589823912
2258 0.5784996551442 0.0396519612520
2259 0.3189083411079 0.2018153935443
2260 0.2018153935441 0.3189083411080
2261 0.0897663218381 0.4769603064658
2262 0.2576701252117 0.2576701252117
2263 0.2822695206601 0.2336800641990
2264 0.2336800641988 0.2822695206603
2265 0.0000000000000 0.6800000000000
2266 0.6800000000000 0.0000000000000
2267 0.6153277314805 0.0229338837002
2268 0.4013434560464 0.1365541132883
2269 0.5595111438215 0.0458708565080
2270 0.4617742618810 0.0969547305976
2271 0.0222074954836 0.6135193544761
2272 0.0296056937932 0.5941385546125
2273 0.0379657949482 0.5746060070497
2274 0.0968988887398 0.4583690109930
2275 0.0440279454728 0.5567442324023
2276 0.5405641386505 0.0516571910805
2277 0.4431692885367 0.1038527854699
2278 0.3419566131566 0.1752385508768
2279 0.1752385508765 0.3419566131567
2280 0.0510620390095 0.5380404683836
2281 0.5218642443450 0.0582017341030
2282 0.0000000000000 0.6600000000000
2283 0.6600000000000 0.0000000000000
2284 0.1442965383855 0.3803889453344
2285 0.3824505640924 0.1425473572452
2286 0.1029503305620 0.4393370809549
2287 0.2640021348000 0.2395072373725
2288 0.2395072373723 0.2640021348001
2289 0.2996689670060 0.2065283445601
2290 0.2065283445599 0.2996689670061
2291 0.5034985597563 0.0650770022648
2292 0.0567966449496 0.5175826076912
2293 0.4241465386370 0.1100038764489
2294 0.3239119384802 0.1825007522297
2295 0.1825007522294 0.3239119384804
2296 0.1206892188834 0.4063981571596
2297 0.1312882011015 0.3896512080331
2298 0.0638469995896 0.4988862405170
2299 0.3638140109231 0.1497301057876
2300 0.1504385221861 0.3616135311764
2301 0.4843804105013 0.0707237622510
2302 0.0000000000000 0.6400000000000
2303 0.6400000000000 0.0000000000000
2304 0.1065878464711 0.4217699052993
2305 0.4057305000021 0.1170526359968
2306 0.2815633310838 0.2145286462116
2307 0.2145286462114 0.2815633310839
2308 0.0702020677766 0.4810059717395
2309 0.4652116344095 0.0772622832577
2310 0.2458392469607 0.2458392469607
2311 0.5634310390072 0.0263068055492
2312 0.0185482171098 0.5790998597731
2313 0.0771613650209 0.4614605481409
2314 0.3451900031847 0.1555323048929
2315 0.1555323048927 0.3451900031848
2316 0.3047281552086 0.1879847120364
2317 0.1879847120362 0.3047281552087
2318 0.5445811947271 0.0328490558348
2319 0.5798289756238 0.0164764466418
2320 0.2678720287186 0.2200923653822
2321 0.2200923653821 0.2678720287188
2322 0.0000000000000 0.6200000000000
2323 0.6200000000000 0.0000000000000
2324 0.4464504925537 0.0841635562128
2325 0.3866597578473 0.1230410051307
2326 0.5254926813978 0.0385812418269
2327 0.0835191051528 0.4425064214547
2328 0.1321029866879 0.3688638428415
2329 0.0216131506695 0.5584488322526
2330 0.2501643087130 0.2308104170749
2331 0.2308104170747 0.2501643087132
2332 0.0291369464863 0.5402428942904
2333 0.3265445498903 0.1626833896563
2334 0.1626833896561 0.3265445498904
2335 0.5066089530417 0.0454182287962
2336 0.3686858627483 0.1303772939129
2337 0.2870806232218 0.1956022121000
2338 0.1956022120998 0.2870806232220
2339 0.4274419598808 0.0902949338857
2340 0.0374151945606 0.5215774050520
2341 0.0904464917767 0.4238271381550
2342 0.0000000000000 0.6000000000000
2343 0.6000000000000 0.0000000000000
2344 0.0443474837425 0.5030425084558
2345 0.4890332117218 0.0512892871327
2346 0.4087470977685 0.0973521535038
2347 0.4703676944525 0.0584106434085
2348 0.0507042164931 0.4841454814360
2349 0.1069107939040 0.3919174059283
2350 0.0976136020390 0.4051606159865
2351 0.3495316956447 0.1359794497686
2352 0.1359794497684 0.3495316956448
2353 0.3074589075855 0.1682202401934
2354 0.1682202401932 0.3074589075856
2355 0.2681970009444 0.2012642992065
2356 0.0576996902013 0.4654754779799
2357 0.2335951245849 0.2335951245849
2358 0.0000000000000 0.5800000000000
2359 0.5800000000000 0.0000000000000
2360 0.3896828341584 0.1033073755355
2361 0.5489663990347 0.0133534843499
2362 0.4498514551485 0.0644573273381
2363 0.1126876079817 0.3728182692030
2364 0.2002981146287 0.2642131868502
2365 0.3309328658895 0.1432033409730
2366 0.1432033409727 0.3309328658896
2367 0.0639310117053 0.4465047177312
2368 0.5299081159951 0.0193609107475
2369 0.2890402135983 0.1758911637092
2370 0.1758911637090 0.2890402135985
2371 0.3711274384260 0.1106729995144
2372 0.4316291018209 0.0707450651135
2373 0.2446767959716 0.2150266604009
2374 0.2150266604007 0.2446767959717
2375 0.0177212494262 0.5249867252356
2376 0.0707431012092 0.4271441364443
2377 0.5123905185826 0.0225476608195
2378 0.5600000000000 0.0000000000000
2379 0.0000000000000 0.5600000000000
2380 0.4923333610610 0.0319255835466
2381 0.3527175992962 0.1183952369231
2382 0.4119774595514 0.0776191781254
2383 0.3119016120769 0.1492482555576
2384 0.1492482555574 0.3119016120770
2385 0.0217655345252 0.5096130494385
2386 0.2726642185310 0.1818424925909
2387 0.1818424925907 0.2726642185312
2388 0.1162036142383 0.3524371383281
2389 0.0777194087042 0.4084054691194
2390 0.4736089758298 0.0386974664659
2391 0.3940505563683 0.0837971037074
2392 0.0379826067108 0.4687332439310
2393 0.4548973110545 0.0457439133627
2394 0.2938727081701 0.1566396321640
2395 0.1566396321638 0.2938727081702
2396 0.0932204515731 0.3773533516165
2397 0.0000000000000 0.5400000000000
2398 0.5400000000000 0.0000000000000
2399 0.3338732611558 0.1236135894365
2400 0.1236135894363 0.3338732611559
2401 0.0247504414265 0.4883368402466
2402 0.2209359949898 0.2209359949898
2403 0.0823033039877 0.3897247021246
2404 0.0443598224134 0.4505849539654
2405 0.2499371039143 0.1921960604036
2406 0.1963372117376 0.2453270065933
2407 0.3745977696514 0.0906678857186
2408 0.4349943337600 0.0511294718267
2409 0.0513958062636 0.4318759550822
2410 0.2749361944391 0.1625879864183
2411 0.1625879864181 0.2749361944392
2412 0.3148560986497 0.1294998221234
2413 0.1294998221231 0.3148560986498
2414 0.4164451207479 0.0583421677602
2415 0.3566895750354 0.0969934210901
2416 0.0969934210898 0.3566895750355
2417 0.0000000000000 0.5200000000000
2418 0.5200000000000 0.0000000000000
2419 0.0569546106628 0.4126854189775
2420 0.2266461072573 0.2021512098298
2421 0.2021512098297 0.2266461072575
2422 0.4770804287542 0.0190235175808
2423 0.1786572139787 0.2503083038304
2424 0.3977480728224 0.0648216371873
2425 0.0648216371870 0.3977480728225
2426 0.2963169292584 0.1369179628806
2427 0.1369179628804 0.2963169292585
2428 0.3380218406141 0.1040722399505
2429 0.1040722399503 0.3380218406142
2430 0.2537985265195 0.1721689159263
2431 0.4395243954950 0.0357274906244
2432 0.0175126552132 0.4701974089028
2433 0.3787704789447 0.0711228780994
2434 0.0711228780992 0.3787704789448
2435 0.5000000000000 0.0000000000000
2436 0.0000000000000 0.5000000000000
2437 0.2792137813900 0.1430893744797
2438 0.1430893744795 0.2792137813901
2439 0.4535873015905 0.0223589851585
2440 0.0219228492577 0.4541154621069
2441 0.2078613220973 0.2078613220973
2442 0.3190492287844 0.1103264426669
2443 0.1103264426666 0.3190492287845
2444 0.0316820112087 0.4351771658420
2445 0.2308394676355 0.1827061494753
2446 0.1827061494751 0.2308394676357
2447 0.1594752029023 0.2561425218499
2448 0.3597914590731 0.0772443246136
2449 0.0772443246134 0.3597914590732
2450 0.4194426443267 0.0385927646327
2451 0.0386783013650 0.4164439106247
2452 0.3007953823220 0.1175374002619
2453 0.1175374002617 0.3007953823221
2454 0.4014250805538 0.0452162706913
2455 0.0000000000000 0.4800000000000
2456 0.4800000000000 0.0000000000000
2457 0.2591378053132 0.1503853424966
2458 0.3411482748120 0.0844609842860
2459 0.0844609842857 0.3411482748121
2460 0.0443275346703 0.3975991872700
2461 0.2133640511781 0.1888691537506
2462 0.1888691537504 0.2133640511782
2463 0.3827938818035 0.0515465900163
2464 0.0515465900160 0.3827938818036
2465 0.1640908130222 0.2367713387123
2466 0.2818865226990 0.1237113598516
2467 0.1237113598514 0.2818865226991
2468 0.2352763692839 0.1632954641734
2469 0.3221828022880 0.0905968768238
2470 0.0905968768236 0.3221828022881
2471 0.4300000000000 0.0173205080757
2472 0.0000000000000 0.4600000000000
2473 0.4600000000000 0.0000000000000
2474 0.3638445763762 0.0578981763929
2475 0.0578981763926 0.3638445763762
2476 0.2633920801936 0.1310338147453
2477 0.1310338147452 0.2633920801937
2478 0.1943718828313 0.1943718828313
2479 0.3035586016016 0.0978228162125
2480 0.0978228162123 0.3035586016016
2481 0.1698695436207 0.2181078953431
2482 0.3451281399830 0.0648779494204
2483 0.0648779494202 0.3451281399830
2484 0.2163411271741 0.1694531753042
2485 0.2408172428167 0.1466177893976
2486 0.1452160290934 0.2422420702308
2487 0.0158786965428 0.4189448322298
2488 0.2859649207256 0.1041593175835
2489 0.1041593175833 0.2859649207256
2490 0.0000000000000 0.4400000000000
2491 0.4400000000000 0.0000000000000
2492 0.3859734407627 0.0316941316797
2493 0.4080272721121 0.0172734483074
2494 0.3261972082468 0.0712775122904
2495 0.0712775122901 0.3261972082469
2496 0.0216059697203 0.3993214152974
2497 0.1766809004846 0.1997477575383
2498 0.0307512857435 0.3829405616598
2499 0.1996774785869 0.1751825811593
2500 0.1511103944317 0.2234952617300
2501 0.3670878120822 0.0381690867573
2502 0.0381690867570 0.3670878120822
2503 0.1112683823208 0.2662632068702
2504 0.1275537693126 0.2469260733480
2505 0.2214051811604 0.1502500033799
2506 0.3077775344041 0.0783534515713
2507 0.0783534515711 0.3077775344042
2508 0.2466933031475 0.1275658290252
2509 0.3483877871718 0.0452447227036
2510 0.0452447227033 0.3483877871718
2511 0.4200000000000 0.0000000000000
2512 0.0000000000000 0.4200000000000
2513 0.2585646476515 0.1123411714063
2514 0.1574913557743 0.2050504053406
2515 0.1804881769148 0.1804881769148
2516 0.2888926915041 0.0846952385566
2517 0.0846952385564 0.2888926915042
2518 0.3897085256357 0.0120549579580
2519 0.2023776338742 0.1559384916680
2520 0.3294616741368 0.0515625980431
2521 0.0515625980429 0.3294616741368
2522 0.2273053324008 0.1322146858058
2523 0.1316401890980 0.2276735026503
2524 0.2703009807124 0.0918509246426
2525 0.0918509246424 0.2703009807125
2526 0.3708430317474 0.0186686667381
2527 0.0000000000000 0.4000000000000
2528 0.4000000000000 0.0000000000000
2529 0.3107762102182 0.0586469483641
2530 0.0586469483639 0.3107762102183
2531 0.0189105298414 0.3684547317066
2532 0.1628014800080 0.1858629281608
2533 0.1857937726704 0.1612988752428
2534 0.1030838744060 0.2497399793693
2535 0.1379321949672 0.2086101212337
2536 0.2078964494771 0.1368720929619
2537 0.1137045729758 0.2329417941047
2538 0.2928212489960 0.0651049265526
2539 0.0651049265524 0.2928212489960
2540 0.3533551216662 0.0220406464634
2541 0.0220809569805 0.3529570716594
2542 0.2347537353928 0.1095217094811
2543 0.2514211859611 0.0937060997986
2544 0.3338120989959 0.0301614025816
2545 0.0301614025814 0.3338120989959
2546 0.0000000000000 0.3800000000000
2547 0.3800000000000 0.0000000000000
2548 0.1436117383060 0.1911630735925
2549 0.0721085266731 0.2733753279283
2550 0.1666044709983 0.1666044709983
2551 0.2680315416239 0.0742895093041
2552 0.3148039924681 0.0391140952105
2553 0.0391140952102 0.3148039924681
2554 0.1887585828396 0.1421377311802
2555 0.1186703736876 0.2136124490657
2556 0.2134666252500 0.1178311409662
2557 0.0944036760077 0.2346869445111
2558 0.2959366036866 0.0455776099462
2559 0.0455776099460 0.2959366036866
2560 0.0000000000000 0.3600000000000
2561 0.3600000000000 0.0000000000000
2562 0.1489257311169 0.1719771618707
2563 0.0803367493601 0.2474517135361
2564 0.1719100667538 0.1474151693262
2565 0.1243021428097 0.1945251700742
2566 0.1943330913212 0.1230744786858
2567 0.2772747226244 0.0526124928446
2568 0.0995526857763 0.2188703035996
2569 0.2180330139033 0.0990240937448
2570 0.0518787031138 0.2756599583930
2571 0.2457347122274 0.0739666059780
2572 0.3179738554078 0.0194147228255
2573 0.0194147228253 0.3179738554078
2574 0.1297356415181 0.1772727483553
2575 0.2277920394353 0.0839689456207
2576 0.0000000000000 0.3400000000000
2577 0.3400000000000 0.0000000000000
2578 0.1527207650818 0.1527207650818
2579 0.1751570792271 0.1282478045643
2580 0.1051415346845 0.1998467446987
2581 0.1993221369836 0.1037481856853
2582 0.0580207121218 0.2523299984690
2583 0.2982017602139 0.0228323797678
2584 0.2524620687350 0.0572332419581
2585 0.0810058352354 0.2229774044966
2586 0.2804961097212 0.0328878506244
2587 0.0328878506242 0.2804961097212
2588 0.0220449695259 0.2941729373263
2589 0.1350567099567 0.1580897088231
2590 0.1580263608373 0.1335314634097
2591 0.0000000000000 0.3200000000000
2592 0.3200000000000 0.0000000000000
2593 0.1104983367548 0.1806959553732
2594 0.1806750920961 0.1091523157204
2595 0.2622995648798 0.0393667033663
2596 0.0857289196506 0.2044763379735
2597 0.2044048337631 0.0844421374108
2598 0.0618836964345 0.2287513592661
2599 0.0375725927651 0.2590004615567
2600 0.2289667253818 0.0606352332086
2601 0.1158660168789 0.1633770700686
2602 0.1388370591652 0.1388370591652
2603 0.1614868235099 0.1143385001438
2604 0.0913532526211 0.1860823261038
2605 0.0000000000000 0.3000000000000
2606 0.3000000000000 0.0000000000000
2607 0.1851773205986 0.0898142919168
2608 0.0663847698977 0.2093678786270
2609 0.2097006009775 0.0658484083349
2610 0.0195687508637 0.2677728864948
2611 0.2655881593091 0.0198101803897
2612 0.0435505370660 0.2340161978291
2613 0.1211999091198 0.1441992578026
2614 0.2343121318495 0.0414246894957
2615 0.1441426549208 0.1196477574932
2616 0.0966380494021 0.1669089550096
2617 0.1669363761801 0.0952108918106
2618 0.2468631681404 0.0267161789990
2619 0.0719775829691 0.1902147133122
2620 0.0000000000000 0.2800000000000
2621 0.2800000000000 0.0000000000000
2622 0.1903533484902 0.0705574828808
2623 0.0475901657812 0.2149067225619
2624 0.2150554347739 0.0466013658223
2625 0.1020081943269 0.1494719591537
2626 0.1249533532487 0.1249533532487
2627 0.1477449382154 0.1004312111209
2628 0.0774794042676 0.1722710228639
2629 0.0187952130707 0.2421128542020
2630 0.1711430950426 0.0759037078539
2631 0.0535903495292 0.1962542768504
2632 0.1957287302641 0.0516611467720
2633 0.0000000000000 0.2600000000000
2634 0.2600000000000 0.0000000000000
2635 0.0302001050291 0.2197593885938
2636 0.1073650630726 0.1303035671118
2637 0.1302589490043 0.1057640515766
2638 0.0827698559857 0.1530924781933
2639 0.0598334774018 0.1779351601777
2640 0.1531409810070 0.0812799667731
2641 0.2224608045370 0.0210163543112
2642 0.1763901022604 0.0566805400059
2643 0.0341018642046 0.2002764558321
2644 0.2009948969952 0.0323722458615
2645 0.0000000000000 0.2400000000000
2646 0.2400000000000 0.0000000000000
2647 0.0881716780079 0.1355505541913
2648 0.1110696473322 0.1110696473322
2649 0.1339493235569 0.0865304641014
2650 0.0635891370532 0.1583987193214
2651 0.1571856467006 0.0619956273534
2652 0.0403173225501 0.1815074661736
2653 0.1816616767828 0.0374733052217
2654 0.0155830150307 0.2063002254088
2655 0.0935690982418 0.1163989287126
2656 0.1163752430878 0.0918803456601
2657 0.0689173317572 0.1392240872552
2658 0.0000000000000 0.2200000000000
2659 0.2200000000000 0.0000000000000
2660 0.0450367569381 0.1646372443912
2661 0.1393092525714 0.0673637479762
2662 0.0214656831150 0.1877360720252
2663 0.1624666772713 0.0427892585466
2664 0.1860195868621 0.0186569264328
2665 0.0743731305377 0.1216018060663
2666 0.0971859414157 0.0971859414157
2667 0.0503972959194 0.1458124037595
2668 0.1201181389684 0.0726356551018
2669 0.0000000000000 0.2000000000000
2670 0.2000000000000 0.0000000000000
2671 0.1432660094114 0.0480909790566
2672 0.0229797512996 0.1707270024221
2673 0.1699467514572 0.0210284308898
2674 0.0798406342407 0.1024795281656
2675 0.0551451387861 0.1267374036309
2676 0.1024915371713 0.0779966397436
2677 0.1254554194076 0.0534594128874
2678 0.0285254968479 0.1516818030513
2679 0.1495325678272 0.0272510951377
2680 0.0000000000000 0.1800000000000
2681 0.1800000000000 0.0000000000000
2682 0.0606410672908 0.1076092882241
2683 0.0833022354991 0.0833022354991
2684 0.0359635306838 0.1320914041031
2685 0.1062648971903 0.0587451186094
2686 0.1293621322076 0.0341916446041
2687 0.0662259109773 0.0885371270902
2688 0.1600000000000 0.0000000000000
2689 0.0000000000000 0.1600000000000
2690 0.0413921027963 0.1126332096257
2691 0.0886078312548 0.0641129338270
2692 0.1115885836953 0.0395632273940
2693 0.0167756462465 0.1368227636316
2694 0.1346592275409 0.0149956075377
2695 0.0470224952170 0.0935528243689
2696 0.0694185295826 0.0694185295826
2697 0.0220759368498 0.1175205271305
2698 0.0923985150645 0.0448573613694
2699 0.0000000000000 0.1400000000000
2700 0.1400000000000 0.0000000000000
2701 0.1154645366018 0.0202975786594
2702 0.0527935003738 0.0745627244341
2703 0.0277528869404 0.0984215120529
2704 0.0747241253382 0.0502292279105
2705 0.0963293582340 0.0226149133624
2706 0.0000000000000 0.1200000000000
2707 0.1200000000000 0.0000000000000
2708 0.0335900298761 0.0794228361715
2709 0.0555348236661 0.0555348236661
2710 0.0785245140425 0.0309713127513
2711 0.0396259475813 0.0605558898708
2712 0.1000000000000 0.0000000000000
2713 0.0000000000000 0.1000000000000
2714 0.0608404194217 0.0363455219940
2715 0.0136307886941 0.0805211617858
2716 0.0204418153482 0.0652826224902
2717 0.0416511177496 0.0416511177496
2718 0.0646461812674 0.0170862772357
2719 0.0000000000000 0.0800000000000
2720 0.0800000000000 0.0000000000000
2721 0.0469567135052 0.0224618160774
2722 0.0204872744194 0.0468642105221
2723 0.0000000000000 0.0600000000000
2724 0.0600000000000 0.0000000000000
2725 0.0277674118330 0.0277674118330
2726 0.0139246284238 0.0327924317110
2727 0.0000000000000 0.0400000000000
2728 0.0400000000000 0.0000000000000
2729 0.0138837059165 0.0138837059165
2730 0.0200000000000 0.0000000000000
2731 0.0000000000000 0.0200000000000
2732 0.0000000000000 0.0000000000000

