 35.290309  72.099407  21.073578
 34.643516 188.875486  33.455532
 34.991681  85.247210  23.998263
 34.481422  71.211833   8.021244
 34.560562 135.037746  18.501070
 34.190917 171.383781  12.370593
 33.866073 119.606444   5.371934
 34.896918  78.302893   9.758256
 34.350145 186.077209  12.623488
 33.645552 172.246508   4.024647
 33.779093 167.015766   5.818183
 33.277892  86.952980   1.176942
 34.855928  77.076600   4.088214
 33.118769 143.306830   1.040847
 34.387443 155.556495   4.378104
 33.243252 169.499582   1.858397
 33.819493 161.826413   3.422232
 33.386283 165.879723   1.055509
 32.700076 115.013074   0.111904
 34.839066  76.321835   0.995539
 32.724620 170.960623  -0.231573
 34.475434 128.198184   0.176646
 33.975142 158.181026  -0.133622
 32.851651 168.454066  -1.045798
 33.461264 162.394170  -1.179860
 33.004918 165.667855  -2.639127
 34.842279 101.779126  -1.912603
 32.124202  86.617588  -0.333818
 32.199677 172.412935  -1.219156
 34.133977 155.482723  -3.310016
 32.307596 170.674901  -2.476213
 33.624277 159.600446  -3.943898
 32.467823 168.405843  -3.959924
 33.104177 163.006158  -4.829196
 32.631197 166.020689  -5.870430
 34.295804 153.661234  -6.546288
 33.789676 157.302422  -6.692519
 31.545063  87.419854  -0.497526
 34.857840  75.941742  -3.545787
 31.751567 172.782887  -3.355000
 31.595097 174.017652  -1.712746
 31.930255 170.954305  -5.002320
 33.274048 160.582088  -7.250398
 32.090214 168.827256  -6.823427
 32.748513 163.705307  -8.045687
 31.186038 175.062900  -3.736909
 32.263526 166.620164  -8.898422
 34.463155 152.220742  -9.705253
 31.368793 173.459011  -5.720643
 33.447047 158.413926  -9.915662
 31.031762 176.179699  -1.745761
 33.991556 155.179373  -9.754656
 30.959938  58.918733  -0.332480
 34.885182  50.434670  -3.239995
 31.539371 171.615122  -7.665837
 32.926048 161.502818 -10.370485
 31.717923 169.486869  -9.704201
 32.395264 164.445106 -11.061575
 30.804199 176.122154  -6.128758
 30.621020 177.573908  -3.587706
 30.978195 174.369258  -8.324687
 31.901246 167.310580 -11.865068
 33.083997 159.497958 -12.673846
 30.366688 119.125572  -1.137466
 34.922640  75.638180  -5.977671
 31.171331 172.425034 -10.472896
 32.581098 162.351690 -13.199883
 33.641651 182.248457 -15.316337
 34.336939 178.278530 -15.070525
 31.350742 170.246229 -12.657589
 32.045338 165.138120 -13.983029
 30.237943 178.878254  -6.185762
 30.404618 177.320731  -8.750121
 30.018776 180.442412  -3.246929
 33.213971 131.768040 -12.296819
 32.709586 160.390072 -15.116191
 30.603109 175.416842 -11.139212
 31.544232 167.996454 -14.859295
 29.765684  90.971143  -0.890141
 34.968091  75.586240  -7.263825
 30.789753 173.346281 -13.493130
 32.239761 162.998230 -15.996364
 33.970054 153.993521 -15.428547
 33.453874 156.293932 -15.958938
 30.988721 170.980958 -15.769514
 31.699665 165.713031 -16.949562
 29.829150 180.426627  -8.926471
 32.938400 158.430608 -16.783576
 34.514332 151.760662 -15.515323
 29.647725 182.000217  -6.094205
 30.028263 178.634332 -11.551380
 29.481000 183.470643  -3.091184
 30.219663 176.639900 -14.047131
 32.426723 160.860336 -17.728525
 31.192730 168.603788 -17.933707
 30.443605 174.432896 -16.675699
 29.154107  92.614814  -0.832344
 35.019688  75.436861  -8.212017
 31.903383 163.396922 -18.882558
 33.627352 154.655603 -17.505111
 34.143664 152.740943 -17.096180
 33.107924 156.637491 -18.242742
 34.647948 126.040942 -14.173021
 29.237750 183.834884  -8.900184
 32.596837 158.901177 -19.197663
 29.436252 181.849743 -11.946118
 29.653667 149.875832 -11.732452
 29.054537 185.359179  -5.758090
 30.632538 171.972496 -19.031800
 31.359113 166.193308 -20.006782
 28.897272 155.287151  -2.203711
 32.060631 161.166015 -20.471519
 29.719410 178.611814 -17.076640
 30.847054 169.254073 -21.165441
 34.364407 151.720260 -18.183367
 31.572456 163.698784 -21.869213
 33.344161 154.919278 -19.432736
 33.854166 153.232957 -18.692190
 28.531154  94.066259  -1.012642
 35.077479 100.539482 -11.952172
 32.833193 156.723811 -20.452579
 28.835959 185.659013 -12.137946
 28.642438 187.332373  -8.558902
 29.844033 205.814580 -24.087923
 28.410185 220.554244  -5.012754
 32.308329 158.873146 -21.763033
 29.065468 213.725395 -18.694753
 31.024560 166.524840 -23.268794
 30.255087 172.560406 -22.639641
 31.787782 161.080665 -23.349651
 33.989199 152.157523 -19.496862
 30.507778 169.583653 -24.761694
 33.032089 154.865443 -21.369209
 34.578409 151.012946 -19.034585
 33.532631 153.388662 -20.323890
 31.248282 163.736497 -25.033404
 29.079812 181.406738 -20.551070
 28.222866 189.864697 -12.116385
 27.896364  95.923179  -1.170726
 35.138870  75.215767  -9.513694
 29.697215 146.446372 -20.136719
 32.511519 156.607785 -22.718326
 28.026089 191.485534  -8.325753
 27.837722 193.323315  -4.318954
 31.990387 158.592704 -24.374147
 28.303462 188.276554 -16.191984
 30.000857 172.827435 -26.195869
 30.697143 166.601667 -26.735027
 29.211859 179.262832 -24.410678
 28.494245 186.315602 -20.527675
 34.216709 151.160818 -20.050633
 31.456363 160.869719 -26.289015
 33.710331 152.066073 -20.864678
 33.198267 153.090492 -22.025363
 32.753100 154.443702 -23.397810
 30.176599 169.873993 -28.490214
 29.430784 176.507612 -27.364764
 30.933967 163.541223 -28.246853
 34.682396 150.472051 -19.625686
 32.247953 155.985293 -25.108741
 28.627926 183.808875 -24.604255
 27.248475  98.018488  -1.123588
 35.203093  75.091347  -9.783305
 31.718982 157.938754 -27.159676
 27.224418 196.022931  -8.187297
 27.361965 194.748791 -12.139499
 29.601520 173.379070 -30.098225
 30.378087 166.510862 -30.390653
 27.502984 193.273047 -16.192868
 28.837738 180.728672 -28.329800
 31.205114 160.199722 -29.334204
 33.933480 150.806036 -21.049669
 26.991519 197.743524  -3.986623
 33.431926 151.460301 -22.260060
 27.694956 191.321989 -20.231922
 34.437953 150.314757 -20.241009
 32.925139 152.368051 -23.778941
 32.447482 153.562604 -25.511589
 27.894301 188.922747 -24.500580
 34.911558 150.081222 -19.821674
 29.084916 177.455972 -31.573958
 29.853823 169.940420 -32.513402
 30.660501 162.961323 -31.720936
 31.931974 155.032015 -27.668927
 26.587912 100.219815  -1.074357
 35.268585  74.973553  -9.832280
 28.234558 185.828697 -28.841839
 26.726600 199.289688 -11.477055
 26.604470 200.505886  -7.214920
 31.407556 156.911219 -30.166953
 26.901222 197.911737 -15.649469
 26.447221 167.970083  -2.916292
 29.279170 173.804647 -34.503502
 30.113846 166.028287 -34.280460
 34.626776 124.877515 -16.702332
 27.060859 196.232589 -19.924018
 33.647544 150.010858 -22.022771
 28.485264 182.421170 -32.715327
 34.148449 149.792715 -20.766106
 33.143806 150.452816 -23.627407
 30.915783 159.154706 -32.786613
 27.263868 194.112866 -24.282598
 32.638543 151.195855 -25.597749
 34.956415 124.840585 -16.496643
 32.188674 152.180205 -27.952297
 29.550029 169.702785 -36.840624
 27.443809 191.469489 -28.641840
 28.730004 178.728554 -36.158446
 30.383995 162.073809 -35.549588
 31.654111 153.574679 -30.880197
 26.259226 202.428438 -14.765710
 27.677394 188.266999 -33.052252
 25.978461 204.471976  -5.674512
 26.077016 203.679649 -10.373562
 25.911066 136.581001  -1.891270
 35.333718  74.825911  -9.748047
 26.422195 200.957811 -19.275496
 31.131154 129.894223 -27.657133
 33.885605 148.786479 -21.372059
 34.644699 199.025379 -26.528310
 33.385262 148.724753 -23.006263
 28.975893 174.389281 -39.309430
 29.827548 165.176212 -38.562177
 26.589539 199.152083 -23.809414
 32.895138 148.945419 -25.024799
 27.970901 184.645773 -37.249245
 32.393934 149.578986 -27.620287
 26.809458 197.025733 -28.546912
 30.644346 183.288284 -42.722553
 29.266102 169.586182 -41.543545
 26.996198 194.373120 -33.155709
 31.687167 150.539211 -31.118331
 30.107536 134.194749 -32.890522
 28.220135 180.663276 -41.432650
 25.606768 207.000368 -13.537270
 25.459125 208.063330  -8.879490
 25.336390 208.919590  -4.145595
 25.762114 205.741541 -18.257707
 25.973318 204.195006 -23.065355
 27.249371 191.081945 -37.912324
 31.171274 178.069465 -40.793380
 25.220732  69.870961  -0.823923
 35.397522  99.537188 -12.503544
 34.152730 147.795664 -20.248945
 33.598105 147.227440 -21.958122
 33.104351 146.946611 -23.976638
 26.151003 202.321547 -28.015346
 32.642050 147.098070 -26.537666
 34.658016 123.763997 -15.926849
 28.541912 204.647746 -52.845299
 29.598195 190.660702 -50.894689
 26.399878 199.990181 -33.091743
 31.928945 147.491207 -30.352733
 27.450023 187.270699 -42.598793
 30.666538 127.746460 -32.566109
 29.001509 168.616217 -46.802356
 30.132121 183.167555 -49.759786
 26.598315 197.210361 -38.243275
 31.429507 148.387266 -34.087167
 24.939798 211.581402 -12.152744
 25.102250 210.530263 -16.929218
 25.304930 209.211518 -21.852119
 24.774032 212.528559  -6.930424
 27.733441 182.934977 -46.988315
 33.342372 145.255948 -22.499512
 33.824398 146.035224 -20.521083
 25.494016 207.660451 -27.075422
 34.315982 147.099561 -19.017197
 26.886815 193.758368 -43.410966
 30.922423 149.498349 -38.186663
 34.906520 148.466129 -17.938974
 32.854996 144.810100 -24.914018
 24.513647 142.401425  -2.134612
 35.458186  74.577374  -8.650270
 28.507507 144.159520 -41.767116
 29.209789 136.704942 -40.463563
 32.201862 144.607986 -28.701641
 25.733186 205.648796 -32.369022
 25.949377 203.234981 -38.015899
 31.710430 144.756175 -32.702671
 27.896601 178.374856 -51.692504
 29.639500 158.773720 -48.176352
 27.100925 189.722272 -48.481683
 30.415825 151.161129 -42.665462
 28.757724 168.203600 -51.694868
 26.227442 200.071441 -43.615117
 31.226268 145.215520 -36.922385
 24.259945 215.967189 -10.332921
 24.413072 215.291806 -15.368818
 24.614027 214.320728 -20.404863
 24.800942 213.162803 -25.760773
 24.055123 217.189300  -5.019593
 27.433656 184.860632 -53.415107
 29.893319 153.469562 -47.595075
 33.545469 143.847576 -20.613899
 34.028773 145.113955 -18.699131
 33.086117 142.781339 -22.925837
 25.040923 211.613079 -31.365035
 34.516274 146.700357 -17.224319
 28.184399 173.261487 -55.345200
 29.090639 161.884643 -53.002410
 32.606413 141.889059 -26.281648
 26.470532 196.306222 -49.479129
 30.728553 146.187873 -41.639619
 35.097669 148.464255 -16.211570
 23.793503 109.445166  -1.299855
 35.513912  49.712170  -5.230414
 31.955137 141.332521 -30.669073
 25.256332 209.670724 -37.302986
 26.794927 191.528347 -54.881039
 30.237229 147.762653 -46.876141
 28.535253 166.806296 -57.444458
 25.540100 207.027797 -43.516081
 31.472793 141.123188 -34.888195
 27.591228 179.432166 -58.324368
 29.406718 155.671015 -53.239818
 23.917012 219.357733 -18.539977
 23.725182 220.014277 -13.256023
 23.541571 220.618133  -7.947925
 24.099931 218.599701 -24.143035
 23.433013 184.057826  -3.108015
 33.764280 142.763882 -18.325983
 25.785083 203.741492 -50.048365
 30.990271 141.318106 -39.749866
 33.288912 141.182026 -20.606880
 24.304094 217.498011 -29.791554
 34.239104 144.489448 -16.506506
 27.977366 172.731319 -61.687348
 28.872911 159.922291 -58.559957
 32.817570 139.610074 -23.514483
 27.071889 186.251586 -60.615436
 29.727697 149.822747 -52.599460
 34.724407 146.711945 -15.113380
 32.207512 138.235535 -27.672374
 24.552244 216.007250 -36.006684
 26.125204 199.300615 -56.333516
 30.499024 142.037611 -45.327316
 31.743346 137.475918 -32.293127
 24.834774 213.854172 -42.372146
 23.057231 111.387640  -1.227871
 35.562794  98.950253  -9.395053
 28.334338 165.283984 -63.578176
 27.382934 179.654374 -65.293861
 29.205680 152.980137 -58.713771
 31.274290 136.778609 -37.151029
 25.100248 211.304762 -49.589271
 22.913526 224.210218  -4.643067
 26.407688 194.032427 -62.838858
 30.039531 143.344977 -51.507887
 23.199115 224.200086 -16.127822
 27.793751 171.715938 -68.485165
 28.675316 157.752168 -64.474457
 23.322435 224.313351 -21.962107
 22.863567 262.704573 -11.884814
 33.499442 139.910689 -17.802504
 30.813170 136.644342 -42.836071
 25.430718 207.445148 -56.751558
 33.954889 142.001893 -15.681229
 23.574610 223.798592 -28.286628
 33.022116 137.728921 -20.391349
 34.430485 144.282915 -14.041052
 24.205520 220.596228 -41.018720
 23.822550 222.674169 -34.588315
 26.763704 187.322002 -68.932576
 29.531720 145.727856 -58.354430
 31.975276 133.712246 -29.089464
 35.007271 146.983852 -12.545788
 28.155376 163.396404 -70.154875
 25.725018 202.709138 -64.396087
 30.342299 137.008162 -49.301419
 32.459999 157.080966 -28.020770
 27.196857 178.927993 -73.654995
 29.025384 149.591979 -65.033690
 31.517487 132.641630 -33.977229
 24.367083 218.899183 -48.288853
 22.305571 113.540282  -1.328601
 35.605473  74.175213  -5.636971
 22.499500 190.164045 -11.398016
 31.062194 131.662860 -39.393197
 24.704858 216.211727 -56.337306
 27.633056 170.257397 -76.004988
 28.499705 155.356400 -71.352961
 22.164187 228.607920  -5.162012
 22.530508 228.963452 -18.212914
 33.227198 136.574749 -17.140063
 33.685895 139.064771 -14.662847
 23.464998 188.594886 -32.625332
 26.097323 196.381967 -72.139059
 29.792857 137.957376 -57.083400
 34.152470 141.653497 -12.715572
 32.822171 111.982432 -16.518625
 30.603084 131.183519 -45.847773
 25.077661 211.960157 -64.627338
 34.622962 144.338024 -11.135625
 23.785141 226.050986 -46.092663
 27.998312 161.378632 -77.090037
 23.033669 268.368588 -39.253822
 35.105252 147.140567  -9.847118
 22.580055 269.369254 -28.689985
 31.681035 107.645608 -25.618843
 26.571603 188.613226 -79.107037
 29.287445 140.741730 -65.050718
 21.980801 230.407442  -9.813516
 25.405696 206.725526 -73.785324
 30.157371 130.672959 -53.540203
 31.304560 127.274316 -35.196518
 23.947149 224.748451 -54.446313
 28.345413 127.777432 -64.990044
 27.492872 139.428526 -69.791051
 32.025605 149.795550 -30.142374
 21.849270 232.422869 -13.787794
 21.539701 154.458022  -1.830878
 35.638794  74.223649  -4.174155
 30.897903 125.892407 -41.416621
 24.329417 221.730475 -63.249623
 32.428381 130.385083 -20.832704
 28.738157 169.410774 -86.916677
 27.000035 206.539454 -100.484402
 23.043843 232.439951 -41.791684
 33.409920 135.644794 -13.438907
 33.873097 138.638677 -11.187558
 32.973308 132.784149 -16.370741
 34.326350 141.654773  -9.409339
 21.394609 232.854778  -5.848913
 27.863634 158.646009 -84.758810
 25.687616 199.868182 -82.864548
 29.719081 130.731453 -62.395647
 21.730632 234.864617 -18.311928
 34.798258 144.654796  -8.018684
 30.463831 124.531012 -48.704550
 24.661864 217.640647 -73.133524
 35.261573 122.963237  -6.016621
 31.586058 124.228065 -30.574535
 23.234846 232.726587 -50.951349
 21.250400 234.635391  -9.946912
 31.185231 121.554626 -36.224702
 23.578833 231.254101 -59.981843
 27.378439 166.150694 -91.362900
 28.214579 149.510098 -85.173798
 22.009688 237.818315 -29.224663
 29.190086 132.752576 -72.521067
 26.085348 191.222648 -92.981893
 21.624285 198.001158 -19.181136
 25.037341 212.564354 -83.867437
 30.028287 123.100608 -57.008995
 32.639644 128.443404 -16.325686
 22.262514 239.000446 -37.478355
 30.777108 119.185896 -43.018239
 23.912564 228.694100 -70.380876
 21.116134 236.961230 -13.804803
 27.750628 156.043546 -92.352959
 32.213268 125.135044 -20.478754
 20.763650  78.251490  -0.532967
 35.661666  74.087952  -2.807643
 33.588380 135.229072  -9.471750
 33.145554 131.834370 -12.160348
 20.731795 235.355520  -2.909564
 34.039355 138.584836  -7.520095
 34.500904 142.060070  -5.959444
 31.797534 121.317160 -24.824144
 22.435639 240.651155 -46.373161
 20.654489 236.623047  -6.352452
 24.266737 224.785897 -82.171746
 30.375993 116.753677 -51.154538
 25.360711 205.558803 -95.573683
 29.623254 121.851584 -67.195806
 28.103192 122.311610 -77.135534
 35.104304 170.498838  -5.184733
 27.337342 136.093102 -83.959594
 31.391058 117.630423 -30.362950
 22.780002 240.812039 -55.976591
 28.574451 180.516206 -116.314155
 20.930101 281.134307 -21.517696
 20.507099 238.677842  -9.718684
 31.031760 114.301130 -36.688646
 23.105728 239.846579 -66.819055
 21.142768 243.484051 -24.809957
 32.834435 127.675453 -11.429247
 27.659214 153.056716 -101.108707
 21.407682 245.659357 -32.176929
 26.671231 234.549835 -141.240166
 32.413807 123.552800 -14.923404
 29.186668 122.278975 -79.696757
 24.588892 220.165586 -94.504566
 29.984049 113.670196 -60.046438
 25.779650 195.198583 -107.130928
 33.315075 131.478285  -7.711108
 30.655874 110.884906 -44.381805
 23.455746 237.356118 -78.987306
 33.746912 135.273301  -5.388511
 32.005671 119.244408 -18.982685
 21.636516 247.968524 -40.675338
 20.061330 238.558417  -3.304022
 20.368477 241.727871 -13.079469
 28.015310 141.777461 -101.269406
 27.208391 160.624779 -110.452014
 34.202150 138.925827  -3.731480
 19.974671 118.770852  -0.910739
 35.673583  73.994518  -0.996214
 34.655620 142.648565  -2.238962
 31.616189 114.732092 -23.989080
 21.959045 249.718120 -50.233214
 23.961038 193.552354 -76.088141
 19.902435 240.043957  -6.280497
 30.271454  90.124118 -43.764409
 27.590404 149.151213 -110.424674
 24.972665 213.185834 -109.622460
 29.600718 110.860123 -71.054240
 31.233818 110.263931 -29.909005
 22.281099 250.576871 -61.602778
 20.237864 204.437678 -13.171683
 26.166197 154.442034 -99.904894
 28.779540 100.665650 -76.595503
 35.169904 146.371951  -0.388183
 20.325442 247.756488 -20.428136
 32.999200 127.419591  -6.318751
 30.859839 105.819927 -37.175969
 22.697969 250.182620 -74.674920
 19.750655 242.508555  -8.919291
 20.563304 250.895896 -26.458331
 32.577613 122.818587  -9.337585
 27.877041 115.695792 -91.980871
 27.207983 129.895344 -99.313417
 32.177181 117.912693 -12.733479
 20.801616 254.323253 -34.093460
 28.322821 148.191748 -122.104098
 26.652018 199.303710 -145.917945
 33.460985 131.613271  -3.154128
 33.898619 135.744007  -1.195113
 30.503582 101.846236 -46.260106
 23.117936 246.647900 -90.331490
 29.216442 109.232687 -85.026994
 25.399750 203.620255 -123.671514
 31.791557 112.779148 -17.079807
 21.108479 257.579397 -43.054626
 34.346833 139.635911   0.145490
 27.543313 145.558225 -119.778206
 30.070367 117.345178 -69.051522
 23.960337 272.355616 -125.564558
 19.603698 246.077858 -11.685550
 19.251693 241.231900  -3.209624
 34.807626 143.360297   1.432738
 19.176389 160.387757  -1.014860
 35.674065  74.014689   0.873493
 31.433911 107.330997 -22.342393
 21.415875 260.433223 -54.110471
 27.903769 132.452578 -120.159840
 19.139485 243.106890  -5.462098
 27.085734 155.013091 -129.708820
 21.815408 262.303520 -67.352830
 31.079842 101.690262 -29.059799
 24.583056 185.778968 -103.576595
 29.612260  96.563640 -73.795946
 19.517213 250.442565 -15.236585
 33.144401 127.793952  -1.251217
 19.744739 254.717797 -20.204411
 32.733994 122.872731  -3.715168
 28.838113 123.821904 -119.390826
 35.241602 146.657596   3.433740
 27.518504 140.788617 -130.383384
 19.972299 259.063304 -26.660748
 32.337138 117.567352  -6.471931
 30.736230  95.689970 -37.290681
 22.224607 262.714731 -84.192425
 18.981489 245.991389  -7.372536
 20.251513 263.861524 -34.664968
 31.960557 111.865691  -9.966452
 33.601010 132.266642   1.408362
 18.653321 201.774875  -1.217889
 34.032751 136.618792   2.992937
 26.487870 197.411315 -171.309895
 30.395178  90.023635 -47.846302
 34.485779 140.539433   4.120727
 20.536117 268.888164 -44.866857
 31.597567 105.637652 -14.351125
 25.625251 258.293948 -193.070957
 27.826507 107.403734 -107.913047
 22.852833 259.248544 -105.817043
 34.873787 119.889939   3.918206
 18.534106 243.356662  -2.828747
 27.076932 149.876846 -143.645574
 31.252145  98.959101 -20.006389
 20.892941 273.692797 -57.565296
 29.355378  90.900681 -88.846179
 18.372072 121.141766  -0.370842
 35.661749  74.071918   2.759491
 28.305433 151.784084 -164.949453
 27.514201 135.264614 -141.000299
 18.765391 292.947758 -10.903709
 24.640394 260.487064 -171.042431
 30.085555  85.334007 -60.092955
 18.366580 245.603716  -4.041378
 30.924896  91.788372 -27.173192
 21.289007 277.545125 -73.648890
 18.919653 256.687140 -13.684892
 33.273687 128.739693   3.714529
 32.864318 123.595510   1.829832
 19.123460 262.084019 -18.982131
 32.469456 118.047156  -0.184759
 27.875732 119.516679 -139.717154
 23.635793 334.744083 -181.254879
 19.377974 268.159864 -25.466168
 32.093647 111.980883  -2.844559
 26.702559 157.353234 -159.690291
 18.012285 243.381777  -1.056159
 30.620512  84.169465 -35.958075
 21.749350 280.584389 -94.643789
 29.767721  78.141673 -73.716217
 27.145883 142.423755 -156.445109
 35.222784 170.660409   8.762550
 25.795028 184.073967 -163.782730
 33.722590 133.351248   5.877272
 19.638780 275.014286 -34.139991
 26.267031 141.964616 -138.132920
 31.745680 105.258187  -6.218968
 18.189654 248.994815  -5.081805
 27.532457 128.333507 -153.047673
 34.160328 137.766763   7.126697
 29.160972  84.668754 -104.471793
 25.385301 166.711974 -140.446765
 24.866507 213.952613 -164.675255
 34.609573 142.008235   7.676339
 31.408867  97.816545 -10.739040
 28.093598  89.966667 -116.801684
 19.956742 282.688448 -45.483762
 28.710434 106.326256 -142.638516
 30.333041  76.676087 -46.890500
 17.759004 245.053320  -1.692418
 28.407471  81.711804 -111.871372
 24.418421 192.748090 -139.341925
 31.093555  89.650893 -16.620998
 18.034747 210.480755  -4.440178
 20.300749 290.513848 -60.386984
 23.851373 245.273535 -160.415713
 17.562514 162.275892  -0.152447
 35.637034  74.095638   4.702568
 30.095182  58.922425 -49.063053
 26.424319  82.128567 -85.670116
 26.827298  75.149897 -83.516706
 26.001036  89.175732 -85.912064
 22.250427 330.999776 -143.656988
 27.210110  68.206428 -81.362450
 18.101351 256.989908  -7.601096
 33.397077 130.192026   8.458268
 32.985984 124.998042   7.143680
 25.558599  97.162504 -87.218362
 27.571110  42.153706 -52.693934
 18.288702 263.299148 -11.215844
 32.590144 119.363182   5.836705
 30.801961  80.638710 -23.959145
 25.093384 104.520526 -86.802717
 17.584913 247.512911  -1.960192
 18.512699 270.283676 -15.999143
 27.912549  77.002588 -99.041841
 32.216373 113.113197   4.088320
 23.365815 219.026455 -133.494397
 28.972660  64.295733 -99.717008
 20.704697 299.135633 -79.121253
 29.535983  89.629790 -120.539086
 24.608463 113.133710 -87.070986
 28.239891  50.669491 -71.834129
 18.739765 278.607143 -22.641859
 31.859879 106.059407   1.756544
 24.100206 120.876066 -85.532456
 22.754287 276.067299 -149.450892
 33.835657 134.801996  10.156477
 30.537223  70.904079 -33.314596
 29.219297  68.049479 -109.674492
 28.544885  45.498926 -68.167346
 19.020621 288.315759 -31.619275
 31.527498  98.104613  -1.400442
 17.195341 244.305842  -0.222414
 34.270883 139.335310  10.979932
 17.409035 250.902027  -1.945704
 35.238914 122.677075   9.418520
 34.796783 143.498101  11.347166
 23.572875 129.593786 -84.336913
 28.825901  40.153027 -63.263973
 31.219906  89.202391  -5.727314
 21.131362 362.156260 -123.990457
 19.315175 299.420303 -44.138496
 29.440439  48.895999 -86.067401
 22.179150 247.198867 -119.998589
 30.296539  61.273544 -46.025440
 23.023701 137.224687 -81.070426
 16.978228 246.062573   0.093860
 29.086754  34.826142 -60.259016
 30.944144  79.287520 -11.478861
 29.983155  72.792321 -89.409061
 17.229865 255.398650  -2.117015
 19.667460 313.555293 -59.128409
 33.086837 126.898153  12.149567
 17.448188 306.479399  -3.206482
 33.500600 132.008954  12.933267
 21.577506 309.503893 -132.117915
 32.688160 121.344123  11.531724
 16.751014  81.079139   0.063408
 35.599473  73.991929   6.501186
 17.645793 270.713998  -6.524338
 22.457314 146.317006 -77.640492
 29.604242  42.398201 -78.409064
 32.309991 115.125046  10.627610
 29.321461  29.953243 -55.526565
 17.863645 279.345788 -11.264409
 31.958681 108.017767   9.376326
 30.693225  68.048734 -18.959137
 16.795914 248.630745   0.822186
 16.559740 243.552078   0.401062
 18.078189 290.277432 -17.224157
 31.619551  99.857959   7.540366
 21.867998 154.785427 -72.875655
 29.813021  45.183589 -84.738873
 29.529788  25.370203 -50.558749
 33.933085 136.601626  14.143464
 20.983350 273.248465 -103.476989
 18.328596 304.122706 -26.006050
 30.475438  55.104968 -29.516313
 19.900478 388.575977 -96.268455
 31.312096  90.554828   4.868752
 34.418365 141.166819  14.958620
 16.378745 244.523158   1.208537
 16.608266 252.227543   2.059474
 21.260633 163.417268 -68.191806
 29.715977  21.477503 -46.307695
 31.046698  80.036010   0.986651
 35.027869 170.317405  17.918763
 29.951209  31.902808 -61.283610
 20.321897 338.631982 -108.012358
 18.619441 322.648915 -36.414583
 30.256056  48.528515 -53.144766
 33.180127 129.233517  16.700579
 16.193405 246.285689   2.456947
 32.776612 123.920356  16.704973
 30.802975  67.780253  -4.338853
 33.598622 134.039165  17.021867
 32.394580 117.902211  16.618231
 29.882192  18.111790 -40.793445
 20.631656 171.128004 -61.109711
 16.412108 257.269675   3.425731
 30.100722  32.688726 -61.924171
 16.743486 224.342792   1.552235
 32.030836 110.976102  16.355104
 15.940931 121.394968   0.295112
 35.549481  74.102084   8.517779
 19.734494 296.399439 -79.895950
 17.158756 240.513196  -4.270351
 31.692788 102.960321  15.815190
 30.597524  52.966423 -12.231304
 16.001667 248.854503   4.205017
 30.025495  14.829516 -35.371661
 17.353695 354.192820  -6.541837
 16.729796 325.236618   2.954979
 31.380496  93.595666  14.801719
 19.987395 178.962992 -54.232933
 15.784475 242.947986   1.374087
 34.023999 161.656758  21.811258
 18.653786 407.774892 -61.537561
 30.206854  21.908210 -42.520123
 17.604016 267.024011 -13.428861
 31.099710  82.757778  12.984104
 18.997009 363.375091 -75.690632
 16.121314 263.506328   6.806395
 30.406979  41.198327 -27.802100
 15.599264 243.922728   3.134496
 30.147049  11.902649 -29.420255
 15.801005 252.356140   6.703812
 19.324240 185.341761 -44.954911
 30.857944  70.022817  10.302418
 30.298670  23.169096 -38.410216
 34.551863 143.361110  19.236902
 32.848097 126.908758  21.307338
 33.258004 131.690725  20.830185
 32.457534 121.266310  21.922863
 32.091267 114.722214  22.579140
 33.594914 112.826958  17.279389
 15.398167 245.655897   5.292211
 30.245755   9.461059 -23.545843
 18.382448 314.556143 -49.522996
 31.740167 107.118544  23.181611
 30.659435  53.504735   5.477331
 15.869502 270.850080  10.701346
 18.648600 191.921414 -35.691446
 31.424196  98.146974  23.658013
 16.219527 291.620881   8.278656
 15.524571 257.176950   9.981540
 15.134573 160.770550   0.839268
 35.489132  49.452458   6.635586
 30.356318  15.088071 -21.805952
 35.036490 147.279945  19.645330
 31.132401  87.518013  23.793607
 15.194617 248.123154   8.146588
 17.283540 473.497966 -19.459371
 15.011590 241.634474   2.777527
 30.320692   7.272364 -16.803090
 16.602456 326.733357   4.398479
 30.474609  37.876281  -1.979419
 17.618160 379.893006 -34.563960
 30.881718  74.923499  23.122969
 17.958590 195.862369 -24.030583
 30.400735  16.811864 -13.663519
 15.589243 279.555163  16.623937
 15.264562 262.981944  14.701546
 14.820758 242.596579   5.442390
 32.913309 130.168942  25.246940
 32.514889 125.041373  26.453506
 33.730797 138.100076  23.173351
 30.674100  58.288184  21.999637
 33.330429 134.549866  24.212701
 14.943377 251.588098  11.830511
 15.904704 306.071812  15.834122
 30.371469   5.565843 -10.596077
 32.133218 119.064020  27.877265
 31.775227 112.059642  29.495448
 34.204588 141.987941  22.731293
 16.985180 325.754412 -11.730505
 31.441242 103.770584  31.260245
 14.608671 244.141201   8.482292
 17.260587 200.415480 -12.527525
 30.412379  11.490384  -0.697918
 34.658547 145.724197  22.713820
 14.441887 199.675208   1.709450
 31.138627  93.874863  33.122216
 14.988034 269.572960  20.574821
 30.398549   4.294873  -3.583001
 15.269350 290.435541  24.233785
 14.691554 255.798846  16.604894
 14.333731 119.387673   0.675461
 35.416769  98.604656  15.236833
 30.873806  81.831922  34.986804
 30.457851  46.042735  29.924644
 15.607763 268.001105  21.294702
 14.398210 246.403439  12.333673
 14.243496 239.719008   4.624324
 30.411520  14.811036  11.836587
 16.552269 201.563745   0.766229
 15.840422 474.307609  39.551369
 16.201594 387.067359  11.955931
 30.654018  66.627559  35.733531
 30.400413   3.849366   2.825474
 32.558112 129.041905  30.160036
 32.967376 133.555941  28.474033
 32.168912 123.764934  32.206211
 14.046016 240.413490   7.978124
 14.671653 277.476258  28.548749
 14.408796 260.624937  22.570321
 33.392780 137.485154  27.107385
 31.797278 117.547416  34.622573
 30.485915  41.915975  30.485471
 14.929144 304.289201  35.201144
 33.830095 141.016596  26.208997
 14.126897 249.375709  17.149351
 31.447855 110.164879  37.441858
 13.829319 237.322053   2.904198
 34.278278 144.136871  25.572339
 31.126620 101.327207  40.684426
 30.371236  10.544766  22.281114
 15.841409 202.812594  13.688103
 13.830793 241.738918  11.943553
 15.560163 326.499915  29.595092
 34.806970 147.157264  25.374962
 30.376674   3.389764  10.615479
 30.839543  90.693518  44.284921
 14.106831 266.141120  30.214198
 14.313978 286.656188  39.309798
 13.857302 252.706568  23.036861
 13.542576 117.892155   0.896807
 35.336421  74.276508  12.915314
 30.593975  76.291711  48.722714
 30.340447  35.416527  45.733631
 14.532773 322.062780  48.721340
 13.476266 237.012453   6.634215
 13.572489 243.609183  16.745851
 30.308953  16.272749  40.068143
 15.127373 199.998936  27.803154
 30.327624   3.801610  17.467868
 32.599820 133.080646  33.028118
 32.194154 128.628415  35.543894
 33.018815 136.958467  31.037386
 31.807543 123.261900  38.599097
 14.772892 379.632728  63.248201
 33.452627 140.334989  29.495093
 30.344198  64.432286  63.510461
 31.445124 116.949165  42.176860
 13.276935 237.479116  10.766555
 13.758414 272.298320  40.192895
 13.555415 256.433570  30.246634
 33.893487 143.242791  28.405253
 31.102701 109.337890  46.470638
 13.923301 296.875775  54.126887
 13.318420 245.801053  22.346211
 34.346926 145.881084  27.755830
 30.790788 100.134998  51.465392
 14.144388 405.943686  89.055906
 30.220183  15.211455  47.000392
 30.252340   5.276447  25.645146
 14.418153 197.438915  41.870781
 12.984620 272.710174   4.612189
 34.808741 148.189198  27.589329
 13.050489 238.476322  15.393561
 30.517884  88.777885  57.132486
 14.081863 315.244924  76.045282
 13.230066 260.418564  39.323760
 13.381042 278.865387  53.222202
 13.035493 248.118313  29.091861
 30.288190  72.335367  65.047184
 12.761813 115.966165   0.972321
 35.247250  49.658314   9.250823
 30.131791  33.681614  79.860441
 12.722894 233.590075   8.846842
 13.470047 308.913417  73.962425
 12.815912 239.747397  20.780248
 32.218852 133.569880  38.144977
 32.633974 137.093315  35.241966
 31.813505 128.964855  41.616018
 30.146794   8.062042  32.266987
 33.064263 140.242166  32.948236
 31.432202 124.028721  45.690667
 13.709759 191.406067  55.527666
 33.503072 142.914517  31.238163
 31.070211 117.503787  50.596432
 33.952712 145.307302  30.073608
 12.516298 233.896630  13.567892
 30.733274 109.844696  56.463566
 13.355832 359.617250 111.823297
 12.855880 264.408499  50.730166
 12.712700 250.528956  37.247900
 12.947545 285.124633  70.069415
 12.364786 191.871149   2.363338
 30.426967 100.705820  63.689229
 12.510319 241.039554  27.091583
 34.489246 147.564210  29.379927
 30.016430   9.995506  41.299443
 12.971021 324.923015 104.611175
 29.957286  22.991269  71.935690
 29.950595  67.924848 112.728474
 30.161660  88.416315  72.618633
 12.288444 234.387916  18.631706
 13.015323 183.214777  67.086360
 12.184275 229.974018   6.693426
 12.370351 252.755427  47.239932
 29.949818  61.307701  69.452630
 12.450325 267.848085  65.048744
 12.221553 242.256367  34.516540
 12.661328 338.218212 136.991200
 11.993962 114.262575   0.999548
 35.151405  99.360119  19.540244
 32.666952 140.875494  36.587986
 31.417477 108.538420  39.509554
 11.971828 229.732214  11.222675
 33.107833 143.372636  34.227702
 32.224352 138.313272  39.707407
 12.437394 290.915789  94.993021
 12.034217 234.976800  24.584758
 29.857589  11.501432  49.013395
 29.797937  26.554019  84.602497
 33.557764 145.284280  32.394209
 30.673141 119.873338  59.777181
 12.337975 172.288817  78.322959
 34.012905 147.108289  31.154447
 31.706578 158.128690  51.918449
 31.008421 148.162555  62.516615
 30.336137 112.957151  68.016946
 11.764165 229.627765  16.192893
 11.989612 254.276461  59.273989
 11.882517 243.282805  43.244846
 11.636306 226.735014   3.989115
 30.025934 103.804328  77.682549
 11.977192 270.018279  82.913318
 11.724496 235.310032  31.340853
 34.556362 148.761076  30.594745
 11.925693 269.609165 134.897726
 29.667456  15.277566  56.123025
 29.759146  90.088163  90.422176
 11.530118 229.635191  21.722255
 29.579229  41.966569 113.194514
 11.460036 225.869571   8.578138
 11.677417 161.792903  88.880884
 29.544409  92.711057 147.411291
 32.273780 118.416587  33.213773
 11.610724 391.121508 180.170191
 11.529566 243.557489  53.428866
 11.428514 235.482659  39.032366
 11.549800 254.341321  74.054671
 33.153787 121.484709  28.841941
 11.240331 112.040446   1.288072
 35.051079  74.743718  15.361868
 31.163432 135.043781  51.613039
 30.613851 106.989744  51.330238
 11.240262 225.281978  13.449258
 33.607828 147.405722  33.178672
 11.449634 266.588409 107.188184
 11.341060 296.410612 171.258894
 29.448505  20.065870  64.633482
 30.243221 124.255872  68.831118
 11.242008 229.367408  27.946250
 32.648722 168.974374  43.693059
 31.841639 141.227432  43.560818
 29.365092  41.613808 109.208498
 34.069355 148.638056  31.976568
 11.042948 148.206554  95.422440
 11.026978 224.879691  18.655421
 10.973707 222.413411   5.053312
 11.097029 235.036486  47.809606
 11.139904 242.597679  65.375549
 29.580730  90.414394  76.634040
 30.685653 135.007274  58.473469
 34.567425 149.469654  31.374856
 11.059287 252.154560  92.055573
 10.955237 228.893064  34.829098
 31.353335 140.948339  48.716659
 29.197001  25.460326  71.225714
 29.749707 140.411702  95.223336
 29.264659  99.312630 109.677003
 10.657552 229.998910 158.407819
 10.783092 224.256349  24.333089
 10.735883 221.310061  10.385525
 32.059611 145.062718  41.765182
 29.078047  62.862435 140.957517
 10.431411 135.721949 102.240413
 10.714738 233.523147  57.792934
 10.650282 227.973596  42.512203
 10.689845 240.095589  80.746004
 32.989273 172.873740  41.822471
 10.502574 145.816530   2.031677
 34.947737  74.956699  15.644044
 30.853610 141.132241  55.130561
 10.513364 220.558063  15.500221
 30.167513 158.295476  79.448208
 29.827759 108.845711  64.342717
 10.523910 203.629539  92.930484
 10.347205 260.906613 163.288947
 28.916580  32.463197  78.999730
 10.486501 223.351510  30.554371
 31.556439 145.365774  46.158908
 28.907770 105.897422 160.871069
 10.119262 247.259324 191.748863
 34.083423 124.800683  26.773281
  9.851692 121.125502 104.812729
 10.252341 285.320623 157.338638
 28.787638  64.032680 131.547069
 10.303078 219.698138  20.735148
 10.255981 217.868677   6.888551
 32.287906 148.267517  39.552143
 10.313990 226.297779  51.101477
 10.320359 231.052801  69.930296
 30.350402 118.173985  51.821323
 33.572968 174.466558  38.951809
 29.085061 144.083873 121.850764
 10.201796 222.018367  37.417144
 31.047820 146.142149  51.371808
 10.126704 233.369121  98.529257
 29.413848 135.404800  88.219500
 28.766846  94.398306 105.744348
 28.601196  40.365603  85.322427
 10.045929 216.830350  12.252422
 10.058020 218.624446  26.306550
 31.774876 148.920306  43.390268
  9.501115 186.210102 169.702780
  9.298982 107.646106 108.541049
 28.450258  93.240220 166.109018
  9.908478 225.040653  83.825058
 29.610130 141.043397  77.979830
  9.933927 223.286434  60.701822
 33.079369 125.424965  29.272092
  9.893722 220.032523  44.998456
 34.326702 175.234954  36.762693
  9.814555 215.581421  17.212223
 30.530933 147.405855  58.119335
  9.778854  71.516525   0.781652
 34.843318  50.046731  10.397095
  9.705862 225.074828 116.112853
  9.790996 217.051198  32.415098
 32.540664 150.722587  37.440729
  9.697846 214.152114   4.113448
 31.255883 149.962430  47.800673
 28.253478  50.222772  91.454182
 33.814255 150.683447  32.330624
  9.628719 213.452593   8.853268
 28.285581 138.393270 177.030731
  9.207541 288.876095 224.237766
  8.777674  94.519742 107.620224
  9.601829 214.395493  22.299969
  8.951825 199.454573 199.276094
 32.010294 151.633162  40.676920
  9.558042 217.974261  71.569640
 29.827186 172.401564  79.985769
 28.088067 115.845774 180.495324
  9.538696 216.682851  52.466816
 33.300092 151.397665  33.638021
  9.495312 214.928981  39.052560
 30.735947 151.698207  53.069586
  9.345583 216.457823  97.664141
 29.108851 122.850812  71.304085
  9.354452 211.945895  13.612524
 27.866560  61.198497  97.366541
  9.344078 212.709505  27.773388
 28.262407 185.952428 169.925245
  9.023094 240.502253 158.449432
  8.288187  81.364974 105.815846
 31.484652 153.021755  44.315980
 32.781386 152.338986  35.542885
  8.403367 172.526611 198.861898
  9.150038 211.813763  83.077680
 29.287194 152.662591  77.835907
 27.786869 113.105222 141.800728
  9.177284 212.487948  61.139419
 30.004194 153.935759  60.787534
 34.063257 150.990078  31.307320
  9.160532 211.043081  45.015872
  9.127101 210.483146  18.354074
  8.504109 181.980904 175.295745
  9.107144 209.471432   5.067796
 28.497563 199.469294 134.734423
  9.072243 105.208289   1.327777
 34.739795 100.301923  20.541567
 32.257734 153.566203  37.962161
  9.077827 210.620079  33.682265
 27.777711 145.141052 154.466026
 30.952565 155.074351  48.627466
  8.498621 186.448606 151.517573
 33.548654 152.036708  32.183637
  7.834481  48.187381  68.502497
 27.455861  48.188258  68.557218
  8.933220 208.582099  10.033411
  8.769052 235.519904 129.688460
  8.902610 208.805371  23.449329
 27.743937 127.823015 117.794338
  7.910174 167.548654 225.341793
 27.379967 167.538031 225.600172
 31.721588 155.211730  40.933127
 29.451049 184.712302  80.266205
 33.028583 153.298000  33.529074
  8.392609 154.047708 113.446363
  8.779852 173.952932  32.600476
  8.630943 201.406439  93.030198
 28.734421 157.615691  86.661666
  7.950700 157.357514 174.696026
 27.339309 157.478680 174.930367
 30.408197 157.518801  53.785403
  8.689466 239.923613  82.284547
 27.743664 133.193055 107.938376
  8.664507 206.948896  14.547365
  7.423079  61.104169  97.286092
  8.646262 206.779906  28.826685
  8.323941 187.917242 121.693535
 27.919577 160.788213 117.475943
 34.311534 125.750524  25.214342
  8.635013 206.883395  51.010465
 27.002110  81.300708 105.877398
 31.183474 157.410855  44.388105
 32.504740 154.844908  35.358156
  7.955800 165.039309 156.622461
 27.334649 165.278944 156.667255
  8.451291 199.487435  80.703992
 28.894804 162.516415  77.492443
 33.797119 152.145659  30.654671
  8.231260 155.746265  91.661116
 26.886198 172.376309 199.401580
  8.447076 205.237606  19.341423
  7.930134 169.864322 140.508714
 27.360800 170.057245 140.517351
  8.425839 205.122030   6.136827
  7.503287 112.616469 141.438433
 27.939989 138.879489  88.044449
 29.850365 161.008806  59.394400
  8.381882 136.692708   1.891706
 34.638909  75.364833  14.846762
 31.972351 156.717479  37.706810
  7.035120  50.197069  91.461502
  8.383085 204.637440  35.044010
  8.353910 202.021676  58.449975
 30.633828 160.224430  48.212727
  8.298733 204.026287  11.137579
 33.277482 153.687099  31.530118
  7.201249 115.231142 180.371912
  8.108494 189.708831  98.509882
 28.154562 167.156951  95.733207
  7.873573 172.563860 126.496268
 27.417542 172.578660 126.396189
  7.512659 144.444052 154.141635
 26.512797  94.479928 107.918333
 26.780332 182.451776 177.128890
  8.229229 203.350762  24.414424
  8.195122 236.905564  49.404637
  8.127236 163.593543  60.543753
 28.967293 138.589760  59.220815
 31.434254 159.035586  40.505725
  7.546483 127.268550 117.549949
 32.751924 155.502336  32.867285
  7.789708 174.760430 113.654222
 27.501422 175.232905 113.620452
  6.686423  40.158348  85.253464
  7.960915 189.867418  87.427553
 28.312094 169.617343  84.498770
 26.784705 187.147403 153.011040
 26.332330 199.401819 201.111307
 30.081978 163.589111  52.485936
  8.003516 196.227655  64.351808
 29.287055 166.746066  64.530482
  7.524068 132.652227 107.409731
  6.837411  92.476138 165.726711
  7.997924 202.057825  15.503137
  7.977633 168.135491   2.862995
 34.049173 151.552942  29.147760
  7.972301 201.073620  29.536614
 26.897869 154.385950 113.958464
  7.946035 198.274685  49.451189
 32.218870 157.616543  34.655682
 25.990812 107.752009 108.565961
  7.678085 177.167754 101.861023
 27.613476 177.191629 102.384029
 30.883716 161.877390  43.705913
  7.786938 189.565929  77.825789
 28.495556 172.008699  76.251271
  7.843557 201.054303   7.479068
  6.954781 135.887498 176.238422
  6.369710  32.361591  78.859096
 33.535695 153.543879  29.492048
  7.794882 200.177658  20.176566
  7.370773 160.798238 116.932875
 26.968088 187.926218 121.899886
 29.509230 168.032394  57.228050
 31.677692 160.080693  36.868972
  6.476540  63.320631 131.309308
  7.706044 100.090209   1.012313
 34.542530  75.538371  14.045513
  7.539266 178.659672  91.442798
 27.751409 178.430846  91.523207
  7.720640 198.130364  35.248493
 25.789076 186.198401 170.459065
 26.034119 250.168307 205.213149
  7.673787 199.564702  11.973268
  7.665578 193.796665  56.200987
 33.012770 155.619958  30.399635
 30.327625 165.269186  47.216228
  7.588874 188.681701  69.295076
 28.704155 173.027753  68.829104
 25.437870 121.211687 104.932009
  6.088579  25.426390  70.977324
  7.267419 138.189528  87.091517
 27.059769 155.837081  91.912299
  7.568373 197.968514  24.789845
  6.943725 206.575012 185.976020
  7.374471 179.824610  81.952237
 27.915843 179.738092  81.973549
 31.125972 162.985111  39.481598
 26.253591 242.832063 163.521809
 32.480288 157.939356  31.728008
  6.207288  62.592836 140.465149
  7.355820 187.976355  61.451174
 28.925746 173.788041  61.698772
 29.752820 169.382616  51.136882
  7.379762 226.147032  48.400505
  7.135722 167.521473  94.840700
 27.182485 189.652826  98.810730
  7.341625 197.878491   3.599891
  7.348194 197.412801  16.120747
  6.341863 103.519097 159.521185
  5.837048  19.671120  64.350622
 33.914322 177.822465  31.834305
  7.321334 195.326890  29.435680
 25.169541 247.517712 191.946426
 31.941379 160.546867  33.413166
 24.858092 135.578091 102.230042
 30.564568 166.362657  42.438517
  7.184397 180.534356  73.453019
 28.105799 180.517476  73.458865
  7.240108 190.649174  49.026075
  7.199065 196.517495   7.848495
  5.920110  41.197875 108.247675
  7.201930 195.345764  20.388836
 33.273265 155.158328  27.913549
 26.514055 235.692643 131.383346
  6.825584 178.239476 117.930058
  6.977983 169.749929  84.642486
 27.329535 189.848956  87.589644
  6.358900  90.346562 103.874866
  5.616303  15.242905  55.908471
  7.091501 186.583678  54.490119
 29.162027 174.406933  55.158458
 31.389707 163.676389  35.414689
  7.046507  97.820748   0.978322
 34.452150  75.629541  12.938484
  7.060643 192.004624  34.254240
  7.022213 194.952760  12.165111
 24.632156 229.940483 158.092370
  6.970050 180.833423  65.735515
 28.320162 180.848819  65.715124
 32.743589 157.825222  28.788366
 29.991322 170.276783  45.637337
 24.246897 148.111601  95.398785
 24.944231 338.622300 208.319836
  5.668247  41.497758 112.626663
  6.914593 192.848011  24.666377
  6.794542 172.042281  76.308777
 27.503274 189.558459  77.890407
  5.425883  11.346246  48.829666
 30.831258 167.153658  37.862088
 32.204305 160.903713  29.907116
  6.816046 192.903641  16.198214
 25.545519 227.520634 121.712972
 29.420988 174.690619  49.166763
 26.657288 201.453762  93.428784
  6.795004 157.157046  31.607813
  5.494210  26.466739  84.070004
 33.995510 126.720391  20.884491
  6.732280 180.751502  58.662282
 28.558015 180.753205  58.620891
  6.554602 158.355120  86.584390
 33.544269 154.349290  25.361081
  6.704097 193.568994   3.649687
  5.741528  91.216851 146.216836
  6.707154 153.951463  40.763070
  5.266807   8.310676  40.357630
 23.612974 161.754196  88.662221
  6.680926 189.965782  28.925314
  6.585988 173.027957  68.860146
 27.701240 188.724895  69.358308
 23.948725 296.480176 170.950745
  6.276556 135.159382  98.154628
  6.647571 216.781370  50.392830
 30.255645 170.977105  40.556854
  6.088000 117.010968 105.118104
  5.920490  96.235457 106.818650
 33.018924 157.477209  25.780496
  6.564731 190.645591  20.279598
  6.539077 192.061845   7.849448
  6.394973 162.429471  77.599395
 26.838750 199.546685  80.751948
  5.326742  26.748994  84.262427
 31.592318 164.330819  31.310265
  5.135258   6.081598  32.984708
 29.702307 174.837944  43.563914
  6.471676 180.380532  52.286562
 28.818657 180.354377  52.265462
  6.226805 146.045623  88.063040
 25.943672 216.297151  98.603033
  6.431072 186.861369  33.097986
  6.401452  95.719378   0.938722
 34.369790  75.781655  11.793150
 23.365801 270.609912 133.748895
  6.322740 138.567557  59.266090
 27.162815 163.559314  60.594507
 22.951417 172.818801  78.503974
  6.395036 190.499554  12.235354
  6.364461 173.782243  61.724276
 27.934458 188.063070  61.353291
  5.382538  57.256889 102.040233
  5.171988  16.961330  59.102145
  6.321223 187.887164  24.312410
  5.033483   4.554397  24.806433
 31.008900 168.189887  33.009406
 33.815158 153.096570  22.832921
 23.550428 349.117030 157.553722
  6.183408 188.470349  16.206364
  6.189595 179.768399  46.415693
 29.100707 179.749299  46.418690
 32.331884 160.974292  26.395699
  6.170139 183.298218  37.132797
  5.879014 111.781340  71.669950
 25.163952 236.445773 100.606195
 22.272651 183.240278  67.470614
  6.002784 152.334340  78.020066
 26.139552 212.185406  83.003570
  6.128230 174.409769  55.178001
 28.199009 186.508183  54.424463
 24.248103 259.201275 118.557283
  4.958138   3.688455  17.528332
  5.065814  18.122078  54.161657
  6.073138 189.496655   3.574342
 22.626312 339.932837 136.433739
  6.003084 166.728909  64.554882
 27.286037 196.400686  64.438103
  5.718974 122.080098  88.237760
  6.051931 184.962152  28.273644
 29.882369 145.887245  32.494243
  5.605435 106.829729  87.816400
 30.346372 201.497613  41.152590
 28.583231 153.912181  40.764336
 33.189235 156.636237  22.708863
  4.911199   3.341926   9.704705
  4.973227  11.474443  34.216282
  5.940473 185.937343  20.026907
 31.783861 164.697001  27.280071
 26.600841 240.250429  82.040483
  5.838989 184.659732  80.275085
 21.578964 190.764764  54.852055
  5.421772  88.673390  86.451151
  5.282132  70.780391  78.909003
  5.884728 179.525208  40.688612
 29.405527 179.516911  40.697886
  5.869286 174.699316  49.175063
  5.835880 218.573540   9.111363
  5.063929  53.791655  80.705724
  5.679739 141.089276  77.836456
 25.378294 226.474653  85.368635
  5.823841 181.744397  32.114945
 21.930763 359.187777 110.020326
  4.889056   3.651529   3.020484
  5.780975 168.024396  57.243303
  5.781047 186.168811  12.248051
  5.769832  93.809892   0.896863
 34.297529 101.460153  13.409813
 27.625528 194.321811  56.114629
 32.650826 160.291336  23.017023
  4.917081  14.292310  25.279585
  5.107162  49.355106  55.812847
 31.229985 168.355580  28.463717
  5.708685 183.224489  23.813376
 20.873048 197.539452  41.297321
  4.893437   4.501266  -4.449927
 22.321278 375.849472 118.974690
  5.421699 127.873753  77.460467
 23.310235 282.916083 101.606948
 24.015085 256.601598  93.497732
  4.884356  10.628413  10.430493
 28.050419 190.540597  49.081581
  5.587957 174.844834  43.562249
 21.154494 315.355798  72.708311
 32.109858 163.835550  23.595707
  5.545366 183.968670  16.060753
 33.505269 154.901254  19.756897
  5.559685 178.091537  35.726949
 29.730540 178.088529  35.733625
 28.642717 216.764542  50.434831
  5.462892 147.890351  69.357890
 25.733041 219.555509  72.252880
 24.570019 201.388328  71.028638
  5.537425 169.381915  51.146112
 30.676450 172.333456  29.844400
  4.892463  37.266656  39.783904
  5.201561 102.347104  74.706357
  5.269023 115.212049  76.567768
  4.921941   5.742575 -10.831557
  5.467459 185.591670   3.313514
 20.162965 200.168118  27.932345
  5.469035 180.193601  27.432216
  5.439819 160.989027  59.403597
  4.874229  15.570572  -2.275447
  5.389831 153.380741   7.726588
  5.407872 145.891692  32.488807
  5.043912  87.262967  69.838669
  4.975708   7.537803 -17.725636
 32.982242 158.851151  19.732559
 26.722702 238.915244  67.382110
 20.517681 380.666994  62.357212
  5.331086 181.445004  19.639004
 31.563409 167.604287  24.413208
  4.955995  74.497963  60.715678
  5.285954 178.519824  70.948540
 26.113155 178.154325  52.472189
  4.897638  12.932238 -12.266896
 19.448719 202.694697  13.840545
  5.298936 170.278304  45.640378
 29.120079 183.300044  37.147156
  5.052717   9.670800 -23.812445
  5.221609 177.017776  31.070073
 30.068600 176.961909  31.102781
  5.208247 163.582752  52.490716
  4.849725  61.692247  49.790103
 27.344808 198.967323  49.295405
  5.150651  92.013601   0.813931
 34.234147  50.574454   5.632197
  5.104970 157.882941  78.695488
 32.446652 162.526759  20.037185
  5.147579 182.083864  12.344456
  5.133401 183.375626   6.054818
 24.568893 275.948751  83.771633
  4.932834  20.114913 -27.873372
 19.729454 326.532851  30.172556
 23.903108 252.737205  77.036430
  5.154010  12.183567 -30.171642
 33.822780 153.096748  16.595691
 18.738749 201.210174   0.770043
 20.894425 463.259627  87.415123
 30.996022 171.502287  25.424056
  5.106961 178.694407  23.111993
  4.807196  44.691317  11.511586
 23.172199 270.343825  79.898508
  4.957389 122.390058  67.072654
  5.009407  18.585721 -33.485983
 22.416112 291.542493  78.529689
  4.761975  52.018128  35.193003
  5.278060  15.104216 -35.656199
  5.034610 170.977073  40.552856
 28.495166 157.176037  31.623337
  4.855952 111.060310  65.086275
 18.031333 200.300984 -12.731650
 33.309244 156.878409  16.437645
  4.947608 179.711568  15.731035
 31.902206 166.366185  20.655207
 29.466367 181.746754  32.118503
  4.934730 143.529594  61.900859
 21.551401 261.981072  58.580008
  4.804587  99.391376  61.444196
 19.088374 386.040701  12.184826
  4.962621 165.266338  47.221206
  4.943848 201.569079  41.110364
 27.910290 226.217884  48.522758
 25.246341 224.627861  60.933349
  5.424904  18.609760 -41.211749
  4.727737  39.299312  16.704806
  5.088383  28.017312 -51.928171
  4.839937 182.217623   2.762375
  4.874891 175.757186  26.433621
 30.415302 175.794354  26.467814
  4.882042 157.514745  53.774305
  4.849637  39.858394 -18.957451
 17.332873 196.174108 -24.152727
  5.210290  26.639167 -52.972772
  5.594535  22.289411 -46.798093
  4.692832  87.937034  54.853909
 18.306949 325.184487 -12.252087
 32.784761 160.900776  16.499652
  4.742284 180.511805   8.826574
  4.653719  77.926422  45.636437
 31.342173 170.328251  21.432154
  4.738504 177.144041  19.051236
  5.786291  26.138971 -51.612901
 16.641920 192.091121 -35.608675
  4.725691 166.359842  42.440514
 28.859111 186.872749  33.102666
  4.689315 122.949543  47.229660
  4.673326 113.570588  49.535682
 19.445404 365.430651  30.819457
  5.336855  39.350951 -73.675192
  4.603018  68.886011  34.298770
 23.790291 248.010059  63.273276
 25.695211 216.722365  53.342755
 29.821174 180.193946  27.429768
  5.999757  30.525539 -56.338845
 23.095500 262.017033  64.496631
  4.656403 160.222659  48.222252
  4.633593 172.327540  29.799414
 17.674589 380.586698 -34.973794
 27.093731 202.199731  41.498872
  4.971941  45.728635 -44.193812
  4.602982 128.463468  59.547861
  4.542402  90.480668   0.677377
 34.184885  76.139753   6.706034
 32.246047 164.940331  16.924322
 15.966119 185.583670 -44.745606
  4.558286 178.080386  12.042869
  5.494388  37.693144 -70.783455
 33.636283 154.473977  12.649712
  6.234111  35.024564 -60.705374
 26.391165 244.181739  54.234199
 22.299239 277.682167  62.371031
  4.521134 174.430423  22.267750
 30.769146 174.449073  22.282262
 24.426780 235.742506  57.789358
  4.586392  61.754528  20.486262
  4.554434 151.338570  52.946069
  4.529293 118.852057  57.524883
 16.908020 315.170994 -49.152384
 21.558448 295.452593  56.708045
 15.302185 179.210165 -54.286073
  6.490043  39.865516 -65.133738
  5.676637  53.097601 -93.836634
  4.482848 108.431242  54.320209
  4.482309  99.000118  49.547067
  4.386701 209.062566   6.124583
 28.229485 192.034168  34.247584
  4.459019 167.142883  37.861144
  4.617852  55.823413   6.613311
 20.594205 313.867191  46.840836
  6.766489  44.783770 -68.786433
 14.657711 171.299595 -61.077764
 33.119147 158.967919  12.753271
 31.694444 168.973362  17.574002
  4.364046 175.622308  15.184942
  4.436485 164.599904  63.542114
 29.238271 184.967744  28.270384
  5.878223  50.436989 -86.950762
  5.179085  55.100915 -67.607351
  4.406543 161.870640  43.707769
 16.292993 363.710523 -75.393007
  7.062828  50.842671 -71.866740
 14.028554 163.436877 -68.048087
 19.603443 336.574805  25.708645
  4.404601  90.217281  42.158809
 30.183267 178.702038  23.107801
  4.238122 179.190928   2.186608
 18.012758 529.581437 -15.080235
  7.383077  57.202060 -75.642665
 24.935564 226.941116  50.701518
 15.584992 296.808422 -79.822723
  4.294405 171.556354  25.456031
  4.337590 154.929640  48.524854
 13.422016 154.273845 -73.155820
  6.102961  69.497603 -111.446987
  4.281387 168.006432  33.008798
  7.719754  42.144713 -52.671120
 12.832271 146.601095 -78.082584
  4.669496  54.012470  -9.827160
 32.596807 163.333623  13.055621
 27.567479 198.193307  35.102716
  6.347481  65.663845 -100.953463
  8.080510  68.154151 -81.366530
  4.162806 176.655183   8.441261
  4.373385  82.730108  32.884017
  5.450562  67.835218 -88.970558
 12.264819 137.346963 -80.745383
  8.463163  75.101059 -83.642793
  4.161059 173.040551  18.315364
 31.129212 173.045489  18.325542
  4.242770 121.675596  43.245925
 23.764294 202.562287  43.755321
 23.075881 254.202501  53.096647
 14.967838 339.267077 -108.066816
 11.716695 128.909033 -84.297305
  8.866282  82.145466 -85.658891
  6.615807  88.396737 -128.078887
 28.609244 189.980502  28.923999
  4.227017 132.805337  53.347513
 11.189956 120.667981 -85.638196
  9.289807  89.222647 -86.033319
 26.498637 173.669530  32.881221
  4.164293 162.989033  39.487476
 14.315272 273.588463 -103.246657
  9.732182  97.064297 -87.129804
 10.682079 112.956908 -87.225490
 10.197581 104.563846 -86.976528
  6.933966  81.988344 -112.929043
  4.376938  75.985862  21.898117
 22.307752 267.160449  51.019868
  4.795777  55.734440 -27.231999
 25.411717 219.715078  44.630669
 16.671920 409.482835 -60.524701
  4.177572 125.401266  51.650078
 29.581531 183.226563  23.812361
  4.106783 157.378189  44.341721
 32.052491 167.548138  13.697843
  3.983650 174.201767  11.445012
  7.205825 111.149336 -142.963398
 34.150328  76.465202   4.350895
  3.943576  89.231999   0.492478
 21.488336 281.104993  46.306630
  5.815037  84.048534 -108.751506
 13.711587 307.952746 -132.986034
 20.669797 295.424865  37.989583
 13.055287 246.206776 -122.104863
  3.993436 168.023286  28.617231
 30.551739 177.151007  19.058082
  4.401799  71.535826   9.463241
  4.149671 108.168376  44.691327
  4.119791 116.591380  48.626709
  7.758356 147.509993 -176.492837
  3.948142 170.333417  21.426732
 33.560867 155.953657   8.167754
 24.151292 235.418886  47.304303
  4.958095  60.226571 -43.407751
  3.833582 147.593687   2.712507
  4.139514 100.941927  39.209366
  8.145673 142.296652 -156.692640
 12.533050 276.524894 -149.489538
 11.922416 218.489295 -132.497362
 10.897233 192.304698 -139.430936
 19.743739 309.052874  24.498700
  9.023327 141.937245 -138.599647
 15.394517 389.553097 -96.318395
 26.901696 204.571262  34.859890
  3.900624 163.612511  35.446781
  8.591788 157.199132 -160.571010
 27.968803 195.338754  29.364817
  4.482352  69.145585  -4.110451
  9.904904 167.395472 -139.806668
  3.938823 173.215105  55.278324
 11.355394 244.349905 -160.170695
 32.952210 161.408667   8.733616
  3.759866 175.517246   5.243502
  3.795118 171.638855  14.451408
 31.495137 171.639307  14.460339
  9.496533 184.193160 -163.699371
 25.782737 214.940344  38.945453
 28.969004 187.882045  24.308129
  6.314712 104.649436 -127.461746
 10.425710 214.467189 -165.881649
  7.414996 101.874170 -114.544041
  3.856038 159.013007  40.494044
 18.692338 319.133423   2.689487
  3.884914 142.390604  47.929747
  4.097803  94.228131  31.414778
  5.190423  67.211010 -58.546973
 29.959142 181.449497  19.647750
 24.601005 228.255679  42.036695
  3.729848 167.464687  24.570249
 14.205175 362.407507 -123.964566
  3.789143 152.612010  44.205290
  3.607397 177.026989   1.309227
  3.843967 136.780161  48.070895
  4.581575  68.977937 -18.101726
  4.124701  88.308961  22.408169
 32.416436 166.116524   9.643622
  3.596918 172.976443   7.722636
  7.776543 135.347322 -141.095514
 22.333057 257.865005  42.291521
  3.665899 164.045732  31.337344
 30.926196 175.626980  15.190353
  6.980191 167.959960 -184.902115
  3.595848 168.974472  17.565659
  3.794863 130.580914  46.608294
 27.312762 201.109167  29.351428
 23.342915 285.629134  50.039912
  3.821802 123.537630  44.516841
 17.706468 266.156777 -12.718490
 16.855966 324.526979 -34.724107
 28.375549 192.822983  24.631944
 21.548378 269.729082  38.344744
  8.217548 149.959656 -144.493731
  5.472653  77.392232 -73.019028
 26.206263 210.785448  33.571575
  4.155948  83.967902  12.141899
  3.612475 159.901250  36.894630
  4.728856  71.574794 -32.211769
 10.750278 225.448570 -150.714504
 20.736609 280.834486  31.929855
  7.466693 107.482958 -107.949449
  8.832057 197.606947 -172.964929
  3.788819 116.092322  41.004700
 29.349728 185.893600  20.033441
 25.047245 222.166650  37.122754
 12.770545 371.909083 -164.967808
  3.834392 109.661490  36.458939
  3.568656 180.512912  47.353328
  3.423322 170.307873  10.570538
 31.866909 170.309005  10.581204
  3.351524  88.419925   0.148821
 34.133576 102.971097   1.668706
 19.875980 291.354003  22.203157
  3.349944 174.852311   2.288600
 33.367498 158.572903   3.836805
  4.217644  80.999489   1.008208
 11.649962 330.504956 -182.562289
 15.710287 315.678972 -58.751959
 30.342603 179.711117  15.738073
  3.388827 166.343341  20.665348
 23.820703 235.717646  38.477731
  4.929996  76.415463 -45.275689
  3.818341 103.984010  30.252677
  9.746030 263.119876 -194.006410
  3.382914 163.753190  27.468084
 18.961657 299.616716   8.613599
  7.772075 140.893766 -130.575776
 27.723009 197.972471  24.606020
  4.330326  80.073981 -11.152557
 26.635960 206.834451  28.639696
  3.349045 160.488341  33.426310
 32.786988 164.624621   5.203411
 31.306585 174.196415  11.448317
  3.203160 172.123180   4.055414
  5.901487 110.055027 -100.211377
  3.237769 167.551803  13.687828
  3.405952 148.339771  42.708029
 14.665354 301.255254 -79.480991
  3.841607  98.585418  22.610445
 28.751465 190.502991  20.248821
  3.374474 126.065486  34.377842
 25.491375 217.187672  32.099683
  3.412895 144.112783  43.531133
  3.318206 130.693000  31.535984
  3.434874 139.313124  43.480753
 18.006442 304.359400  -7.571472
  5.168669  83.596718 -57.761292
  8.231388 155.485547 -130.547629
 29.749395 183.907414  16.073150
 24.295144 229.115382  34.313122
  3.176394 163.465250  23.628957
  7.386628 132.566256 -120.283539
  6.488300 109.406649 -100.262514
 22.389819 250.806265  34.457084
 21.591567 260.684656  32.355176
  4.451038  81.312242 -22.954600
  3.868793  94.435500  13.933245
  3.423736 129.011093  40.560176
  3.369316 134.414136  42.213437
  3.045183 169.172310   6.539966
 32.245044 169.182302   6.542919
 17.030622 304.692388 -25.127776
  3.458827 123.281381  37.895928
 13.665740 283.216002 -95.282888
 30.731948 178.087655  12.037417
 20.778866 269.818253  27.030297
  3.044256 164.955380  16.904155
 33.672500 130.637341  -1.226056
  2.931954 175.669458   0.039799
 23.021692 242.477924  33.446587
  3.086497 160.541707  30.081789
 27.060647 203.378543  24.151502
  3.956228  91.533259   4.358251
 28.112999 195.255933  20.215769
 16.069812 301.685819 -42.893772
 19.966606 278.250271  19.631605
  5.458208  77.001387 -57.346392
 25.938058 212.772827  27.594645
  3.458255 117.266846  33.766316
  7.747208 145.698799 -119.926046
  4.641890  84.585549 -34.887985
 31.693256 172.979671   7.758949
 29.138671 188.260779  16.203716
 24.756883 223.510734  30.111317
  3.482443 112.143123  28.627741
 10.420054 217.244724 -128.835054
  2.873806 166.114227   9.646190
 33.164922 163.051150  -0.181410
 19.091180 285.133978   9.656394
  2.801018 172.493979   0.087503
 12.710185 219.772215 -85.248293
  8.717681 200.960797 -146.943789
  4.047855  89.938796  -5.834186
  2.762445  88.389608  -0.489271
 34.137212  77.992094  -2.595360
  6.979233 148.689719 -122.297133
 15.077011 292.962174 -59.971209
  2.951602 182.930322  40.523473
 30.143413 182.010353  12.344054
  3.521704 107.330132  22.377548
  2.842828 162.652118  20.000095
  7.415977 115.737598 -91.998002
 23.520688 235.456059  30.737881
 11.961483 249.305496 -110.101035
  8.132950 130.988892 -99.643356
  4.856172  89.899095 -46.353018
 18.241727 289.677477  -2.347049
  4.198929  90.014792 -16.408781
  2.946778 148.868042  39.315330
  6.098289  92.822563 -71.584352
 27.495819 200.238722  19.913437
  2.901581 151.718750  38.386268
  2.963032 145.450902  39.852803
  2.869156 154.141342  36.627087
  3.000456 141.616885  39.738088
 26.382801 208.831408  23.209090
  3.575157 103.392287  15.012940
  2.659370 168.454907   2.025552
 32.630889 168.459398   2.016393
  2.810080 157.782353  31.704000
 31.127465 176.636316   8.558983
 14.104133 280.685067 -73.854702
  9.636474 193.166473 -120.002701
 22.370897 205.566027  23.632294
  2.693428 163.326097  13.064859
  3.006743 137.540300  38.826552
 17.316246 291.262850 -16.057495
 28.513031 192.781236  16.097844
 25.222806 218.643365  26.065704
 21.668416 253.402369  26.557392
  7.700185 149.540434 -110.257925
  3.007297 133.114880  37.080136
  3.647555 100.341110   6.981685
  3.064181 128.431628  34.879940
 20.889485 260.990593  22.931966
 29.548449 186.098778  12.465622
  6.533518 101.341988 -76.646361
 10.998183 227.663406 -111.635415
 24.009251 229.499631  27.342760
 16.391636 289.832915 -30.834616
 32.087053 172.166753   4.035419
  4.336460  92.186906 -26.656499
 20.088846 267.976560  17.293941
  3.091855 123.630242  31.426364
  2.612661 186.041724  30.955774
  5.164699 116.059847 -67.446621
  2.503261 164.624517   5.209614
 13.155547 266.029455 -84.380584
 33.554252 160.580937  -7.041116
  5.673205 125.051515 -84.222930
  2.592968 131.654117  24.315527
  2.389516 204.742215  -3.751991
 30.547972 180.263075   8.926887
  2.509246 160.928240  16.501225
  3.744359  98.634404  -1.884151
  2.526835 159.612359  22.709122
 22.731797 240.877807  26.502994
 19.248118 273.869366   9.701409
 26.835021 205.374263  19.166929
 15.447726 284.668849 -45.094821
  3.115507 119.031524  27.023710
  8.081593 161.454282 -110.033506
  7.275062 141.911677 -101.223796
 25.718136 214.317765  22.010776
  4.553755  95.764276 -36.894844
 27.900384 197.467726  15.838694
  3.187204 114.793815  21.763757
  3.885938  97.919848 -10.821363
 31.529999 175.530806   5.231573
 24.501617 224.193771  23.917041
 18.381486 277.930456   0.374623
 28.921211 190.359826  12.285418
  2.398257 132.928529  16.314277
 10.128566 208.881324 -109.556310
  2.262045 168.829647  -3.832505
 33.028222 168.823777  -3.833314
  2.339045 161.398964   8.745857
 12.249516 250.192200 -91.684691
 14.509362 276.166018 -57.919562
  2.168760  90.779434  -1.729467
 34.173920 107.837695 -12.128969
  3.229445 111.205658  15.558522
 17.565324 280.127326 -10.023928
  8.616812 205.119000 -124.580990
  7.631105 153.035547 -101.039560
  2.518983 146.803190  36.940393
  4.786446 101.590044 -45.669989
  2.410755 153.556070  34.197140
 23.240855 234.834821  23.762042
  2.436524 151.657956  35.558641
  2.469409 149.432158  36.447305
 29.977124 183.859280   8.719238
  4.038102  99.024001 -20.057642
 32.489301 172.476246   0.132355
  2.539540 143.756793  36.763397
  2.587268 140.371886  36.029470
  3.332418 108.271864   8.659055
  6.102917 122.049973 -79.542388
  2.330337 154.906841  32.305336
 27.243008 202.310811  15.340793
 16.647500 279.782191 -21.755964
 20.975974 253.887477  19.163439
  2.602051 136.722594  34.489305
  2.125332 163.052214  -0.179149
 11.401919 234.097644 -95.196096
 26.153473 210.469488  18.034105
 13.597148 265.008547 -68.250143
 30.958822 178.687571   5.707704
 24.998916 219.694693  20.302308
  2.657585 132.829657  32.378790
  2.261075 155.779041  30.034694
  9.382477 193.351330 -102.249362
  2.165363 158.932150  12.724034
  6.719525 180.760267 -116.286380
 28.288625 194.877381  11.958978
  7.952800 135.836835 -83.931262
  1.964406 151.157830  -6.627538
  2.702586 128.841521  29.506015
 20.177486 260.070025  15.037433
  2.194154 156.224554  27.610692
  7.187106 122.353087 -77.146088
  4.210460 101.733507 -28.889528
  3.405391 106.530357   1.086090
 15.737091 276.659654 -33.616170
 29.347645 187.978413   8.545389
 19.407316 264.995828   9.402587
 31.940490 174.969072   2.189677
  4.954101  90.069638 -43.324140
 21.801953 327.894345  27.196369
 23.760635 229.521174  21.122726
  2.745205 124.932837  25.700795
  2.108853 156.446236  24.782243
 10.597468 218.929991 -96.508826
 30.416759 151.512553   5.068678
 12.716516 252.177987 -75.927001
  2.821321 121.151977  21.247213
  5.305998 113.407975 -59.820479
  1.844093 170.664946 -12.112719
 33.446165 170.666064 -12.112878
  3.547882 105.450758  -6.602898
 26.565287 207.134532  14.519298
  2.022255 156.670257  21.316144
 18.568774 268.617641   2.181861
  1.922607 158.571063   3.844822
  1.983482 182.970017  19.845492
 14.838773 270.695491 -44.748914
 22.512139 199.506547  17.010551
  4.430286 105.783505 -37.163645
  7.539713 156.085155 -92.436808
 27.642060 199.508220  11.490807
 25.455101 215.700877  16.752945
  2.879269 117.903752  15.943595
  3.692842 105.681056 -14.495864
  9.943944 171.640304 -79.820614
  5.668296 121.657604 -67.337861
 17.710790 270.749515  -6.134150
 11.858856 238.657321 -81.169332
 31.377517 177.526269   2.847421
 24.281560 224.852306  17.997041
  2.980287 115.110190  10.099087
  1.736003 160.582743  -7.039212
 28.698582 192.287951   8.174463
  2.121220 145.596108  34.557244
  2.026647 149.927658  34.357311
  2.059064 147.943739  34.717904
 13.942409 262.406355 -54.448227
  1.962836 151.515615  33.525479
 16.887160 271.151960 -15.286545
 34.258069  58.785449 -19.019544
  1.543295 102.043218  -8.996895
  2.144371 142.893669  33.823884
  2.211125 139.915998  32.495423
  1.917534 152.707558  32.254750
 32.900722 204.756459  -3.760561
 21.091620 207.729562  12.830564
  4.634209 110.885641 -44.414630
  7.912753 166.109161 -91.897509
  7.075626 149.549313 -85.151721
  1.727964 155.954724   8.190504
  3.856379 107.322399 -22.320795
  1.847003 153.482843  30.603865
  2.231307 136.744422  30.482392
  3.064251 113.238929   3.536171
 20.310013 253.807421  12.999010
  2.304345 133.390345  27.886137
 11.038031 225.157699 -83.820109
  1.786435 153.958533  28.521092
 16.016339 269.323393 -24.980429
  6.100904 132.657615 -72.464878
 26.986423 204.018421  10.781319
  1.617718 130.639094  -1.223606
 32.266851 175.685791   0.067544
 25.921103 211.992533  13.351174
 13.076272 252.289835 -62.221843
  3.201549 112.060394  -3.107746
  1.650183 154.542359  12.692765
  1.389594 187.715890 -33.380133
 33.900666 187.715411 -33.381296
  1.704677 154.037702  26.131365
 19.544089 257.914087   8.637984
  2.338742 130.115224  24.543823
 28.059520 196.723131   7.790635
 33.325856 151.158378  -6.632272
 29.906635 215.904249   5.141076
  4.914284 116.757440 -50.958138
  4.056393 110.260853 -29.881962
 22.845029 273.867601  19.725286
 24.679006 220.880125  14.884065
  2.423480 126.851227  20.624230
 18.739108 261.217091   3.185020
  8.397162 238.924619 -118.011121
 15.146564 265.160800 -34.475492
  7.426484 158.807509 -84.603189
 30.694278 211.154378   3.274391
 31.802554 147.281482   0.874665
 23.546060 191.298146  13.207829
  1.584174 153.683124  23.577238
  3.329700 111.808223 -10.088882
  5.262282 123.216538 -57.091632
 12.227249 241.216676 -68.076959
  2.492311 123.984160  16.053902
  1.529181 153.377387  20.348838
 17.917620 263.232341  -3.337924
 10.209570 211.591108 -84.114549
 26.434831 208.453659   9.957929
 21.949130 240.291776  15.175201
 14.281518 259.000348 -43.152618
  1.470431 152.956586  16.735315
  9.395797 229.785551 -99.145680
  2.594320 121.400068  10.933909
 29.149995 189.691940   4.180332
  4.258400 114.292196 -36.692332
  7.734122 139.233381 -69.903422
  6.552507 169.409954 -86.880290
 27.426520 201.097570   7.140357
 25.221767 216.838756  11.695787
 17.087184 263.913707 -10.654444
  3.498782 112.699481 -17.050851
  1.672210 147.062303  32.880094
  5.571586 130.799475 -62.294213
  6.944710 127.772901 -64.936279
  1.608521 148.799243  33.082251
  1.563505 150.182487  32.782533
  1.711606 145.006116  32.157693
  1.779523 142.616485  30.933368
 11.420890 229.536284 -71.843653
  1.498605 151.165486  32.009903
 21.199210 245.176161  13.297498
  2.683043 119.550198   5.242088
  1.817283 140.034522  29.086801
 16.244229 262.942039 -18.504014
 13.434946 251.168925 -50.648205
 20.444642 248.841802  10.852755
  1.887004 137.281410  26.687241
 34.554311  71.991258 -20.881141
  0.735950  71.991480 -20.880863
 33.746968 102.041727  -8.998562
  1.032189  58.785550 -19.019213
  4.513114 119.190734 -43.053230
 28.544765 193.923462   3.911327
 33.121528  90.772971  -1.737539
  1.116334 107.838032 -12.127962
  1.372095 151.680386  30.813670
  2.823170 118.115425  -0.586187
  3.674037 114.722313 -23.936529
 25.741442 213.050216   8.562628
 19.670966 252.487113   7.692680
  1.938225 134.520325  23.699781
 32.527960  88.395132  -0.487462
  1.153034  77.992735  -2.593543
  1.307235 151.998011  27.233102
 23.845475 264.157215  14.197395
 15.401905 260.067332 -26.370430
  1.296423 151.895704  29.156114
  7.291513 161.013195 -77.052021
 31.938882  88.466034   0.137226
  1.156651 102.971261   1.674153
  2.026003 131.774972  20.235600
 26.877883 205.071566   6.020991
  4.826527 124.563880 -48.738837
 12.602631 242.063768 -56.536466
 10.638351 217.769640 -73.328444
  1.226440 126.596409  21.065661
 18.874162 255.380057   3.563319
  2.951883 117.561016  -6.645160
 31.346243 118.976500   0.857407
  1.139867  76.462643   4.363217
 27.895280 198.080575   3.605930
  3.899085 117.656149 -30.356673
  8.719273 156.934962 -65.321613
  6.002905 140.718027 -65.008229
  2.091772 129.204408  16.175214
 18.078816 257.337061  -1.428807
 30.748045  60.348408   0.492887
  1.105234  76.112819   6.744377
 22.932481 232.103025  11.693356
 24.532445 221.442021   9.564207
 14.554756 255.486044 -33.918525
  3.135602 117.758859 -12.802450
  2.198837 126.876582  11.615120
 30.139275  91.848658   0.976196
  1.055916  50.535212   5.585252
 17.258292 258.091128  -7.180517
  5.133093 130.715505 -53.539843
  7.656294 169.809670 -76.251990
  6.790405 155.298922 -71.321449
 11.804252 232.370303 -60.825290
 27.334656 168.135706   2.795731
 13.726027 249.339263 -40.738399
  9.893453 206.655747 -73.595625
 26.187900 209.273223   5.033948
  2.297891 125.014602   6.605607
 29.519984  93.806080   1.145790
  0.993529  75.823896   9.838814
  1.206754 148.297257  31.709195
 22.037587 237.301622  11.007764
 16.454086 257.568420 -13.501312
  4.104951 121.566877 -36.239428
  1.323906 145.040991  29.761620
  1.139905 149.479559  31.955279
 21.307510 241.569841  10.110545
  1.251587 146.822536  30.986948
  1.404425 142.985123  28.031371
  3.284817 119.246782 -19.006403
  9.192173 195.937347 -72.396212
  5.497590 137.967412 -57.052024
  1.024577 150.616212  31.047219
  2.434313 123.599295   1.426903
 20.544989 245.110259   8.635650
  1.449622 140.788115  25.779859
 25.058587 217.602547   6.487201
 28.888791  95.833079   1.104538
  0.920191 101.133215  15.518099
 11.023480 222.207161 -63.380469
 19.792455 248.350360   6.528053
  1.002376 150.215629  31.726977
 15.622899 255.489457 -20.080471
  4.392367 125.910947 -41.443572
  7.134607 163.267007 -70.183437
  8.094478 178.860088 -74.191326
  6.264872 149.560174 -65.015502
 12.903802 241.981257 -46.487744
  1.503280 138.533554  23.037356
  3.492405 121.400192 -24.892552
  1.596669 136.154574  19.872867
 28.243661  97.880802   1.012729
  0.838186  75.578616  12.940030
  2.562146 122.814903  -4.009672
 19.031087 250.836446   3.519302
 23.832440 187.832075   6.279517
 25.669607 213.930165   4.008235
 14.825746 252.017748 -26.448899
  1.677343 133.978842  16.242041
 18.254821 252.551593  -0.248965
 12.109663 233.755108 -51.015327
  2.734213 122.882021  -9.590683
  4.687282 131.202332 -45.865544
 10.287111 212.318786 -64.233463
 27.584351 100.101518   1.025273
  0.747835  75.536148  14.038061
  1.782323 131.824231  12.098934
 17.452708 253.371050  -4.691201
  3.704077 124.134221 -30.438817
  8.526817 187.206826 -68.781099
  5.758636 145.709320 -58.337047
  7.496458 171.757232 -68.664472
  6.614874 157.701840 -64.477937
 14.020040 247.230169 -32.558669
 23.110384 268.476158   8.086926
 24.410290 222.276858   4.678070
 16.669713 253.077170  -9.650881
  3.985618 127.381994 -35.254857
  0.651178 100.548657  19.963113
 26.908393 136.690063   1.856904
  1.882051 130.089055   7.578029
 21.450225 239.005720   7.090937
 22.164498 235.034883   7.226711
  9.565565 203.092221 -64.357668
  4.948107 137.019499 -49.301119
  0.747396 124.405056  25.941255
 11.330988 225.064352 -54.162359
  0.794836 173.326117  35.295640
  0.944388 145.606086  27.386370
  2.021277 128.581678   2.951080
  0.846600 147.094698  29.064420
 13.209781 241.208704 -37.887181
  2.862208 124.161599 -15.311297
 20.692234 242.272711   6.549774
  1.006210 143.997242  25.186487
 15.856544 251.575527 -14.903988
 19.952886 245.124010   5.219300
  0.550334  50.130287  10.213027
 26.217841 105.218797   1.366038
  6.955872 165.249630 -63.626091
  7.907723 179.751303 -65.249960
  6.084618 152.952683 -58.709673
  1.072198 142.082716  22.692309
  2.152466 127.665639  -1.910310
 19.176005 247.410884   3.193277
  1.167037 140.122101  19.702886
 10.585434 216.206434 -56.067550
  4.228112 131.670920 -39.422482
 12.433401 234.406192 -42.436765
 15.047547 248.828649 -20.286518
  8.882719 193.970748 -62.907074
  5.250864 143.341450 -51.500549
 23.612830 226.581231   3.633904
  1.246576 138.184301  16.322526
  3.041892 126.031844 -20.822692
 18.389071 248.896172   0.487980
  0.446918  75.105944  15.629659
 25.510981  71.492516   0.731147
  2.318447 127.239801  -6.921373
  1.353794 136.297985  12.559949
 14.248744 244.958716 -25.524555
  3.281854 127.733433 -25.873234
 17.599841 249.643507  -2.819490
  7.313001 172.756163 -61.739626
  6.417369 159.895570 -58.572537
 11.656559 226.859560 -45.827128
  9.860077 207.562517 -56.641044
  4.477206 136.647503 -42.848902
  1.462435 134.621957   8.408141
 16.817855 249.445068  -6.658271
  3.564274 129.678545 -30.086278
  0.342593  99.844301  20.883431
 24.787991 145.700311   1.879091
  2.454502 128.140562 -12.265458
  0.463320 123.944484  23.965226
  8.218617 186.244178 -60.596222
  5.562671 149.807155 -52.595752
 22.976289 191.922962   2.358085
 13.455969 240.021570 -30.302673
  1.600062 133.173523   4.183816
 22.265786 233.542738   3.368749
  0.494169 148.011353  27.265757
 20.849340 240.223092   3.900505
 16.060604 248.284611 -10.775886
 10.923318 219.193183 -48.307964
  3.772778 132.767382 -34.005375
 20.107766 242.800314   3.618826
  9.165366 199.333251 -56.362527
  4.791378 142.036501 -45.331653
  1.731233 132.101729  -0.236188
  6.755067 166.797938 -57.471485
  7.699268 179.464209 -58.324185
  5.883624 155.651760 -53.241729
  0.239247  74.702631  15.339490
 24.049586 112.034949   1.205419
 21.570428 237.068989   3.705934
 12.678448 234.255451 -34.593123
 19.339315 244.859005   2.572615
 15.271857 246.075500 -15.213357
  0.476429 147.126939  25.145317
  0.580350 145.719681  22.573996
  0.712526 143.795658  19.752555
  1.895664 131.479582  -4.788331
  0.803160 142.184399  16.415396
 18.565423 246.226060   0.818099
 14.493328 242.898133 -19.682173
 10.190260 211.257072 -49.561799
  4.016087 136.763653 -37.169017
  0.922403 140.441931  13.003980
 17.796576 246.846400  -1.509793
  0.138703  74.586263  14.676649
 23.296318 114.225923   0.940082
  3.123955 109.847803 -21.960978
 11.914776 227.794772 -37.998453
  2.050572 131.444995  -9.343600
  7.106004 173.273670 -55.366030
  6.199701 161.871474 -53.011508
  8.495588 191.529149 -54.897626
  5.053179 147.752918 -46.878977
 17.037636 246.726966  -4.324884
  1.017837 138.898079   9.114917
 13.707083 238.765502 -23.905660
  9.505528 203.751905 -50.031576
  4.300130 141.315826 -39.758426
  2.513185 152.857148 -19.978652
  2.801700 154.153578 -25.952225
  1.158256 137.435232   5.132700
 11.170741 221.052052 -40.757466
  3.346874 134.372496 -29.291427
 16.247234 245.745012  -7.474255
  0.042917  74.508068  13.940871
 22.528106 116.030104   0.893285
  2.163791 110.370729 -11.033805
 12.950964 233.871469 -27.808373
  7.856834 184.870099 -53.418657
  5.397078 153.453092 -47.596807
  1.293802 136.310587   1.119345
 15.454988 243.832536 -11.046139
  6.532643 168.203406 -51.708411
 19.491738 243.281346   1.509547
  0.256571 147.226881  19.827020
  1.454479 135.507423  -3.064286
 10.455629 213.957282 -42.439017
  3.547158 137.497939 -32.385923
  8.820036 196.316193 -49.491117
  4.561872 146.182931 -41.648950
 18.727047 244.409311   0.771547
 20.151658 241.436505   1.697756
  7.393855 178.389584 -51.700467
  5.650885 158.759211 -48.175661
 -0.046119  74.301699  12.880942
 21.747371 117.819528   0.978200
 14.681905 241.078922 -14.693600
 12.186701 228.290445 -31.125103
 17.948508 244.920203  -0.587463
  1.614380 135.161837  -7.276285
  2.901348 135.575307 -25.124565
  0.268931 146.141424  16.509651
  6.782896 144.165890 -41.776539
  6.080577 136.701916 -40.467035
  0.406840 144.786896  13.205278
  9.750468 206.998194 -43.519863
  3.817614 141.125957 -34.882974
 17.176188 244.731647  -2.488112
 11.471512 222.351206 -33.967075
  8.189598 189.732264 -48.493142
  4.874621 151.145223 -42.676555
 13.906784 237.509229 -18.302630
  0.568653 143.031391   9.839145
  1.799419 135.309412 -11.369926
 -0.126769  98.712270  15.178631
 20.955197 159.350653   1.242588
  0.708811 141.668655   6.089510
 16.456625 243.944017  -4.822022
 13.149694 233.246882 -21.747494
 15.692820 242.222160  -7.515875
  0.845368 140.483118   2.196487
  2.249975 135.853149 -18.527749
  2.002853 135.431443 -14.900709
 10.738404 216.076390 -36.024831
  3.075582 138.444944 -28.174974
  9.063163 200.068830 -43.625940
  4.064161 145.217156 -36.934048
  7.557037 182.947800 -46.995606
  1.007204 139.387068  -1.644976
  6.288876 168.619388 -46.809834
 -0.199165  49.464005   6.663058
 20.155964  80.300639   0.310876
 12.393226 228.348658 -24.814767
 18.903282 202.902524   0.391328
 14.859437 239.747825 -10.540793
  2.445149 137.206590 -21.760766
  5.158326 183.315404 -49.739117
 10.034292 209.652660 -37.347199
  3.335206 141.413627 -30.652356
  1.162951 138.719445  -5.554231
 18.129468 243.816729  -0.109031
  8.403758 193.767368 -43.428530
  4.368047 149.497307 -38.203033
 11.663079 223.065115 -27.603832
 14.123596 236.502421 -13.418672
  6.748505 204.658385 -52.852196
  5.692171 190.664656 -50.890725
  0.098915 122.212642   8.680236
  1.344354 138.448797  -9.312835
 17.417605 243.558299  -0.984342
 19.349184 161.743815   0.513499
 -0.260030  74.061481   8.552895
 16.602543 242.691830  -2.500614
 10.950229 217.426396 -29.837139
 13.337994 232.702742 -16.495133
  9.341270 203.220391 -38.034797
  3.579959 144.773627 -32.717067
  0.175437 146.010352   7.271239
  7.840496 187.287794 -42.611082
  4.624006 153.803301 -38.284941
  2.604783 139.524252 -24.619603
  1.540390 138.631039 -12.926900
 15.842951 241.092108  -4.592354
 12.630711 228.351789 -19.211121
  0.542181 143.252133  -0.561519
 15.087881 238.801323  -6.780580
  8.692337 197.205297 -38.272766
  3.860956 148.384499 -34.112298
  1.981331 139.526367 -18.914642
 -0.308894  98.371520   8.734125
 18.539217 121.661088   0.049077
 10.249894 211.601081 -31.400264
  2.858647 141.946537 -27.070405
  0.229399 169.622437   3.730397
  6.024286 169.590312 -41.547985
  1.692120 138.891339 -15.911049
  0.701509 142.315435  -4.272505
  7.070308 180.677662 -41.435374
  5.182774 134.329658 -32.902532
 11.874630 223.544410 -21.808560
 14.292667 235.930158  -9.338502
  0.886251 141.610297  -7.660620
  8.041221 191.105201 -37.941969
  4.119210 126.301346 -29.236953
  9.557504 205.654277 -32.373698
  3.088430 144.678373 -29.103891
 13.556422 232.294996 -11.751300
 11.190910 218.480753 -24.016885
  2.139138 140.962738 -21.657086
 -0.347074  73.951768   4.652803
 17.728015 121.640389  -0.192205
  1.047223 141.384413 -10.943911
  6.314508 174.395575 -39.309781
  5.462824 165.177557 -38.572110
 15.992883 240.441145  -1.936263
  4.681569 158.009132 -36.931214
 12.824200 228.435460 -14.245595
  1.263255 141.471911 -13.946003
  8.890864 199.953257 -33.113238
  3.361465 147.653176 -30.536352
 10.489633 213.131976 -25.791733
  2.377492 142.773645 -23.994997
  7.319558 184.675029 -37.251968
 14.490130 196.400755  -4.973717
  0.047870 122.378663  -0.010609
 12.092451 224.004792 -16.443397
  1.459810 141.713260 -16.532589
 16.918947 161.473007  -0.704040
 -0.371353  73.855867   2.753319
  8.294578 194.365277 -33.231441
  3.603448 150.840194 -31.902965
 15.055292 277.107123  -3.901545
  0.159755 146.155634  -3.086824
  5.740362 169.702594 -36.843325
  9.796638 207.667999 -27.048840
  2.606549 144.896278 -26.000091
  0.412113 145.200194  -6.450600
  6.560392 178.735197 -36.150696
  4.906388 162.070977 -35.531837
  4.146527 180.587409 -38.948684
 11.373527 219.241335 -18.519339
  1.661759 142.594418 -19.299767
 13.703850 232.428294  -7.257906
  0.605423 144.478143  -9.618947
  9.139651 202.322487 -27.959002
  2.863484 147.292885 -27.467487
 13.003467 228.517072  -9.237311
 -0.383531  73.907262   0.752738
 16.113483  80.159433  -0.376781
  7.613147 219.917206 -37.735956
 10.676591 214.336035 -20.386774
  1.897416 143.809715 -21.511775
  0.776253 144.096785 -12.521551
  6.011218 173.810632 -34.500380
  5.176550 166.024369 -34.287478
 12.288343 224.467294 -11.488640
  0.983352 143.988112 -14.970803
  4.374483 159.200982 -32.747181
  8.481557 196.812888 -28.625434
  3.104711 149.933299 -28.499280
  6.805056 182.469016 -32.777850
  9.985666 209.214093 -21.843500
  2.116425 145.378902 -23.424629
 14.131893 233.552753  -3.381398
 -0.383492  73.970912  -0.827505
 15.315758 119.192040  -0.771294
 11.573246 219.911090 -13.471865
  1.186743 144.322177 -17.371698
  7.847263 160.164745 -24.072805
  3.378327 153.203781 -29.457270
  5.436579 169.928127 -32.510639
  9.317280 204.206742 -23.093328
  2.367715 147.231832 -24.866168
  4.629886 162.884418 -31.790887
 10.877509 215.305450 -15.378726
  1.412583 145.012651 -19.511955
  6.205495 177.441326 -31.595357
  7.062435 154.048357 -24.384088
  3.849065 156.876161 -29.834659
  0.046365 147.519191  -8.753706
  8.700660 198.865365 -23.729571
  2.598832 149.322511 -25.920093
 -0.370473  98.501744  -3.718101
 14.527224 117.499837  -0.914856
 12.437264 224.818984  -6.823588
 13.284952 267.283295  -4.594314
 10.188327 210.537512 -16.922488
  1.632284 146.064832 -21.322827
  0.220849 147.081740 -11.690233
  4.912350 166.482387 -30.436958
  0.480117 146.589731 -13.999697
  5.688806 173.453783 -30.098695
  4.097671 160.183869 -29.366886
 11.728303 220.545684  -8.578837
  0.700127 146.260011 -15.972670
  2.863209 151.840616 -26.771294
  3.367297 154.964203 -27.340873
  6.452711 180.786581 -28.607005
  9.528439 205.746934 -18.198631
  1.872972 147.419948 -22.721843
  7.335009 188.004761 -26.891467
 11.037162 216.044044 -10.321682
  0.925770 146.431966 -18.016106
 13.749569 115.688772  -0.934522
 -0.348484  49.549512  -2.763743
  7.774015 224.838100 -28.028207
  4.358669 163.465218 -28.339259
  5.113866 169.890132 -28.476121
  8.868805 200.726617 -19.411482
  2.102863 149.059097 -23.750827
 12.593511 187.752369  -2.354375
  5.859827 176.674049 -27.348317
 10.350765 211.623292 -12.031395
  1.139791 146.950387 -19.707851
  6.713401 183.918478 -25.405392
  3.562101 157.908108 -27.141814
  8.230449 163.608880 -16.890574
  2.356502 151.057849 -24.388820
 11.887598 221.531343  -4.042531
 -0.315198  74.257134  -5.456323
 12.984358 113.605505  -0.899470
  9.683783 207.054074 -13.520473
  1.377309 147.815029 -21.023427
  0.223958 123.438407 -12.744517
  4.593240 166.612021 -26.763694
  5.352851 172.984552 -26.055912
  2.725672 153.579642 -24.908813
  3.813973 160.858394 -26.223914
  6.105830 179.704189 -24.415457
  3.070196 156.011489 -25.089560
  9.055618 202.241652 -14.621625
  1.601484 148.987055 -21.989042
 11.246217 217.205330  -5.071504
  0.343981 148.157795 -16.854515
  7.032831 218.536620 -24.957794
  7.613047 191.898469 -19.066797
 10.538824 212.647721  -6.772860
  0.599919 148.168820 -18.484754
 -0.272675  98.908692  -9.148747
 12.233270 111.722994  -1.014087
  4.042190 163.684235 -25.005383
  1.848469 150.538313 -22.563447
  4.782499 169.628263 -24.712237
  8.208203 229.483086 -18.464395
  9.859415 208.227687  -8.754876
  0.881547 148.434054 -19.738844
  5.518101 175.858673 -23.427817
  3.280199 158.546392 -24.354815
  6.346525 182.610380 -21.355700
  2.563359 128.949217 -19.449288
  9.202019 203.505952 -10.150991
  1.105394 149.124241 -20.700696
 -0.223720  74.445394  -7.910686
 11.496887 109.450371  -1.305479
  4.265885 166.500103 -23.288262
  2.154480 178.261036 -26.333624
  5.009095 172.402239 -22.334556
  3.506003 161.165438 -23.241457
  5.752639 178.544789 -20.629168
  8.562686 199.050623 -11.294363
  2.757779 156.545160 -22.758240
  6.548559 153.719969 -15.169875
  1.333428 150.114272 -21.193559
  7.487612 159.858036 -12.402655
  9.991015 209.070770  -4.067298
  0.382719 149.220777 -18.962913
  3.717976 163.654828 -21.843395
  6.894795 218.825156 -18.612098
 -0.167631  99.406807 -11.816600
 10.776482 142.409654  -2.056010
  4.443551 169.206500 -21.221385
  5.170449 174.993086 -19.814298
  2.975222 158.799467 -21.723127
  5.964023 181.021126 -17.718355
  1.570512 151.621751 -21.139184
  9.307410 204.449253  -5.169469
  7.740821 193.893431 -11.674187
  2.261426 154.872612 -21.487077
  8.701034 200.318751  -6.558934
  0.841965 124.933280 -16.990209
  0.525686 174.470754 -23.151869
  3.931433 166.195473 -20.039656
  4.658523 171.721823 -18.886547
 -0.107310  49.832851  -6.202436
 10.069597  69.869715  -0.803422
  3.185310 161.134562 -20.402041
  5.391266 177.423984 -17.132424
  8.090136 195.979765  -7.787170
  2.448639 156.705630 -20.442882
  6.170225 183.380863 -14.845461
  1.750546 153.250558 -20.444872
  1.032314 150.763164 -20.286296
  6.984701 189.287746 -11.686268
  3.387172 163.391666 -18.847660
  4.097932 168.656263 -17.952067
  4.814798 174.092160 -16.456303
  2.657312 158.715407 -19.187710
 -0.043582  74.831658  -9.700821
  9.379087 102.759051  -1.349015
  5.576039 179.640822 -14.353375
  1.930352 154.813783 -19.421101
  6.373960 185.220276 -11.655754
  0.551428 150.196000 -19.847047
  8.217257 164.393541  -3.408722
  1.266416 151.956856 -19.670520
  3.590904 165.728783 -16.957108
  7.184752 191.368915  -8.022191
  4.301901 170.973529 -15.656327
  2.856954 160.835675 -17.665651
  5.022281 176.295938 -13.885322
  7.603490 193.488254  -4.337423
  2.135461 156.525485 -18.220669
  0.021748  74.976951  -9.856930
  8.704442 133.739083  -2.189180
  5.773318 181.651542 -11.503809
  1.430496 153.228562 -18.763611
  6.572281 186.857758  -8.144592
  3.050742 162.933136 -15.960172
  3.746344 168.012612 -14.847574
  4.451618 173.173954 -13.313650
  2.332099 158.358217 -16.732820
  0.615992 175.872797 -22.431599
  5.187101 178.305231 -11.261504
  1.640904 154.563969 -17.567371
  5.968443 183.472142  -8.534936
  0.087169  75.123699  -9.756460
  8.041838  98.143273  -1.337584
  0.973420 151.683249 -18.303196
  3.245219 165.135009 -13.979375
  3.939791 170.194445 -12.593862
  2.523219 160.313322 -14.985171
  1.854181 156.074646 -16.097693
  4.646877 175.201122 -10.872594
  6.829322 220.421079  -4.701790
  5.375476 180.077398  -8.522066
  1.130276 152.739649 -17.165715
  6.152817 184.787546  -5.003448
  0.151468  50.136671  -6.286217
  7.394521  95.931094  -1.230944
  2.709553 162.305251 -13.117771
  3.389272 167.317456 -11.848368
  4.081896 172.280382 -10.355240
  2.002012 157.710412 -14.318840
  4.796640 177.012499  -8.429107
  1.340466 153.901451 -15.730025
  5.557049 181.693005  -5.629284
  0.644450 126.035555 -14.221778
  2.895256 164.452745 -11.036325
  3.572538 169.437162  -9.651142
  2.185354 159.543580 -12.357183
  0.212894 100.530075 -11.999250
  6.759349  62.858916  -0.701249
  1.503621 155.134016 -13.936254
  4.266095 174.178921  -8.084351
  0.843520 151.815028 -15.774490
  4.976060 178.572398  -5.828035
  5.702430 152.219288  -2.388343
  2.364434 161.514485 -10.263537
  3.026941 166.627118  -8.885412
  1.683776 156.715364 -11.970763
  3.706444 171.473254  -7.554966
  0.270720  75.453506  -8.260376
  6.137343 123.503568  -1.599780
  4.403942 175.844650  -5.835747
  0.923969 152.496551 -14.003100
  5.215689 180.129662  -2.962182
  2.541927 163.726103  -8.034959
  1.843150 158.511796  -9.683763
  3.200229 168.781445  -6.778576
  3.880648 173.281884  -5.503766
  1.106128 153.650727 -11.856250
  4.604542 177.311041  -3.312161
  0.322726  75.614251  -7.340027
  5.524395  90.958613  -0.873050
  2.016292 160.621663  -7.261740
  2.659232 166.028060  -5.867257
  1.333051 155.359646  -9.446487
  3.325716 170.848191  -4.907691
  4.008435 174.805542  -3.510953
  2.186215 163.023827  -4.838946
  4.923196 119.007374  -0.996658
  0.367716 101.052570  -8.079034
  1.500541 157.267074  -6.661933
  2.822592 168.360287  -3.920892
  3.491055 172.606844  -3.193116
  0.833660 152.405312  -9.532919
  4.171162 176.013762  -1.604037
  1.666027 159.622983  -3.943440
  2.285513 165.666439  -2.650755
  0.994674 153.691168  -6.487113
  2.939742 170.550694  -2.404435
  0.405347  50.448767  -3.246631
  4.330689  58.894885  -0.300693
  3.610747 173.849743  -1.595691
  1.829141 162.407120  -1.228676
  1.156419 155.526486  -3.231981
  2.438808 168.417867  -1.021759
  3.058521 172.300951  -1.144034
  0.432649  75.947371  -3.532233
  3.745299  87.394755  -0.483674
  1.314948 158.328764   0.063273
  1.904209 165.851598   1.066027
  2.548118 170.882782  -0.205338
  1.471230 162.016994   3.449953
  3.166102  86.603589  -0.315955
  0.448115 101.715748  -1.873078
  2.047155 169.467584   1.877391
  0.796802 153.859388   1.454226
  0.963766 130.542131   4.115911
  1.511322 167.042671   5.856965
  2.150241 143.281405   1.059545
  0.451293  50.669952   0.663713
  2.590230 115.014722   0.136729
  1.644815 172.258251   4.033789
  0.939968 186.173137  12.810854
  0.434840 102.557534   4.793231
  2.012458  86.952874   1.190686
  1.099397 171.405660  12.355482
  0.729711 135.024697  18.482101
  0.393435  78.270309   9.774567
  1.424270 119.611954   5.372358
  0.646791 188.880265  33.450330
  0.808895  71.213546   8.020547
  0.298622  85.242404  23.998689
 -0.000001  72.100027  21.072762
